rpt id 46
F = [43, 18, 65, 9, 50, 9, 31, 105, 8, 68, 49, 35, 28, 91, 3, 195, 153, 73, 129, 42, 72, 77, 76, 46, 138, 56, 66, 167, 37, 57]
F2 = [0, 0, 0, 0, 0, 0, 0, 0, 0, 0, 0, 0, 0, 0, 0, 0, 0, 0, 0, 0, 0, 0, 0, 0, 0, 0, 0, 0, 0, 0]
T = [414200, 99400, 306200, 78600, 191100, 59300, 146400, 432300, 45900, 269300, 174400, 128100, 175900, 368200, 44800, 1201400, 507500, 255800, 485000, 147300, 252500, 269600, 263100, 164300, 466100, 201600, 234100, 569400, 263700, 377800]
T2 = [3502600, 3678500, 3069600, 2924900, 2798500, 2946300, 2860300, 3670300, 2932900, 2979800, 3368400, 3213900, 3774500, 3072300, 2881800, 2827500, 2820900, 3023300, 2786100, 2864200, 2763500, 2801200, 2838400, 2852600, 2879400, 2780300, 2767300, 3470200, 3027200, 3252800]

drt id 33
F = [30, 80, 169, 4, 12, 80, 7, 69, 3, 231, 35, 61, 84, 80, 96, 3, 186, 7, 2, 27, 60, 70, 56, 14, 67, 25, 64, 88, 24, 20]
F2 = [0, 0, 0, 0, 0, 0, 0, 0, 0, 0, 0, 0, 0, 0, 0, 0, 0, 0, 0, 0, 0, 0, 0, 0, 0, 0, 0, 0, 0, 0]
T = [149100, 248900, 421400, 35300, 35300, 188600, 23200, 101200, 17100, 782400, 425300, 163000, 192900, 428800, 275000, 33100, 428500, 39300, 15600, 109900, 162800, 703100, 471200, 45700, 333400, 49200, 282700, 484200, 102200, 49400]
T2 = [2927600, 2261800, 2596900, 1899100, 1484200, 1536200, 1059300, 1716300, 1567600, 2666100, 2123500, 1597300, 2729200, 4229500, 2249200, 2461000, 1175900, 1185200, 1837900, 2597400, 3910700, 1756100, 3723500, 7452300, 1301700, 1968400, 1435600, 2639100, 2652400, 1166800]

mapt id 25
F = [14, 2, 20, 24, 113, 124, 28, 60, 194, 15, 22, 1, 63, 37, 14, 12, 55, 26, 34, 42, 46, 75, 211, 83, 56, 10, 22, 12, 23, 166]
F2 = [0, 0, 0, 0, 0, 0, 0, 0, 0, 0, 0, 0, 0, 0, 0, 0, 0, 0, 0, 0, 0, 0, 0, 0, 0, 0, 0, 0, 0, 0]
T = [102900, 26500, 132400, 111300, 392800, 460200, 113500, 304400, 907900, 65500, 86400, 16500, 315700, 134600, 63600, 66900, 196600, 96900, 135400, 159100, 163800, 325000, 682800, 295500, 195300, 47400, 91200, 63600, 110500, 563200]
T2 = [4132800, 4323100, 3483100, 2883500, 3088100, 3238000, 2938600, 3192600, 2789100, 2851100, 2932000, 2906500, 2836800, 3091600, 2857800, 2895400, 2825400, 3004000, 2880400, 2858700, 2861900, 2846000, 2919000, 2821800, 2859800, 2868700, 2997000, 2890300, 3170500, 2813100]

rapt id 45
F = [67, 17, 36, 110, 67, 15, 77, 35, 18, 40, 7, 5, 25, 54, 162, 20, 9, 64, 7, 21, 36, 167, 53, 5, 75, 7, 121, 20, 33, 114]
F2 = [0, 0, 0, 0, 0, 0, 0, 0, 0, 0, 0, 0, 0, 0, 0, 0, 0, 0, 0, 0, 0, 0, 0, 0, 0, 0, 0, 0, 0, 0]
T = [232100, 167200, 129200, 435500, 353800, 78000, 267700, 142800, 78900, 182900, 37300, 38000, 101300, 300600, 581500, 78000, 50400, 248700, 46400, 76400, 128100, 545100, 187600, 25000, 267700, 41500, 462100, 77100, 117500, 399300]
T2 = [2684900, 2984000, 3283100, 2927200, 2874800, 2813100, 3114200, 2856200, 2791400, 2744500, 2905100, 2731800, 3400300, 3144900, 2769900, 2904800, 2693500, 3164300, 2800800, 2906200, 2940400, 2656900, 2832900, 2808100, 2834900, 2826300, 2710000, 2895900, 4239900, 3147600]

rlaptq id 9
F = [13, 55, 5, 93, 18, 45, 1, 3, 50, 96, 19, 23, 59, 8, 15, 24, 27, 48, 19, 1, 154, 28, 41, 12, 56, 51, 11, 13, 58, 13]
F2 = [0, 0, 0, 0, 0, 0, 0, 0, 0, 0, 0, 0, 0, 0, 0, 0, 0, 0, 0, 0, 0, 0, 0, 0, 0, 0, 0, 0, 0, 0]
T = [79200, 246400, 25700, 563000, 108500, 289100, 20200, 35300, 253300, 156100, 47800, 131200, 244700, 49500, 67600, 116600, 51400, 79800, 50300, 13200, 339000, 52200, 86900, 51600, 85400, 81800, 32100, 42400, 246700, 43800]
T2 = [1544900, 1395500, 1237900, 1768000, 1520400, 1485600, 1403700, 2674700, 2253400, 1163100, 1164500, 1665900, 1605100, 1647200, 1560200, 1593800, 1198600, 1259100, 1336500, 1387600, 1483400, 1096200, 1321400, 1649000, 1020900, 1084300, 1520400, 1713100, 1457300, 2565700]

rlapts id 4
F = [48, 57, 61, 11, 2, 13, 4, 25, 11, 42, 56, 6, 52, 17, 21, 11, 19, 16, 7, 68, 69, 63, 8, 40, 16, 28, 12, 9, 46, 18]
F2 = [0, 0, 0, 0, 0, 0, 0, 0, 0, 0, 0, 0, 0, 0, 0, 0, 0, 0, 0, 0, 0, 0, 0, 0, 0, 0, 0, 0, 0, 0]
T = [180800, 196900, 206100, 50500, 61600, 60400, 30900, 100300, 45000, 163600, 190100, 40700, 408300, 85700, 71700, 63200, 104600, 84200, 96100, 269200, 255600, 322900, 38200, 152600, 65700, 114200, 50300, 46000, 198300, 95900]
T2 = [2788400, 2648900, 2685400, 2644900, 2889500, 2663700, 2664900, 2638400, 2696000, 2677500, 2678800, 2789700, 3390300, 2197100, 2172400, 3425900, 3588600, 3356200, 3455500, 2763400, 2634000, 2979600, 2650800, 2656400, 2668500, 2731500, 2667600, 2849200, 2913500, 3286700]
