id 0
F = [18, 230, 65, 38, 106, 28, 23, 26, 20, 14, 73, 65, 52, 79, 62, 22, 41, 33, 15, 90, 154, 81, 13, 14, 66, 42, 12, 63, 25, 62]
F2 = [0, 0, 0, 0, 0, 0, 0, 0, 0, 0, 0, 0, 0, 0, 0, 0, 0, 0, 0, 0, 0, 0, 0, 0, 0, 0, 0, 0, 0, 0]
T = [9496600, 17950100, 2041300, 884500, 2435000, 1228000, 915500, 1449600, 663000, 419700, 1346300, 773400, 2225900, 1024100, 573100, 264000, 462600, 595400, 185500, 1072800, 1750500, 1221300, 266200, 128300, 1169700, 451700, 189900, 420100, 168300, 787000]
T2 = [9738900, 3544400, 1618500, 1759700, 4126100, 2738300, 4463600, 3738400, 3464500, 2986300, 3754700, 1555500, 3358400, 1774700, 3310700, 2533700, 3754600, 3630400, 3474000, 3682500, 3006300, 3564000, 1863900, 1705800, 2158500, 2849200, 2977600, 1466600, 2166500, 1595600]

id 1
F = [123, 143, 100, 47, 39, 27, 67, 73, 28, 104, 15, 58, 106, 23, 142, 127, 141, 42, 45, 160, 170, 42, 129, 38, 51, 41, 42, 81, 76, 85]
F2 = [0, 0, 0, 0, 0, 0, 0, 0, 0, 0, 0, 0, 0, 0, 0, 0, 0, 0, 0, 0, 0, 0, 0, 0, 0, 0, 0, 0, 0, 0]
T = [1682700, 2599500, 828500, 336200, 782200, 188300, 2260500, 1510600, 650100, 1597600, 276800, 1201600, 1305500, 1687200, 2014400, 1197900, 1432500, 343600, 624500, 1436000, 2329700, 631000, 1091500, 636000, 491200, 499000, 657500, 630500, 631900, 1453800]
T2 = [4527500, 2069600, 2044400, 1902800, 2318700, 2715900, 5042500, 2681900, 3536200, 4688900, 5891300, 5620600, 5611400, 3881400, 2793500, 4494400, 4062600, 3747100, 4643900, 2062200, 4333200, 3191200, 3302600, 4110700, 4808700, 4828700, 3224900, 2486300, 5082600, 5205100]

id 2
F = [18, 45, 251, 17, 67, 19, 7, 97, 79, 13, 42, 37, 13, 63, 77, 8, 80, 112, 42, 37, 49, 39, 111, 102, 23, 41, 11, 12, 69, 27]
F2 = [0, 0, 0, 0, 0, 0, 0, 0, 0, 0, 0, 0, 0, 0, 0, 0, 0, 0, 0, 0, 0, 0, 0, 0, 0, 0, 0, 0, 0, 0]
T = [326200, 306600, 3039600, 239100, 569700, 180600, 145800, 1045800, 1099600, 131900, 719500, 399200, 84000, 432000, 593300, 45200, 331800, 356700, 301700, 146600, 215200, 177800, 528300, 557900, 89300, 196700, 50700, 52000, 299400, 129200]
T2 = [3969900, 5074300, 5001100, 5204300, 3750800, 4705200, 6273400, 5620900, 5677500, 5636300, 4711500, 4904100, 3032400, 4587800, 2434100, 2133400, 2291400, 2040000, 2545400, 1730200, 1777800, 1674200, 2572300, 2263200, 1713100, 1752600, 1806300, 1780400, 3607600, 1776200]

id 3
F = [94, 74, 71, 120, 51, 82, 84, 52, 1, 42, 38, 29, 39, 283, 49, 36, 49, 40, 1, 21, 25, 138, 19, 44, 18, 20, 8, 118, 3, 56]
F2 = [0, 0, 0, 0, 0, 0, 0, 0, 0, 0, 0, 0, 0, 0, 0, 0, 0, 0, 0, 0, 0, 0, 0, 0, 0, 0, 0, 0, 0, 0]
T = [499100, 711800, 234300, 488700, 320900, 255100, 344600, 192600, 48300, 153800, 133300, 109900, 140000, 1951500, 219100, 209800, 540600, 245200, 27700, 146600, 134300, 1202900, 125100, 475500, 194100, 65700, 37200, 482500, 88100, 165300]
T2 = [2156100, 2894000, 2317500, 2563000, 2149200, 2010900, 1815700, 4169800, 3834100, 1659300, 2006400, 1670400, 1819900, 2681600, 2839000, 5125200, 4927800, 5127300, 3224400, 5045700, 4436500, 3392800, 3285200, 2381600, 3243100, 2986700, 2255300, 5699800, 4570500, 3701500]

id 4
F = [30, 6, 125, 60, 9, 27, 138, 172, 5, 30, 32, 72, 28, 117, 91, 40, 32, 62, 43, 38, 78, 25, 4, 24, 25, 73, 42, 116, 1, 11]
F2 = [0, 0, 0, 0, 0, 0, 0, 0, 0, 0, 0, 0, 0, 0, 0, 0, 0, 0, 0, 0, 0, 0, 0, 0, 0, 0, 0, 0, 0, 0]
T = [285400, 50400, 514600, 250800, 61600, 117700, 831200, 598400, 38500, 95900, 154900, 353500, 144600, 296900, 528600, 146200, 210400, 171500, 1122100, 157500, 319000, 247500, 33500, 108400, 111900, 206400, 313600, 1256200, 18400, 173600]
T2 = [3942000, 3945100, 4056000, 5039500, 4283800, 3070400, 2536500, 2906700, 3038900, 2959900, 2550100, 3263000, 1832600, 2882800, 4081500, 4255300, 9427200, 2135100, 17603200, 3615200, 10339100, 24754500, 22141900, 2573400, 4436600, 3902900, 3953800, 3717400, 3389100, 2821700]

id 5
F = [45, 75, 37, 15, 115, 26, 12, 14, 4, 26, 31, 49, 41, 18, 21, 17, 30, 87, 4, 184, 25, 1, 28, 55, 130, 37, 246, 40, 10, 67]
F2 = [0, 0, 0, 0, 0, 0, 0, 0, 0, 0, 0, 0, 0, 0, 0, 0, 0, 0, 0, 0, 0, 0, 0, 0, 0, 0, 0, 0, 0, 0]
T = [183100, 308400, 147300, 102600, 963000, 261000, 74700, 102100, 43700, 277200, 122300, 221500, 267200, 116700, 108600, 93700, 153100, 474700, 38700, 820600, 152400, 24400, 138400, 187000, 790900, 219200, 1335000, 167900, 39500, 183800]
T2 = [3484900, 3950100, 3617700, 3510500, 4161400, 4520500, 4053600, 3263100, 3924000, 2801200, 2921300, 3646000, 2674400, 4340700, 3398800, 2952200, 3298100, 2503000, 3424000, 3821700, 3552400, 3186300, 3168400, 2894700, 2277000, 3517600, 2621200, 2419000, 1856900, 2318500]

id 6
F = [55, 346, 113, 12, 19, 36, 31, 22, 53, 98, 79, 105, 46, 8, 41, 3, 11, 56, 12, 27, 57, 36, 25, 180, 10, 111, 19, 40, 30, 17]
F2 = [0, 0, 0, 0, 0, 0, 0, 0, 0, 0, 0, 0, 0, 0, 0, 0, 0, 0, 0, 0, 0, 0, 0, 0, 0, 0, 0, 0, 0, 0]
T = [389200, 1239900, 549200, 50800, 70900, 201000, 120700, 95200, 161700, 332000, 226000, 336900, 235800, 47500, 147700, 47400, 48100, 219700, 57700, 169700, 247100, 173000, 200900, 492400, 49100, 397500, 70600, 137500, 128100, 66400]
T2 = [2672600, 2664500, 2744900, 2371600, 2467200, 1906200, 2145300, 3133200, 2513100, 1765200, 1677400, 2836800, 2456300, 2363000, 2654400, 2599300, 2718800, 2791700, 2582500, 2400200, 1905400, 3048500, 3441000, 2798500, 2256600, 1899100, 2213400, 2389300, 2558300, 2632500]

id 7
F = [89, 71, 25, 186, 12, 147, 14, 89, 42, 4, 43, 138, 1, 39, 27, 167, 55, 61, 38, 25, 51, 79, 20, 28, 179, 172, 43, 69, 78, 109]
F2 = [0, 0, 0, 0, 0, 0, 0, 0, 0, 0, 0, 0, 0, 0, 0, 0, 0, 0, 0, 0, 0, 0, 0, 0, 0, 0, 0, 0, 0, 0]
T = [380000, 213700, 86500, 246800, 44900, 385800, 53700, 167000, 75400, 41200, 149900, 315100, 40000, 147300, 122800, 240200, 110300, 112200, 73800, 57300, 136400, 160200, 76200, 64100, 258100, 280400, 129200, 165600, 162300, 329000]
T2 = [1857200, 1994400, 1528500, 1186500, 1864100, 1832500, 1910900, 1159800, 1704800, 1942900, 1661800, 2104400, 2000200, 2040800, 1227500, 1721100, 1178200, 1173800, 1272400, 1175000, 1201100, 1277200, 1238300, 1299700, 1185800, 2547700, 1597700, 1567900, 1869600, 1396000]

id 8
F = [23, 1, 63, 13, 25, 204, 89, 46, 73, 26, 26, 66, 8, 166, 112, 50, 80, 102, 48, 259, 50, 67, 9, 10, 27, 6, 43, 32, 56, 87]
F2 = [0, 0, 0, 0, 0, 0, 0, 0, 0, 0, 0, 0, 0, 0, 0, 0, 0, 0, 0, 0, 0, 0, 0, 0, 0, 0, 0, 0, 0, 0]
T = [78800, 34600, 131900, 43900, 62800, 260600, 165100, 75000, 122900, 68300, 60400, 101400, 16600, 608900, 359400, 126700, 135800, 161900, 110500, 432700, 205800, 120700, 28100, 42800, 50800, 19500, 68100, 47800, 159200, 132300]
T2 = [1304100, 1348200, 1210800, 1374400, 1183300, 1164400, 1144600, 1186400, 1167500, 1204400, 1188900, 1187500, 1177600, 1935500, 1963200, 1191200, 1180300, 1353000, 1509000, 1864500, 1499000, 1359800, 1218500, 1278200, 1181600, 1184600, 1194900, 1328100, 1381400, 1153500]

id 9
F = [21, 98, 19, 69, 13, 65, 4, 53, 33, 28, 17, 68, 84, 56, 102, 10, 32, 29, 1, 71, 64, 114, 185, 30, 86, 201, 9, 66, 29, 13]
F2 = [0, 0, 0, 0, 0, 0, 0, 0, 0, 0, 0, 0, 0, 0, 0, 0, 0, 0, 0, 0, 0, 0, 0, 0, 0, 0, 0, 0, 0, 0]
T = [82000, 133900, 92600, 130300, 37800, 105200, 20700, 91700, 58300, 46600, 33300, 120100, 118200, 519300, 228800, 108300, 149000, 105500, 16400, 167400, 407900, 455700, 502300, 133700, 184100, 499200, 46100, 235900, 125600, 90800]
T2 = [1212000, 1200400, 1320000, 1240100, 1204400, 1258600, 1391000, 1172200, 1173000, 1198300, 1205700, 1154500, 2200400, 3618200, 2937300, 2100600, 2543300, 1361700, 1517000, 3417300, 3052400, 1676000, 2400000, 1732600, 1609700, 3718200, 3191100, 3180500, 3008400, 1212900]

id 10
F = [94, 6, 210, 29, 41, 41, 27, 149, 142, 157, 94, 122, 19, 46, 26, 32, 57, 63, 2, 39, 52, 44, 62, 77, 46, 95, 26, 108, 201, 131]
F2 = [0, 0, 0, 0, 0, 0, 0, 0, 0, 0, 0, 0, 0, 0, 0, 0, 0, 0, 0, 0, 0, 0, 0, 0, 0, 0, 0, 0, 0, 0]
T = [260500, 47700, 650900, 190600, 158300, 216300, 151200, 693700, 555700, 530600, 523300, 655700, 210200, 270800, 106100, 192900, 203000, 242600, 36700, 156700, 194400, 331600, 334000, 776000, 429100, 787800, 119300, 466200, 673400, 450000]
T2 = [1216300, 2963300, 2985600, 3760300, 3668200, 3551300, 3951800, 3355900, 3185400, 3585200, 3885900, 3353200, 4679800, 3534500, 3499700, 3130800, 4861200, 3676600, 3564200, 3101200, 3653300, 4153800, 4290200, 5424900, 3430900, 4152400, 3224400, 3084900, 3227700, 3125400]

id 11
F = [36, 10, 59, 25, 58, 41, 82, 57, 21, 101, 276, 45, 8, 50, 29, 13, 13, 139, 2, 20, 18, 46, 37, 21, 116, 11, 56, 32, 79, 27]
F2 = [0, 0, 0, 0, 0, 0, 0, 0, 0, 0, 0, 0, 0, 0, 0, 0, 0, 0, 0, 0, 0, 0, 0, 0, 0, 0, 0, 0, 0, 0]
T = [362300, 76900, 454300, 148300, 227600, 226200, 474700, 296300, 136600, 594300, 1495400, 258700, 96000, 190100, 259000, 128700, 66300, 506300, 28000, 191100, 85500, 234800, 312800, 114100, 760200, 70800, 391700, 119000, 301800, 112000]
T2 = [5676100, 4212400, 4555300, 4255900, 3309000, 4173000, 4626500, 4361800, 4223700, 3854900, 3934600, 4137500, 3851900, 4573000, 4400600, 4373600, 3385300, 3197000, 5041600, 4896800, 3594200, 3856900, 3922500, 4223600, 4251000, 4568200, 2809400, 2813200, 3350900, 3300200]

id 12
F = [90, 14, 26, 38, 71, 18, 13, 101, 53, 152, 15, 7, 26, 43, 21, 46, 111, 131, 32, 115, 22, 35, 83, 73, 14, 20, 14, 3, 12, 24]
F2 = [0, 0, 0, 0, 0, 0, 0, 0, 0, 0, 0, 0, 0, 0, 0, 0, 0, 0, 0, 0, 0, 0, 0, 0, 0, 0, 0, 0, 0, 0]
T = [674400, 74900, 138000, 5073800, 326100, 106700, 106500, 378900, 170400, 425300, 64100, 35100, 88400, 296200, 120700, 215700, 435200, 363500, 113100, 1014600, 95300, 215200, 358300, 546200, 93300, 112300, 81100, 38000, 70400, 116300]
T2 = [3863600, 4096900, 3983400, 4295100, 3808200, 3844800, 3131700, 2532900, 2604900, 2713000, 2604500, 2869400, 6162700, 4260700, 3050200, 3021700, 2806400, 2544700, 3644800, 4062300, 2663700, 3885600, 4365200, 4373100, 4002600, 3928200, 4229600, 3980400, 3242300, 3540200]

id 13
F = [103, 188, 4, 40, 42, 165, 52, 11, 208, 15, 6, 40, 86, 97, 10, 26, 16, 34, 3, 254, 7, 22, 21, 47, 30, 19, 70, 13, 60, 7]
F2 = [0, 0, 0, 0, 0, 0, 0, 0, 0, 0, 0, 0, 0, 0, 0, 0, 0, 0, 0, 0, 0, 0, 0, 0, 0, 0, 0, 0, 0, 0]
T = [1254200, 609800, 40400, 201800, 206800, 825500, 183400, 86700, 912800, 148800, 53400, 200900, 138200, 451300, 58300, 59500, 36800, 55100, 31300, 1045800, 48500, 124800, 80500, 213100, 156800, 91600, 548100, 43400, 129500, 40000]
T2 = [3566900, 3271900, 4904600, 4405400, 3136000, 4203600, 3791600, 4000200, 2713600, 4883100, 1285000, 2031400, 1639000, 3160200, 2299200, 1193100, 1182900, 1276600, 2718100, 3918400, 3676000, 3438100, 3054600, 2989400, 3983800, 2961500, 3427300, 2016300, 2569300, 2965100]

id 14
F = [13, 4, 113, 20, 18, 26, 50, 65, 106, 109, 60, 25, 26, 14, 56, 117, 8, 13, 43, 38, 25, 4, 13, 32, 30, 35, 16, 163, 132, 281]
F2 = [0, 0, 0, 0, 0, 0, 0, 0, 0, 0, 0, 0, 0, 0, 0, 0, 0, 0, 0, 0, 0, 0, 0, 0, 0, 0, 0, 0, 0, 0]
T = [114200, 57800, 530900, 79500, 57900, 158100, 264600, 315000, 1133900, 563500, 162300, 140900, 102700, 181300, 125500, 248100, 42300, 43600, 208700, 71300, 53400, 37900, 74100, 94500, 70700, 85500, 54700, 767000, 204900, 524000]
T2 = [2114500, 3653100, 4477100, 2408100, 2773800, 2968400, 3220500, 2844000, 3381000, 2934500, 2247000, 2478600, 3270600, 1601400, 1570300, 2477900, 1839800, 2804500, 3196100, 5179800, 2326200, 2759600, 2984500, 1672600, 1933600, 1755200, 1793000, 2997100, 1300500, 2529700]

id 15
F = [86, 85, 54, 36, 14, 27, 10, 32, 7, 22, 85, 29, 66, 20, 112, 70, 6, 4, 2, 118, 42, 228, 31, 219, 9, 80, 57, 350, 234, 25]
F2 = [0, 0, 0, 0, 0, 0, 0, 0, 0, 0, 0, 0, 0, 0, 0, 0, 0, 0, 0, 0, 0, 0, 0, 0, 0, 0, 0, 0, 0, 0]
T = [278400, 435000, 536200, 200000, 64900, 160700, 57900, 138700, 35900, 105500, 252000, 98500, 157800, 61700, 1896000, 377800, 2681800, 39400, 68900, 273100, 126800, 533300, 86400, 625500, 38000, 216300, 152200, 820100, 530300, 122300]
T2 = [16875000, 2535900, 5101600, 4218000, 4557300, 5875500, 6106700, 1630800, 3224200, 1641000, 1662600, 1430400, 1677300, 1791600, 5051800, 3272200, 4441600, 2545000, 2235400, 1795300, 1956500, 1953800, 1853500, 2819900, 2444900, 1869700, 2563600, 1604500, 1538800, 2226600]

id 16
F = [114, 159, 17, 21, 67, 10, 10, 113, 25, 15, 103, 329, 66, 133, 74, 146, 20, 51, 112, 140, 1, 21, 105, 52, 40, 34, 136, 78, 71, 50]
F2 = [0, 0, 0, 0, 0, 0, 0, 0, 0, 0, 0, 0, 0, 0, 0, 0, 0, 0, 0, 0, 0, 0, 0, 0, 0, 0, 0, 0, 0, 0]
T = [342900, 481300, 139900, 56200, 688400, 51900, 91100, 276200, 116300, 54300, 261400, 849300, 115300, 271900, 126200, 357900, 43200, 123000, 277300, 296200, 20600, 75800, 194500, 123300, 274900, 80700, 366700, 2220500, 211900, 89600]
T2 = [1438900, 2107700, 1812300, 1456100, 2044600, 3002900, 2403700, 1665900, 2797000, 1873000, 2151400, 1841300, 1335800, 1699100, 1930200, 1637500, 1617200, 1727000, 2240000, 2710500, 2487100, 2261100, 2337700, 2967400, 1538400, 2348200, 1717800, 1307800, 1361600, 1247600]

id 17
F = [104, 109, 6, 40, 97, 77, 72, 3, 89, 50, 259, 14, 4, 81, 6, 21, 35, 107, 166, 7, 14, 104, 2, 41, 54, 45, 47, 45, 70, 84]
F2 = [0, 0, 0, 0, 0, 0, 0, 0, 0, 0, 0, 0, 0, 0, 0, 0, 0, 0, 0, 0, 0, 0, 0, 0, 0, 0, 0, 0, 0, 0]
T = [587900, 247100, 21100, 75600, 260500, 191000, 219300, 18700, 177200, 112800, 517300, 72400, 25600, 304500, 30200, 63400, 88900, 239700, 232900, 32800, 36000, 161100, 17600, 191100, 96700, 161600, 112700, 122600, 202300, 434600]
T2 = [1843500, 1594600, 1354300, 1400900, 1588800, 2224400, 1590300, 2553000, 2351100, 2446700, 1733400, 1162200, 1834100, 2100600, 2347800, 2844500, 1949800, 1939800, 1159300, 1398100, 1232600, 1246800, 1755000, 2141300, 1787600, 1786900, 1710900, 2071000, 2587800, 1767600]

id 18
F = [37, 5, 42, 146, 67, 2, 91, 31, 62, 14, 21, 11, 30, 93, 24, 83, 34, 327, 180, 93, 51, 161, 215, 7, 86, 3, 12, 446, 15, 87]
F2 = [0, 0, 0, 0, 0, 0, 0, 0, 0, 0, 0, 0, 0, 0, 0, 0, 0, 0, 0, 0, 0, 0, 0, 0, 0, 0, 0, 0, 0, 0]
T = [166500, 28500, 194000, 235300, 121800, 25300, 224700, 101000, 294600, 58100, 67200, 39400, 89300, 188000, 66900, 274100, 102300, 683600, 522200, 156300, 94900, 263900, 321500, 28300, 144200, 19100, 33800, 1132800, 32900, 147800]
T2 = [2087000, 2071300, 1708400, 1274700, 1679500, 2996400, 3664800, 4297400, 3387400, 1578100, 2263300, 1613600, 1465900, 1377200, 1842700, 1533100, 1527200, 2460600, 2105600, 1245500, 1233000, 1310200, 1720500, 1257100, 1345800, 1299900, 1268400, 1293400, 1232000, 1796500]

id 19
F = [10, 33, 54, 39, 106, 111, 37, 9, 289, 144, 45, 111, 54, 5, 98, 83, 7, 144, 53, 82, 22, 128, 130, 1, 14, 36, 20, 2, 5, 53]
F2 = [0, 0, 0, 0, 0, 0, 0, 0, 0, 0, 0, 0, 0, 0, 0, 0, 0, 0, 0, 0, 0, 0, 0, 0, 0, 0, 0, 0, 0, 0]
T = [33100, 121900, 127100, 81300, 454700, 185100, 61500, 32400, 489800, 200500, 96400, 249000, 95400, 17400, 235800, 123800, 30100, 428900, 182900, 297400, 91500, 194400, 187900, 14300, 49700, 133000, 38900, 19500, 64200, 201500]
T2 = [1114400, 2103600, 1957100, 2094600, 1284900, 1394600, 1136700, 2201200, 1185800, 1122700, 1517200, 1421400, 1141500, 1391800, 1183500, 1188600, 1150300, 1833500, 1961400, 1479700, 1290000, 1132900, 1546900, 1897700, 2165400, 1748400, 1361000, 1692800, 2017800, 1793900]

id 20
F = [27, 57, 6, 42, 26, 31, 49, 29, 33, 3, 145, 39, 28, 48, 79, 58, 14, 104, 36, 61, 47, 47, 21, 57, 87, 7, 115, 58, 71, 17]
F2 = [0, 0, 0, 0, 0, 0, 0, 0, 0, 0, 0, 0, 0, 0, 0, 0, 0, 0, 0, 0, 0, 0, 0, 0, 0, 0, 0, 0, 0, 0]
T = [81700, 92300, 18800, 80900, 57700, 52300, 83700, 53200, 59800, 48900, 324800, 81600, 85000, 114900, 183500, 231500, 73000, 406900, 121100, 202900, 137100, 126700, 56300, 146200, 267500, 34600, 298900, 98900, 150100, 49300]
T2 = [1234000, 1232400, 1250400, 1362900, 1238700, 1210700, 1348200, 1239600, 1289700, 1825000, 1280900, 1768100, 1665000, 1679400, 1703500, 2363200, 2449400, 2561400, 2773800, 1651000, 1866900, 2056900, 1792100, 2214900, 2307400, 1760900, 1588500, 1273200, 1241700, 1763400]

id 21
F = [209, 17, 8, 39, 55, 39, 25, 31, 88, 88, 45, 68, 40, 62, 127, 3, 23, 48, 42, 29, 191, 3, 161, 35, 1, 22, 238, 3, 57, 3]
F2 = [0, 0, 0, 0, 0, 0, 0, 0, 0, 0, 0, 0, 0, 0, 0, 0, 0, 0, 0, 0, 0, 0, 0, 0, 0, 0, 0, 0, 0, 0]
T = [264600, 30500, 30700, 68100, 126300, 92200, 46700, 74600, 116100, 306100, 92600, 171100, 86000, 261000, 386000, 18800, 93200, 69300, 77600, 48600, 275200, 19700, 301700, 70100, 10600, 55700, 410900, 14000, 137800, 29700]
T2 = [1088600, 1132000, 1165800, 1799300, 1406400, 1634500, 1185000, 1156300, 1123500, 1735300, 1669800, 1641300, 1626300, 1837000, 1753200, 1814500, 1443200, 1858300, 1141700, 1149700, 1152400, 1260600, 1379600, 1153700, 1292400, 1450300, 1362600, 1367900, 1556100, 1518300]

id 22
F = [62, 2, 8, 22, 8, 8, 26, 8, 50, 55, 5, 1, 2, 11, 19, 24, 70, 230, 64, 1, 85, 3, 23, 17, 104, 344, 46, 221, 114, 8]
F2 = [0, 0, 0, 0, 0, 0, 0, 0, 0, 0, 0, 0, 0, 0, 0, 0, 0, 0, 0, 0, 0, 0, 0, 0, 0, 0, 0, 0, 0, 0]
T = [582200, 17700, 57900, 76300, 30100, 48800, 62900, 29600, 86300, 119200, 22700, 28400, 41300, 58200, 99500, 81100, 190600, 524900, 189100, 17700, 179500, 18200, 82900, 56800, 157500, 590800, 97900, 338600, 360400, 38300]
T2 = [2182200, 1873300, 1622000, 1312800, 1229000, 1368400, 1382900, 1230300, 1266500, 1287900, 1798500, 2661300, 2434800, 1933000, 1860900, 2150800, 1730600, 1951800, 1548900, 1792600, 1588600, 1964900, 1726000, 1465500, 1495700, 1352100, 1255700, 1212600, 1861000, 1702300]

id 23
F = [45, 123, 33, 245, 22, 7, 112, 1, 12, 56, 36, 60, 35, 10, 51, 15, 14, 12, 42, 41, 27, 36, 1, 6, 10, 19, 7, 41, 47, 131]
F2 = [0, 0, 0, 0, 0, 0, 0, 0, 0, 0, 0, 0, 0, 0, 0, 0, 0, 0, 0, 0, 0, 0, 0, 0, 0, 0, 0, 0, 0, 0]
T = [132000, 227500, 53300, 455400, 59200, 24700, 267500, 12400, 35800, 82500, 105300, 104400, 76400, 57200, 95600, 51000, 29200, 30900, 98500, 86900, 76500, 84300, 64200, 44700, 59600, 47700, 24200, 114700, 124600, 288200]
T2 = [1335700, 1206300, 1160300, 1899500, 1825200, 1518500, 2529600, 1811300, 1203600, 1323200, 1351900, 1183000, 1152800, 2401300, 1397900, 1573100, 1137400, 1263600, 1325500, 1300200, 1211300, 1332700, 2144200, 2228600, 1648400, 1414600, 1364800, 4672500, 2100100, 2863100]

id 24
F = [156, 68, 15, 8, 70, 36, 3, 26, 41, 132, 36, 41, 60, 28, 18, 72, 13, 86, 11, 92, 33, 11, 75, 213, 12, 16, 153, 66, 6, 52]
F2 = [0, 0, 0, 0, 0, 0, 0, 0, 0, 0, 0, 0, 0, 0, 0, 0, 0, 0, 0, 0, 0, 0, 0, 0, 0, 0, 0, 0, 0, 0]
T = [512600, 117700, 43700, 44300, 190800, 84700, 24100, 47600, 73400, 175300, 60400, 86500, 88600, 53000, 47600, 219600, 52600, 234400, 48300, 209100, 77900, 80000, 244800, 572100, 33700, 43400, 256900, 339300, 23700, 116500]
T2 = [1515800, 1345700, 1614700, 1323400, 1374900, 1288000, 1347500, 1247800, 1197200, 1209000, 1335600, 1287000, 1356600, 1252200, 1771500, 1712200, 2253100, 1833100, 1434700, 1828400, 1825600, 3519100, 1868300, 1379200, 1294300, 1862700, 1566900, 1304000, 1351100, 1599500]

id 25
F = [122, 88, 27, 4, 1, 108, 19, 39, 556, 41, 34, 39, 12, 39, 35, 16, 27, 111, 91, 54, 7, 15, 95, 25, 40, 82, 29, 106, 55, 170]
F2 = [0, 0, 0, 0, 0, 0, 0, 0, 0, 0, 0, 0, 0, 0, 0, 0, 0, 0, 0, 0, 0, 0, 0, 0, 0, 0, 0, 0, 0, 0]
T = [171300, 160200, 60000, 16300, 6100, 131400, 29500, 54000, 650000, 62300, 50800, 74300, 22100, 57100, 55900, 41900, 45700, 146100, 195600, 139900, 21300, 61000, 170700, 152800, 221300, 161900, 82900, 166600, 100700, 465800]
T2 = [1111400, 1399300, 1550200, 1130600, 1108100, 1087800, 1113100, 1387500, 1047300, 1103400, 1123800, 1106000, 1163000, 1246300, 1119500, 1407300, 1181200, 1367400, 1921100, 1545600, 1438100, 1606100, 1440100, 1524000, 1794700, 2232500, 1278600, 1127900, 2099500, 2782000]

id 26
F = [7, 66, 56, 89, 18, 58, 66, 4, 3, 42, 52, 13, 93, 4, 104, 120, 1, 61, 78, 40, 92, 6, 22, 41, 42, 229, 24, 26, 15, 34]
F2 = [0, 0, 0, 0, 0, 0, 0, 0, 0, 0, 0, 0, 0, 0, 0, 0, 0, 0, 0, 0, 0, 0, 0, 0, 0, 0, 0, 0, 0, 0]
T = [102500, 161900, 195100, 296300, 91400, 140000, 124500, 22700, 31200, 95800, 232600, 142500, 363300, 20000, 172800, 179200, 22700, 104100, 119500, 85600, 173700, 29800, 42300, 72200, 74500, 498200, 84200, 59000, 39800, 59100]
T2 = [4123000, 2061700, 2720600, 2162500, 1597300, 1929500, 1333500, 1391600, 1240100, 1253600, 2752600, 2303700, 2013100, 1511600, 1219900, 1224700, 1258200, 1225700, 1406900, 1468900, 1437000, 1394500, 1343500, 1218200, 1458200, 1817500, 1683400, 1232300, 1202300, 1705900]

id 27
F = [149, 175, 53, 16, 249, 35, 71, 156, 62, 38, 33, 25, 63, 72, 11, 48, 28, 20, 26, 250, 7, 30, 13, 1, 62, 20, 40, 71, 87, 72]
F2 = [0, 0, 0, 0, 0, 0, 0, 0, 0, 0, 0, 0, 0, 0, 0, 0, 0, 0, 0, 0, 0, 0, 0, 0, 0, 0, 0, 0, 0, 0]
T = [328700, 264200, 94000, 98300, 349000, 114700, 403400, 920600, 112600, 83000, 122600, 57700, 91800, 100600, 63900, 199200, 101700, 34900, 58600, 312000, 29800, 46500, 24500, 23200, 153900, 67000, 89000, 106900, 115200, 107100]
T2 = [1029300, 1034300, 1372100, 1348700, 1056800, 1146300, 1368800, 1290600, 1062500, 1140200, 1073900, 1095100, 1202800, 1112300, 1693600, 1498000, 1251500, 1060300, 1067200, 1292400, 1072300, 1045700, 1044100, 1751500, 1449600, 1326800, 1448000, 1045900, 1037200, 1066300]

id 28
F = [51, 32, 68, 51, 65, 49, 80, 27, 51, 171, 29, 110, 135, 84, 11, 91, 73, 42, 189, 5, 2, 249, 123, 46, 76, 4, 68, 52, 115, 28]
F2 = [0, 0, 0, 0, 0, 0, 0, 0, 0, 0, 0, 0, 0, 0, 0, 0, 0, 0, 0, 0, 0, 0, 0, 0, 0, 0, 0, 0, 0, 0]
T = [78200, 52500, 99500, 104000, 168100, 94100, 152000, 59600, 101400, 362700, 206000, 189200, 1244300, 131900, 20500, 113500, 94100, 90100, 252500, 32400, 22900, 842900, 431800, 177900, 244800, 22000, 213400, 100900, 228200, 83600]
T2 = [1059700, 1058500, 1107500, 1035900, 1309400, 1387500, 1331300, 1375900, 1672700, 1319500, 1804600, 1303100, 1074600, 1033800, 1045000, 1037700, 1074400, 1155900, 1031100, 1081000, 1116900, 1527600, 1479000, 1549900, 1394500, 1445800, 1052500, 1123800, 2173700, 1227700]

id 29
F = [191, 121, 24, 42, 16, 64, 42, 6, 20, 127, 236, 9, 29, 42, 45, 9, 78, 353, 34, 40, 39, 67, 27, 47, 31, 19, 58, 36, 33, 53]
F2 = [0, 0, 0, 0, 0, 0, 0, 0, 0, 0, 0, 0, 0, 0, 0, 0, 0, 0, 0, 0, 0, 0, 0, 0, 0, 0, 0, 0, 0, 0]
T = [253200, 238200, 200600, 110200, 35200, 294500, 92400, 26200, 36200, 212600, 309900, 46600, 44800, 64600, 58200, 13600, 124900, 425800, 74300, 78600, 100200, 96900, 42900, 59500, 45700, 29500, 87000, 52800, 46900, 92600]
T2 = [1410200, 1351100, 1266900, 1125900, 1530300, 2487600, 1528000, 1234000, 1069800, 1127200, 1079500, 1076700, 1036100, 1045400, 1045500, 1046100, 1104300, 1407200, 1284600, 1145900, 1037800, 1072100, 1045400, 1069300, 1078800, 1125900, 1048300, 1049800, 1193400, 1048200]

id 30
F = [8, 26, 89, 14, 14, 2, 112, 18, 30, 28, 22, 56, 3, 39, 12, 30, 75, 60, 173, 25, 27, 19, 31, 70, 26, 26, 92, 42, 111, 33]
F2 = [0, 0, 0, 0, 0, 0, 0, 0, 0, 0, 0, 0, 0, 0, 0, 0, 0, 0, 0, 0, 0, 0, 0, 0, 0, 0, 0, 0, 0, 0]
T = [62500, 103200, 306900, 69400, 77200, 13500, 155300, 48000, 77400, 70300, 79500, 214400, 30900, 116800, 36800, 69100, 609200, 474000, 631500, 126200, 114800, 96800, 137800, 251300, 103600, 115500, 542700, 289400, 1197700, 80700]
T2 = [1481500, 1443400, 1532800, 1398900, 1410900, 1068600, 1092800, 1180300, 1141300, 2225900, 1727100, 1582600, 1500800, 1429500, 1363100, 1764900, 1626000, 10416800, 2262000, 1766300, 4055900, 2069000, 3069100, 3990000, 7903400, 2452200, 7234500, 3908000, 3399900, 6209100]

id 31
F = [28, 67, 45, 73, 35, 5, 198, 5, 28, 102, 23, 20, 20, 14, 262, 94, 27, 100, 10, 102, 42, 10, 81, 5, 93, 37, 74, 160, 9, 30]
F2 = [0, 0, 0, 0, 0, 0, 0, 0, 0, 0, 0, 0, 0, 0, 0, 0, 0, 0, 0, 0, 0, 0, 0, 0, 0, 0, 0, 0, 0, 0]
T = [109500, 231600, 164100, 211700, 54600, 15000, 380400, 19800, 164400, 198900, 76400, 64000, 44500, 77200, 442500, 159100, 71200, 174300, 58000, 168200, 287000, 73200, 322100, 70200, 382400, 138100, 234700, 575100, 68200, 142200]
T2 = [2658000, 2634200, 2772000, 1058600, 1138500, 1212700, 1236900, 1490000, 3007700, 1893200, 1144300, 1161800, 1167500, 1243200, 1085400, 1118400, 1184500, 1088200, 1194900, 1058400, 1799800, 2166700, 2020700, 1752200, 4375300, 1404000, 2136900, 3315000, 3539800, 2313700]

id 32
F = [87, 9, 21, 35, 44, 62, 78, 34, 29, 242, 13, 5, 45, 115, 11, 68, 41, 187, 32, 70, 94, 56, 106, 96, 128, 1, 4, 2, 2, 119]
F2 = [0, 0, 0, 0, 0, 0, 0, 0, 0, 0, 0, 0, 0, 0, 0, 0, 0, 0, 0, 0, 0, 0, 0, 0, 0, 0, 0, 0, 0, 0]
T = [280500, 43200, 57600, 155200, 148300, 220300, 314500, 162500, 536800, 3092800, 41900, 25600, 93200, 232400, 40000, 272400, 128500, 7450400, 129900, 353400, 1091900, 703400, 551300, 454000, 257800, 12900, 41700, 24800, 20300, 249200]
T2 = [2993600, 1498500, 1640600, 1587000, 1537900, 1666300, 3053100, 3069400, 2104000, 1415900, 1188900, 1216000, 1203700, 1524400, 3747000, 2668100, 10299600, 2396800, 4102800, 3461600, 4223400, 1620300, 3754700, 4312100, 1330900, 2246300, 1638500, 2730600, 1831500, 1253500]

id 33
F = [30, 80, 169, 4, 12, 80, 7, 69, 3, 231, 35, 61, 84, 80, 96, 3, 186, 7, 2, 27, 60, 70, 56, 14, 67, 25, 64, 88, 24, 20]
F2 = [0, 0, 0, 0, 0, 0, 0, 0, 0, 0, 0, 0, 0, 0, 0, 0, 0, 0, 0, 0, 0, 0, 0, 0, 0, 0, 0, 0, 0, 0]
T = [149100, 248900, 421400, 35300, 35300, 188600, 23200, 101200, 17100, 782400, 425300, 163000, 192900, 428800, 275000, 33100, 428500, 39300, 15600, 109900, 162800, 703100, 471200, 45700, 333400, 49200, 282700, 484200, 102200, 49400]
T2 = [2927600, 2261800, 2596900, 1899100, 1484200, 1536200, 1059300, 1716300, 1567600, 2666100, 2123500, 1597300, 2729200, 4229500, 2249200, 2461000, 1175900, 1185200, 1837900, 2597400, 3910700, 1756100, 3723500, 7452300, 1301700, 1968400, 1435600, 2639100, 2652400, 1166800]

id 34
F = [2, 15, 161, 82, 27, 63, 18, 16, 48, 93, 53, 30, 163, 18, 119, 8, 13, 10, 92, 66, 43, 40, 105, 52, 31, 54, 6, 14, 87, 23]
F2 = [0, 0, 0, 0, 0, 0, 0, 0, 0, 0, 0, 0, 0, 0, 0, 0, 0, 0, 0, 0, 0, 0, 0, 0, 0, 0, 0, 0, 0, 0]
T = [26100, 78000, 589400, 281100, 190300, 276100, 84000, 56200, 103900, 210300, 132100, 91100, 868100, 104000, 256700, 28700, 37700, 93200, 7535700, 326900, 86000, 67100, 217900, 139100, 77900, 87100, 21500, 99100, 115500, 48300]
T2 = [1979200, 1622800, 1598200, 1787800, 1787000, 2982300, 3833200, 2366900, 1431500, 1248400, 2484000, 3855100, 4014000, 1675700, 1396900, 1255900, 1299700, 2846000, 1926900, 2228900, 1689900, 1265200, 2420400, 1180500, 1833300, 1115800, 1273200, 2223200, 1082800, 1060600]

id 35
F = [48, 61, 61, 11, 5, 123, 39, 5, 57, 18, 78, 38, 5, 160, 60, 258, 91, 24, 40, 3, 61, 7, 20, 72, 24, 62, 17, 8, 246, 72]
F2 = [0, 0, 0, 0, 0, 0, 0, 0, 0, 0, 0, 0, 0, 0, 0, 0, 0, 0, 0, 0, 0, 0, 0, 0, 0, 0, 0, 0, 0, 0]
T = [80000, 135400, 112100, 40200, 29500, 664100, 109100, 18100, 115500, 83900, 359200, 104400, 26700, 300200, 150400, 618400, 230800, 68400, 121200, 19100, 99700, 30800, 60300, 145700, 60300, 155500, 64700, 30600, 596700, 167400]
T2 = [1102400, 1279400, 1395400, 1945200, 1630400, 7013300, 1500400, 1089300, 5826300, 2986900, 2183400, 5093700, 1320900, 2595300, 1892400, 2621400, 1819200, 1460000, 1584000, 1107800, 1441000, 2508700, 1485100, 1264300, 1971500, 1483500, 1449700, 1486000, 1316900, 1635300]

id 36
F = [12, 4, 16, 14, 79, 195, 70, 186, 30, 33, 3, 65, 43, 118, 2, 52, 48, 46, 91, 23, 24, 34, 101, 41, 5, 108, 8, 43, 70, 18]
F2 = [0, 0, 0, 0, 0, 0, 0, 0, 0, 0, 0, 0, 0, 0, 0, 0, 0, 0, 0, 0, 0, 0, 0, 0, 0, 0, 0, 0, 0, 0]
T = [33800, 45400, 66200, 54900, 131700, 377800, 147600, 1808600, 185300, 136000, 19800, 255200, 181200, 329100, 32000, 181600, 225000, 163400, 171800, 71000, 51100, 79100, 873300, 151500, 25800, 1446400, 26600, 95800, 227700, 43800]
T2 = [1463800, 1692300, 1343200, 1226800, 1117300, 1615500, 1390800, 1352400, 2604200, 1808300, 1637700, 1515000, 2463000, 2593000, 1306200, 1622400, 1779500, 1360100, 1171200, 1920000, 2040000, 2467800, 2713200, 1299100, 2170100, 1716400, 2437000, 1275200, 1487600, 1119400]

id 37
F = [39, 87, 11, 199, 7, 95, 68, 175, 5, 36, 146, 62, 76, 5, 30, 99, 35, 40, 10, 112, 15, 263, 22, 63, 32, 24, 2, 1, 5, 68]
F2 = [0, 0, 0, 0, 0, 0, 0, 0, 0, 0, 0, 0, 0, 0, 0, 0, 0, 0, 0, 0, 0, 0, 0, 0, 0, 0, 0, 0, 0, 0]
T = [92100, 162000, 45900, 390400, 57100, 182900, 159600, 327500, 26500, 76100, 280200, 114200, 108900, 27300, 81800, 205700, 84300, 86400, 41100, 264100, 38600, 622700, 46400, 211400, 71200, 59600, 18400, 13400, 21900, 135200]
T2 = [1410200, 1175600, 1598300, 1658200, 1327200, 1179900, 1177000, 1203000, 1167900, 1198100, 1240300, 1169700, 1293200, 1788300, 1508400, 1459000, 1487600, 1455700, 1489400, 1228100, 1250900, 1320300, 1186100, 1663500, 1412400, 1349200, 1322200, 1142900, 1256400, 1089600]

id 38
F = [50, 31, 16, 34, 31, 22, 18, 41, 63, 57, 3, 22, 14, 122, 32, 90, 2, 36, 171, 227, 184, 14, 86, 40, 2, 193, 65, 7, 169, 164]
F2 = [0, 0, 0, 0, 0, 0, 0, 0, 0, 0, 0, 0, 0, 0, 0, 0, 0, 0, 0, 0, 0, 0, 0, 0, 0, 0, 0, 0, 0, 0]
T = [97800, 49400, 45900, 239000, 88900, 86500, 55600, 92100, 152500, 127100, 21400, 55000, 36700, 325500, 127300, 174000, 21900, 118400, 331200, 520800, 395900, 53100, 256000, 106500, 20300, 710200, 161700, 23400, 246000, 277600]
T2 = [1053500, 1056100, 1645700, 1699100, 1156300, 1464300, 1425000, 2065600, 1418200, 1565600, 1257600, 1471800, 1607900, 1997900, 1405800, 1182200, 2786600, 2080200, 1561300, 1322000, 1280700, 1200400, 1595800, 1980100, 1696200, 1445800, 1345000, 1136700, 1056900, 1174000]

id 39
F = [12, 30, 25, 59, 20, 105, 25, 18, 143, 156, 40, 60, 170, 4, 53, 49, 148, 158, 55, 9, 30, 7, 262, 64, 21, 111, 6, 153, 226, 128]
F2 = [0, 0, 0, 0, 0, 0, 0, 0, 0, 0, 0, 0, 0, 0, 0, 0, 0, 0, 0, 0, 0, 0, 0, 0, 0, 0, 0, 0, 0, 0]
T = [50900, 196700, 66800, 129600, 50900, 228800, 60900, 86800, 294300, 253800, 149400, 152100, 320700, 24700, 114700, 185000, 288700, 501800, 146900, 36800, 76700, 32200, 841400, 159800, 40100, 246300, 23900, 400000, 352500, 538500]
T2 = [1509900, 1560000, 1384800, 1369400, 1165200, 1191600, 1155500, 1469200, 1567300, 1472400, 2164600, 1373700, 1293300, 1419500, 2522200, 1312100, 2523000, 1454100, 1525600, 4047900, 1735900, 1862000, 1121700, 1454600, 1481500, 3808900, 1128900, 1058900, 1276200, 2914700]

id 40
F = [76, 4, 2, 5, 208, 97, 5, 12, 15, 75, 61, 9, 90, 31, 7, 97, 45, 8, 7, 77, 26, 28, 65, 73, 20, 75, 15, 4, 134, 13]
F2 = [0, 0, 0, 0, 0, 0, 0, 0, 0, 0, 0, 0, 0, 0, 0, 0, 0, 0, 0, 0, 0, 0, 0, 0, 0, 0, 0, 0, 0, 0]
T = [206200, 24800, 20000, 35500, 412500, 211200, 25300, 37000, 42000, 174500, 142200, 35700, 171800, 71900, 27600, 156300, 74600, 21000, 38800, 124500, 71900, 53900, 163300, 152100, 46400, 214300, 40000, 22300, 188700, 38800]
T2 = [1313000, 1602900, 1717500, 1401400, 1242600, 1802900, 1245600, 1319100, 1229500, 1348700, 1461100, 1356200, 1357400, 1091000, 1087700, 1051100, 1053000, 1088800, 1408000, 1121500, 1118600, 1051700, 1547800, 1393300, 1791500, 2180700, 1061100, 1068500, 1054500, 1349300]

id 41
F = [86, 150, 80, 100, 4, 6, 60, 1, 83, 72, 254, 103, 42, 45, 65, 88, 86, 14, 319, 115, 162, 33, 24, 147, 40, 11, 73, 17, 28, 151]
F2 = [0, 0, 0, 0, 0, 0, 0, 0, 0, 0, 0, 0, 0, 0, 0, 0, 0, 0, 0, 0, 0, 0, 0, 0, 0, 0, 0, 0, 0, 0]
T = [391600, 238000, 142800, 253600, 17700, 37800, 157900, 23900, 116200, 105800, 619300, 218700, 106800, 131100, 432000, 221700, 134800, 46900, 747700, 298500, 341500, 77600, 73200, 406600, 100400, 49000, 130300, 46900, 60500, 261300]
T2 = [1369000, 1411700, 1321000, 1253800, 1688200, 1631100, 1911500, 1192900, 1041500, 1071300, 1417500, 1382400, 1563600, 1513900, 2790500, 1148200, 1828700, 1992000, 1555900, 1483700, 1379000, 1591200, 1953000, 1707600, 1544100, 2117300, 1363700, 1187100, 1221100, 1206600]

id 42
F = [38, 47, 24, 7, 85, 14, 58, 52, 68, 65, 2, 13, 8, 53, 11, 32, 119, 13, 18, 135, 153, 6, 58, 171, 31, 8, 27, 36, 14, 30]
F2 = [0, 0, 0, 0, 0, 0, 0, 0, 0, 0, 0, 0, 0, 0, 0, 0, 0, 0, 0, 0, 0, 0, 0, 0, 0, 0, 0, 0, 0, 0]
T = [166100, 139000, 68900, 37200, 235400, 57600, 210700, 99600, 281200, 206600, 25600, 52600, 36500, 157200, 41100, 214100, 262200, 48800, 50700, 302200, 356000, 32100, 133500, 278300, 95200, 32000, 82500, 72800, 60400, 100600]
T2 = [1436100, 1753600, 1555900, 2518900, 1569300, 1876700, 1758300, 6361400, 2328100, 1964600, 1657100, 2293000, 13118200, 2116700, 1680500, 1760400, 1389300, 1730200, 3098400, 1574600, 30945000, 1938600, 1421300, 1470700, 1342000, 1299400, 1705500, 1513800, 1612200, 1786400]

id 43
F = [24, 15, 27, 47, 145, 9, 145, 192, 33, 24, 167, 85, 195, 38, 5, 50, 55, 17, 20, 41, 146, 17, 76, 41, 37, 152, 17, 192, 162, 43]
F2 = [0, 0, 0, 0, 0, 0, 0, 0, 0, 0, 0, 0, 0, 0, 0, 0, 0, 0, 0, 0, 0, 0, 0, 0, 0, 0, 0, 0, 0, 0]
T = [58700, 151200, 69000, 106300, 30878600, 41100, 724000, 434900, 103600, 84800, 352500, 207400, 429700, 140400, 28900, 271700, 205200, 96800, 70100, 101500, 439100, 47900, 190000, 127100, 97400, 356300, 50100, 497200, 419400, 124600]
T2 = [2201100, 1585900, 1457600, 1551800, 1894200, 3084700, 6795800, 1482400, 1523000, 1596500, 1518500, 1712500, 1568400, 2072000, 4042800, 2190700, 1990100, 1880700, 2177800, 1633800, 2287100, 1576200, 3686600, 1438400, 2853000, 1542400, 1651800, 1488600, 1636900, 1924700]

id 44
F = [62, 97, 28, 70, 124, 88, 39, 25, 50, 237, 39, 23, 42, 96, 173, 10, 39, 85, 75, 126, 35, 21, 17, 111, 362, 190, 61, 124, 127, 113]
F2 = [0, 0, 0, 0, 0, 0, 0, 0, 0, 0, 0, 0, 0, 0, 0, 0, 0, 0, 0, 0, 0, 0, 0, 0, 0, 0, 0, 0, 0, 0]
T = [130600, 262300, 98000, 180800, 312100, 150100, 121700, 85400, 95400, 357300, 66000, 47300, 70900, 183200, 288200, 35800, 71100, 126500, 104900, 253200, 80800, 70000, 59700, 314700, 797200, 414800, 718100, 157600, 170800, 221000]
T2 = [1227900, 1547300, 1517800, 1586200, 1867000, 1692100, 1927400, 1757900, 1133800, 1081500, 1116100, 1108400, 1176700, 1310600, 1101800, 1073100, 1061800, 1045400, 1049700, 1401900, 1382800, 2134600, 1575800, 1832600, 1687400, 1826900, 1054900, 1109500, 1055600, 1071500]

id 45
F = [87, 45, 21, 9, 21, 33, 35, 24, 52, 23, 10, 7, 1, 35, 102, 38, 38, 48, 122, 66, 33, 72, 83, 43, 29, 34, 12, 2, 108, 40]
F2 = [0, 0, 0, 0, 0, 0, 0, 0, 0, 0, 0, 0, 0, 0, 0, 0, 0, 0, 0, 0, 0, 0, 0, 0, 0, 0, 0, 0, 0, 0]
T = [278700, 102300, 57600, 36000, 66600, 80100, 81200, 57800, 109200, 70600, 38800, 24300, 10300, 73300, 167600, 86200, 71000, 91800, 646100, 391600, 68200, 189800, 173500, 102800, 96500, 84500, 72900, 32100, 273600, 95200]
T2 = [1748200, 1347200, 1454800, 1378300, 1294400, 1383000, 1234600, 1172300, 1597400, 1468000, 1386000, 1225900, 1228600, 1318600, 1365100, 1339400, 1365400, 1293600, 1311300, 1517700, 1333900, 2393600, 1739000, 1770700, 1449800, 1880500, 1401800, 1210000, 1748700, 2068300]

id 46
F = [20, 40, 40, 118, 47, 25, 11, 34, 19, 13, 4, 192, 110, 8, 33, 95, 24, 48, 28, 34, 53, 10, 41, 53, 39, 10, 9, 55, 50, 144]
F2 = [0, 0, 0, 0, 0, 0, 0, 0, 0, 0, 0, 0, 0, 0, 0, 0, 0, 0, 0, 0, 0, 0, 0, 0, 0, 0, 0, 0, 0, 0]
T = [65000, 101600, 191000, 1144500, 143600, 76600, 63500, 145000, 90200, 63600, 25200, 374700, 298200, 43600, 83600, 217500, 69100, 117300, 92100, 100600, 282900, 107500, 191300, 118300, 99700, 48300, 62200, 491000, 160300, 332800]
T2 = [2216700, 1788600, 24934300, 7840000, 1855800, 9895300, 4311200, 7857000, 23742300, 160478100, 6050800, 190723200, 4395200, 2525300, 1325000, 1366000, 1408400, 1752400, 1435800, 1631000, 1615400, 1711200, 1471900, 1365400, 1643200, 1569100, 2267500, 1842600, 2678500, 1589000]

id 47
F = [37, 24, 83, 138, 122, 59, 47, 215, 45, 22, 73, 3, 63, 6, 5, 8, 93, 14, 83, 33, 34, 41, 244, 7, 24, 53, 24, 116, 47, 36]
F2 = [0, 0, 0, 0, 0, 0, 0, 0, 0, 0, 0, 0, 0, 0, 0, 0, 0, 0, 0, 0, 0, 0, 0, 0, 0, 0, 0, 0, 0, 0]
T = [329200, 64000, 41948100, 2704200, 261200, 120100, 130700, 488300, 112200, 76600, 232700, 30000, 247100, 43200, 34800, 59000, 365800, 70100, 279200, 135800, 176000, 153500, 590600, 55900, 96600, 143400, 60900, 265700, 153900, 112700]
T2 = [1356600, 35238400, 2455700, 2904300, 1604900, 1366900, 2426400, 1745300, 1463900, 5429300, 1356900, 2033600, 1586300, 1779200, 2277700, 2787100, 1370400, 1607500, 1762600, 4920700, 3259100, 2170500, 1385000, 1761500, 2060000, 1735300, 1894900, 1788800, 1672900, 2020400]

id 48
F = [41, 177, 90, 33, 104, 105, 23, 49, 1, 7, 85, 6, 29, 76, 40, 46, 44, 96, 134, 96, 17, 39, 28, 1, 191, 51, 93, 35, 274, 76]
F2 = [0, 0, 0, 0, 0, 0, 0, 0, 0, 0, 0, 0, 0, 0, 0, 0, 0, 0, 0, 0, 0, 0, 0, 0, 0, 0, 0, 0, 0, 0]
T = [99900, 361500, 188500, 79100, 221300, 212800, 192600, 117600, 29800, 36500, 209600, 27500, 83500, 162900, 98000, 112100, 122000, 811400, 289000, 270600, 57100, 112300, 90300, 15700, 337300, 115900, 324400, 204500, 568400, 179900]
T2 = [1268600, 2024500, 1306300, 1350000, 1641900, 1254000, 1764400, 1503300, 1372900, 1456600, 2259400, 2568800, 1434100, 1301000, 1554400, 1580200, 1397900, 1569300, 2355600, 1713100, 4109700, 1800000, 1478900, 1219100, 1477700, 3937400, 1412400, 2407400, 1352700, 1394800]

id 49
F = [2, 4, 37, 7, 42, 119, 128, 36, 10, 117, 50, 14, 22, 5, 63, 48, 54, 46, 152, 42, 116, 74, 9, 46, 39, 189, 18, 4, 84, 65]
F2 = [0, 0, 0, 0, 0, 0, 0, 0, 0, 0, 0, 0, 0, 0, 0, 0, 0, 0, 0, 0, 0, 0, 0, 0, 0, 0, 0, 0, 0, 0]
T = [22600, 22200, 102000, 36500, 134900, 245400, 426400, 141100, 33500, 562300, 124800, 194800, 67100, 27300, 94700, 167200, 117600, 118700, 3101900, 97200, 245500, 196400, 43100, 146300, 106800, 2915700, 52700, 18100, 233900, 222500]
T2 = [1191500, 1086800, 1514400, 3362000, 1543200, 1491500, 1167300, 3023900, 18714400, 1602300, 5319300, 2083400, 2024700, 1494100, 2701200, 1449000, 1165700, 1434600, 1957700, 1420500, 2005100, 2352700, 1941200, 1725500, 1478600, 1833700, 1552900, 1795700, 4709300, 1410100]

