id 0
F = [23, 118, 178, 116, 21, 46, 31, 7, 31, 120, 232, 64, 50, 60, 4, 17, 84, 20, 84, 60, 30, 61, 101, 160, 97, 17, 76, 85, 36, 2]
F2 = [0, 0, 0, 0, 0, 0, 0, 0, 0, 0, 0, 0, 0, 0, 0, 0, 0, 0, 0, 0, 0, 0, 0, 0, 0, 0, 0, 0, 0, 0]
T = [21625000, 17188000, 9783500, 4155800, 608200, 775300, 6550000, 376700, 566700, 2333100, 3291900, 997500, 442200, 457900, 84400, 203400, 838100, 177500, 862800, 511100, 265900, 603700, 770800, 1286300, 683400, 252800, 575100, 613800, 294200, 100700]
T2 = [8046600, 3064200, 3544300, 3778700, 3437100, 20322100, 6440900, 7344100, 2595400, 2667400, 2111300, 2311000, 1751000, 2146600, 2198100, 2015000, 2429100, 2024600, 2250800, 3601700, 2897200, 2490900, 2569200, 8081600, 2919900, 2924100, 3062400, 2246400, 2065300, 3187200]

id 1
F = [358, 44, 13, 60, 3, 69, 34, 10, 102, 67, 36, 114, 159, 16, 5, 101, 47, 42, 8, 4, 67, 97, 185, 118, 27, 34, 38, 65, 48, 14]
F2 = [0, 0, 0, 0, 0, 0, 0, 0, 0, 0, 0, 0, 0, 0, 0, 0, 0, 0, 0, 0, 0, 0, 0, 0, 0, 0, 0, 0, 0, 0]
T = [6170400, 438700, 613700, 604600, 58200, 660600, 396300, 144900, 1005800, 724200, 402400, 950200, 3803000, 176100, 70900, 521100, 304400, 303600, 56100, 63600, 701700, 265800, 602900, 513300, 116800, 147400, 143100, 205000, 287500, 70800]
T2 = [4865800, 2817200, 2304900, 1964300, 7129000, 4443600, 2260300, 2080700, 1770700, 2676800, 3020400, 3010500, 3413400, 2066900, 1563500, 3418600, 1822700, 2405700, 1904400, 1977300, 2065000, 1615400, 2081800, 1529200, 1659600, 1633200, 2624500, 1526900, 3511600, 1595800]

id 2
F = [53, 169, 182, 14, 6, 37, 135, 170, 20, 3, 30, 21, 93, 25, 105, 29, 34, 5, 14, 7, 12, 24, 32, 36, 34, 2, 12, 4, 281, 28]
F2 = [0, 0, 0, 0, 0, 0, 0, 0, 0, 0, 0, 0, 0, 0, 0, 0, 0, 0, 0, 0, 0, 0, 0, 0, 0, 0, 0, 0, 0, 0]
T = [296300, 363500, 368100, 72700, 44600, 100900, 241600, 293600, 90100, 37200, 73500, 78700, 470900, 81800, 241400, 93500, 93500, 41200, 62400, 41300, 41300, 173600, 78800, 89700, 121900, 24700, 36200, 27000, 1227900, 336800]
T2 = [1501200, 1282700, 1446800, 1622600, 1518100, 1218000, 1221500, 1315800, 1517700, 1314400, 1295500, 2448700, 2249100, 1298000, 1644100, 1315300, 1299300, 1319800, 1319200, 1288600, 1267200, 1629100, 1272100, 1565700, 1336900, 1253000, 1244100, 1900700, 2637300, 2333600]

id 3
F = [26, 14, 67, 113, 323, 14, 1, 18, 110, 18, 120, 187, 70, 56, 124, 87, 45, 18, 41, 218, 65, 145, 4, 38, 84, 38, 39, 51, 27, 25]
F2 = [0, 0, 0, 0, 0, 0, 0, 0, 0, 0, 0, 0, 0, 0, 0, 0, 0, 0, 0, 0, 0, 0, 0, 0, 0, 0, 0, 0, 0, 0]
T = [305900, 76200, 210500, 229600, 5250000, 80700, 36700, 54100, 220200, 87000, 283300, 1325000, 279700, 347600, 363200, 265200, 245300, 105900, 1376900, 2720700, 161400, 445100, 26800, 70400, 236000, 104900, 127100, 119800, 151700, 179400]
T2 = [2083900, 1498500, 2556400, 1396300, 1603500, 1665000, 1536200, 1257200, 1246100, 1700600, 1490500, 1751400, 2237600, 2304500, 1914800, 2259400, 4935400, 2244800, 2091300, 1943300, 1514800, 1433000, 1409600, 1485500, 1592500, 2030600, 2617200, 1621000, 1638600, 2004600]

id 4
F = [79, 84, 95, 85, 31, 92, 21, 75, 40, 32, 39, 19, 18, 180, 40, 5, 23, 47, 11, 4, 20, 164, 269, 48, 105, 6, 51, 28, 80, 18]
F2 = [0, 0, 0, 0, 0, 0, 0, 0, 0, 0, 0, 0, 0, 0, 0, 0, 0, 0, 0, 0, 0, 0, 0, 0, 0, 0, 0, 0, 0, 0]
T = [367700, 211300, 704900, 210600, 142600, 231700, 62800, 201200, 85600, 90800, 201300, 78600, 53800, 290000, 99100, 29100, 67100, 254900, 43600, 23400, 58500, 486300, 401000, 95000, 216000, 53000, 142900, 176400, 175200, 54400]
T2 = [2195900, 1778800, 3119500, 1563400, 2116100, 2023600, 2305900, 2030600, 1609300, 1446600, 1918200, 1792900, 1795100, 1759800, 1626400, 1699000, 1694800, 1853000, 1433900, 1460200, 2520100, 1550100, 1268000, 1322700, 1561000, 2072200, 2008200, 1977100, 1392000, 1858600]

id 5
F = [3, 30, 9, 84, 72, 45, 92, 9, 32, 12, 3, 5, 16, 65, 36, 57, 28, 112, 64, 87, 108, 38, 68, 71, 161, 27, 90, 95, 6, 70]
F2 = [0, 0, 0, 0, 0, 0, 0, 0, 0, 0, 0, 0, 0, 0, 0, 0, 0, 0, 0, 0, 0, 0, 0, 0, 0, 0, 0, 0, 0, 0]
T = [36200, 111100, 36100, 133700, 236500, 142500, 165800, 35800, 100300, 46100, 36400, 31000, 73000, 140200, 109600, 194900, 65400, 243300, 143100, 195800, 173600, 104800, 146100, 198400, 373700, 84000, 348900, 215500, 30900, 107900]
T2 = [2108700, 1960100, 1283100, 1461900, 2682700, 1893100, 1461500, 2139100, 1799500, 1798900, 3316500, 2134100, 2450400, 2032900, 1866000, 1358300, 1434900, 1943900, 1714300, 1289400, 1423900, 1385100, 1651200, 1754900, 1724400, 1766600, 1972800, 1914400, 1772900, 1237400]

id 6
F = [42, 4, 14, 70, 48, 63, 183, 8, 23, 31, 84, 7, 69, 28, 21, 49, 25, 122, 304, 63, 4, 45, 25, 36, 21, 72, 50, 4, 100, 15]
F2 = [0, 0, 0, 0, 0, 0, 0, 0, 0, 0, 0, 0, 0, 0, 0, 0, 0, 0, 0, 0, 0, 0, 0, 0, 0, 0, 0, 0, 0, 0]
T = [164800, 24800, 46600, 120600, 155000, 142200, 595000, 33300, 68400, 129400, 140300, 33100, 190700, 78400, 64500, 189700, 77000, 334800, 770900, 195400, 38600, 1092200, 87000, 149900, 58800, 255400, 118800, 25400, 214100, 58700]
T2 = [1778400, 1928700, 1259100, 1496100, 1867000, 1773600, 3143300, 1713900, 1704700, 2277100, 1358900, 1987300, 2396700, 1714600, 6070400, 1990900, 2153700, 1705100, 1567500, 1970500, 2019000, 2281600, 2081200, 1625700, 2133800, 1856600, 2051300, 2180200, 2088000, 2005900]

id 7
F = [36, 15, 32, 3, 51, 14, 70, 9, 40, 7, 14, 3, 4, 31, 104, 21, 27, 200, 183, 56, 86, 170, 71, 99, 7, 41, 72, 13, 136, 40]
F2 = [0, 0, 0, 0, 0, 0, 0, 0, 0, 0, 0, 0, 0, 0, 0, 0, 0, 0, 0, 0, 0, 0, 0, 0, 0, 0, 0, 0, 0, 0]
T = [127700, 67100, 56300, 21500, 348100, 40400, 140100, 34300, 152300, 85600, 44500, 26500, 23300, 97000, 409300, 84500, 230500, 592000, 1003600, 141600, 252100, 362700, 247600, 199800, 34400, 106900, 185200, 51600, 195400, 67100]
T2 = [1272800, 1208200, 1400600, 2021100, 1525200, 1469100, 1807400, 2055800, 2163800, 2302900, 1554000, 2002800, 1529300, 4069900, 1754300, 13608600, 4969200, 2990500, 2114600, 1653600, 2457300, 2105700, 2263000, 1630200, 1764400, 1749300, 1935500, 1627800, 1165800, 1209700]

id 8
F = [11, 6, 21, 26, 114, 8, 144, 40, 26, 88, 16, 61, 19, 44, 48, 83, 121, 43, 5, 10, 7, 60, 8, 77, 201, 184, 128, 64, 83, 47]
F2 = [0, 0, 0, 0, 0, 0, 0, 0, 0, 0, 0, 0, 0, 0, 0, 0, 0, 0, 0, 0, 0, 0, 0, 0, 0, 0, 0, 0, 0, 0]
T = [67800, 234800, 81100, 53600, 201800, 60900, 275700, 98300, 150100, 274600, 60600, 234300, 45400, 138200, 237800, 1316100, 293900, 112600, 28800, 30000, 34700, 138800, 37900, 295600, 458000, 621600, 479100, 260800, 284600, 123500]
T2 = [1676600, 2826400, 1346900, 2259100, 1701900, 2335600, 2725000, 4183900, 8372500, 2597700, 2099700, 2241100, 1409600, 1865300, 2063100, 1971700, 2793600, 1623700, 1934300, 2963000, 1844300, 1835700, 1831800, 3949400, 3569600, 1841400, 3006100, 2436800, 1885300, 1783100]

id 9
F = [25, 57, 8, 120, 149, 48, 74, 38, 119, 66, 130, 72, 76, 156, 18, 128, 38, 1, 7, 29, 78, 14, 36, 12, 97, 66, 22, 51, 98, 113]
F2 = [0, 0, 0, 0, 0, 0, 0, 0, 0, 0, 0, 0, 0, 0, 0, 0, 0, 0, 0, 0, 0, 0, 0, 0, 0, 0, 0, 0, 0, 0]
T = [120300, 172600, 62100, 215700, 480300, 121100, 200000, 296100, 292800, 140000, 347500, 9679500, 457200, 1066800, 141200, 338600, 96800, 22400, 41200, 82700, 311000, 53400, 95000, 83800, 212400, 107700, 72900, 178900, 285400, 659700]
T2 = [3339200, 2109600, 8932000, 2480900, 8048800, 2909200, 1655100, 10061200, 6868800, 78743100, 13612800, 13693400, 49752300, 18398200, 3002200, 1647400, 1809900, 1657300, 1715500, 2201900, 1914600, 2764900, 2111000, 2080500, 1877500, 1872700, 1847400, 1978300, 1794100, 2017100]

id 10
F = [66, 25, 6, 1, 26, 21, 48, 168, 1, 49, 32, 40, 36, 73, 36, 31, 71, 132, 27, 52, 3, 33, 122, 10, 28, 173, 46, 76, 19, 80]
F2 = [0, 0, 0, 0, 0, 0, 0, 0, 0, 0, 0, 0, 0, 0, 0, 0, 0, 0, 0, 0, 0, 0, 0, 0, 0, 0, 0, 0, 0, 0]
T = [211700, 101700, 54000, 21300, 66300, 75300, 166100, 355100, 13900, 135900, 209900, 165900, 96000, 505400, 85700, 142200, 170500, 388700, 74500, 149100, 29500, 1466100, 568700, 203100, 92700, 445000, 82200, 193200, 98500, 129500]
T2 = [2259300, 2143400, 2368900, 2073300, 1480300, 3278200, 2043500, 2867600, 1801000, 2435900, 2596300, 2208800, 2862300, 2969600, 2612000, 2935700, 3321700, 4014500, 2797000, 1927400, 15606900, 3239500, 3770900, 2554300, 3108800, 1880900, 1653200, 2026000, 1720300, 1476800]

id 11
F = [1, 46, 77, 7, 125, 14, 56, 49, 79, 17, 238, 3, 22, 25, 10, 5, 125, 15, 175, 2, 48, 61, 55, 3, 18, 2, 90, 344, 330, 7]
F2 = [0, 0, 0, 0, 0, 0, 0, 0, 0, 0, 0, 0, 0, 0, 0, 0, 0, 0, 0, 0, 0, 0, 0, 0, 0, 0, 0, 0, 0, 0]
T = [54300, 122900, 208700, 50100, 299100, 45300, 129700, 132100, 308500, 64300, 578600, 24000, 64800, 60300, 45000, 57500, 325900, 56200, 343600, 21500, 139200, 191900, 141300, 25100, 48500, 21500, 3785700, 1270200, 1077100, 46200]
T2 = [6213000, 2390000, 2298700, 1589800, 1755500, 1713400, 1796800, 1977300, 2010700, 2227200, 1779100, 1563700, 1628200, 2133500, 41388400, 2890700, 6597600, 1610800, 1707300, 1939500, 3880500, 1811500, 5697500, 1762900, 1525300, 1622600, 2112400, 1545100, 3967600, 2466600]

id 12
F = [120, 67, 58, 53, 178, 48, 88, 7, 126, 7, 1, 110, 65, 40, 104, 23, 18, 30, 78, 305, 12, 34, 140, 69, 16, 100, 102, 60, 41, 79]
F2 = [0, 0, 0, 0, 0, 0, 0, 0, 0, 0, 0, 0, 0, 0, 0, 0, 0, 0, 0, 0, 0, 0, 0, 0, 0, 0, 0, 0, 0, 0]
T = [387600, 142600, 136700, 287700, 368300, 119100, 286300, 31800, 322800, 30700, 17000, 372000, 110100, 85700, 280700, 58000, 71100, 78300, 194100, 850400, 46200, 128100, 215800, 177500, 50900, 200200, 344300, 167900, 114500, 191500]
T2 = [1473800, 1473200, 1926800, 1729300, 1839200, 2236400, 1922800, 2755600, 2091200, 1499800, 2982600, 1569000, 1481700, 2058500, 2271500, 3315600, 1895500, 1965700, 2441000, 1765000, 2178600, 2387500, 1561800, 2312900, 1746200, 2053200, 1600000, 1641600, 2131600, 2257600]

id 13
F = [3, 87, 70, 111, 104, 187, 13, 54, 4, 68, 240, 28, 45, 107, 20, 62, 19, 68, 233, 30, 134, 19, 12, 14, 60, 7, 1, 7, 17, 27]
F2 = [0, 0, 0, 0, 0, 0, 0, 0, 0, 0, 0, 0, 0, 0, 0, 0, 0, 0, 0, 0, 0, 0, 0, 0, 0, 0, 0, 0, 0, 0]
T = [121300, 210100, 295000, 413000, 312500, 1428100, 97500, 420400, 31700, 896900, 369400, 89800, 86400, 165800, 101700, 140800, 42600, 150900, 483700, 71000, 316100, 73100, 39000, 79300, 143200, 27800, 20100, 31400, 1030600, 68700]
T2 = [1460300, 16709200, 2004600, 1678800, 1555100, 1885200, 1777900, 1691400, 3878700, 1151300, 1367400, 1872100, 1149000, 1213700, 1899500, 1371200, 1264000, 1517700, 1283300, 1393300, 1724800, 2256500, 2964200, 2254300, 2131100, 4468400, 1860000, 1974800, 6032200, 1407600]

id 14
F = [128, 111, 36, 91, 16, 1, 290, 29, 226, 15, 9, 85, 65, 324, 27, 43, 47, 9, 142, 11, 47, 19, 25, 125, 26, 107, 10, 94, 52, 100]
F2 = [0, 0, 0, 0, 0, 0, 0, 0, 0, 0, 0, 0, 0, 0, 0, 0, 0, 0, 0, 0, 0, 0, 0, 0, 0, 0, 0, 0, 0, 0]
T = [226400, 186000, 92200, 232300, 48000, 13300, 638600, 144400, 461500, 59900, 178000, 141900, 139200, 1455700, 72000, 114900, 124900, 28000, 423600, 38600, 110600, 38900, 102500, 209200, 50600, 263600, 26900, 241600, 85400, 224900]
T2 = [1125100, 1495500, 1761500, 1591300, 1298500, 1433100, 1373100, 1459300, 1821200, 1896000, 1419400, 1311200, 1700800, 1395400, 1212300, 2361200, 1489000, 1603700, 1494500, 1559600, 1615100, 1437200, 1466300, 2344100, 1157800, 1125800, 2144500, 1720900, 1437000, 1698000]

id 15
F = [85, 14, 14, 93, 22, 82, 14, 18, 30, 193, 130, 73, 80, 2, 47, 38, 223, 30, 129, 37, 5, 83, 1, 31, 63, 90, 39, 26, 67, 92]
F2 = [0, 0, 0, 0, 0, 0, 0, 0, 0, 0, 0, 0, 0, 0, 0, 0, 0, 0, 0, 0, 0, 0, 0, 0, 0, 0, 0, 0, 0, 0]
T = [297400, 46800, 33000, 141300, 43200, 168300, 61800, 64600, 77800, 749500, 750100, 262000, 369700, 24400, 222300, 151200, 1280000, 128400, 397400, 186800, 43500, 345800, 27800, 173100, 254000, 346800, 170800, 94200, 237300, 276400]
T2 = [2095100, 1567200, 1138900, 1120800, 1189800, 2167300, 2306900, 2039200, 2263800, 1385700, 1826800, 1696000, 1713700, 2094000, 1937500, 3579500, 2194500, 1552300, 1796200, 3143600, 2275600, 2390200, 2063300, 1736500, 1630800, 3901800, 1944100, 1990700, 2228300, 1955800]

id 16
F = [56, 42, 50, 29, 24, 21, 32, 40, 23, 125, 24, 46, 12, 79, 6, 17, 10, 65, 98, 48, 75, 90, 21, 22, 6, 272, 164, 84, 28, 39]
F2 = [0, 0, 0, 0, 0, 0, 0, 0, 0, 0, 0, 0, 0, 0, 0, 0, 0, 0, 0, 0, 0, 0, 0, 0, 0, 0, 0, 0, 0, 0]
T = [242200, 184100, 205900, 112500, 90100, 99200, 161400, 475900, 102400, 386400, 99900, 179400, 163300, 458600, 46000, 82200, 90200, 197400, 217300, 126800, 152400, 140300, 69500, 51600, 19500, 401800, 431000, 131900, 69300, 75700]
T2 = [1802900, 3190200, 3083400, 1668800, 1637500, 1824900, 1764900, 2218200, 1724700, 2027500, 1816000, 1743500, 2807300, 1850200, 2668100, 2035700, 2740300, 2659000, 1480700, 1807000, 1148600, 1116600, 2044700, 1131600, 1290100, 1089100, 1147700, 1127600, 1154400, 1133800]

id 17
F = [28, 126, 117, 144, 195, 91, 24, 38, 31, 96, 129, 84, 134, 158, 34, 7, 125, 53, 12, 102, 164, 151, 78, 5, 15, 16, 58, 46, 42, 117]
F2 = [0, 0, 0, 0, 0, 0, 0, 0, 0, 0, 0, 0, 0, 0, 0, 0, 0, 0, 0, 0, 0, 0, 0, 0, 0, 0, 0, 0, 0, 0]
T = [55900, 272300, 175900, 241300, 447500, 164400, 52600, 89300, 95400, 164900, 261500, 167900, 275300, 233500, 57600, 61100, 233800, 135100, 33800, 153000, 230300, 538400, 290500, 21000, 37300, 44100, 120500, 75200, 70800, 186900]
T2 = [1147100, 1222900, 1155300, 1235900, 2563700, 1120700, 1453500, 1582500, 1382200, 1146400, 1588500, 1529200, 1195100, 1099900, 1865400, 1467700, 1143200, 1140800, 1141900, 1106400, 1569200, 1918100, 1971400, 1557700, 1594100, 1342700, 1122200, 1081600, 1254600, 1102200]

id 18
F = [43, 21, 56, 9, 29, 102, 90, 20, 25, 103, 71, 194, 82, 29, 19, 17, 165, 135, 9, 258, 19, 38, 129, 69, 95, 16, 45, 76, 60, 57]
F2 = [0, 0, 0, 0, 0, 0, 0, 0, 0, 0, 0, 0, 0, 0, 0, 0, 0, 0, 0, 0, 0, 0, 0, 0, 0, 0, 0, 0, 0, 0]
T = [115400, 55100, 90700, 33700, 60400, 132500, 195200, 41000, 57400, 142900, 100100, 400200, 154200, 62600, 35600, 30100, 214100, 206400, 67800, 844200, 48400, 157900, 424300, 146000, 137000, 76300, 163300, 151400, 106700, 93100]
T2 = [1118700, 1092700, 1093000, 1463000, 1110800, 1080000, 1369500, 1096300, 1099400, 1135200, 1127400, 1298900, 1385200, 1276200, 1106100, 1130500, 1097300, 1128200, 2017700, 1932500, 1307000, 1914100, 1800400, 1414400, 2725500, 2771000, 3000000, 1126400, 1173800, 1112400]

id 19
F = [23, 269, 120, 81, 120, 20, 2, 44, 67, 159, 32, 18, 1, 43, 51, 71, 40, 92, 30, 28, 1, 14, 111, 1, 15, 33, 54, 47, 41, 127]
F2 = [0, 0, 0, 0, 0, 0, 0, 0, 0, 0, 0, 0, 0, 0, 0, 0, 0, 0, 0, 0, 0, 0, 0, 0, 0, 0, 0, 0, 0, 0]
T = [58300, 357100, 187300, 105000, 186100, 63300, 17200, 65700, 119800, 776300, 111300, 74400, 9000, 193400, 188000, 137700, 86600, 275400, 103400, 219500, 26300, 34300, 147000, 15900, 53900, 145900, 183600, 79300, 155100, 433000]
T2 = [1096100, 1071700, 1060800, 1095500, 1075800, 1088400, 1091100, 1070800, 4226800, 2649500, 2718800, 2708800, 2767000, 2822600, 2492600, 1969100, 1170500, 1468400, 3863600, 4203700, 2782600, 1080200, 1907800, 1133200, 1162800, 2796800, 2126100, 2257500, 2871900, 2808800]

id 20
F = [26, 41, 45, 68, 2, 28, 61, 50, 70, 30, 8, 9, 10, 12, 147, 30, 32, 42, 120, 28, 66, 25, 38, 2, 118, 12, 9, 106, 91, 53]
F2 = [0, 0, 0, 0, 0, 0, 0, 0, 0, 0, 0, 0, 0, 0, 0, 0, 0, 0, 0, 0, 0, 0, 0, 0, 0, 0, 0, 0, 0, 0]
T = [109900, 148900, 163400, 236300, 22200, 104500, 234100, 205200, 462300, 123400, 51000, 62400, 62500, 62000, 789700, 141200, 124300, 153400, 1101400, 110500, 226400, 96600, 145000, 19100, 424000, 56800, 69700, 353400, 322600, 194800]
T2 = [2867400, 2860100, 2973500, 2826900, 2902600, 2859600, 2848300, 3103300, 3947100, 3148600, 2998300, 2885000, 3006200, 3465700, 2849300, 2939900, 2898000, 5250100, 3992000, 2881000, 2876500, 2940600, 2861400, 2965100, 2863600, 2887700, 3116200, 2817500, 2837700, 2957200]

id 21
F = [77, 9, 55, 19, 85, 5, 15, 8, 80, 13, 41, 15, 128, 33, 20, 105, 112, 21, 39, 43, 134, 28, 64, 12, 220, 34, 11, 4, 6, 15]
F2 = [0, 0, 0, 0, 0, 0, 0, 0, 0, 0, 0, 0, 0, 0, 0, 0, 0, 0, 0, 0, 0, 0, 0, 0, 0, 0, 0, 0, 0, 0]
T = [289500, 39000, 199600, 204500, 734600, 36300, 73200, 68600, 318700, 69000, 180200, 66300, 474400, 128500, 97600, 355100, 519000, 125900, 195200, 332000, 634700, 149700, 277600, 64800, 972400, 167500, 79600, 47700, 51200, 68100]
T2 = [2864000, 2890400, 3057400, 5117800, 4822600, 2891500, 2923000, 3022800, 2854700, 3003700, 3341900, 2940000, 2941200, 2839600, 3066100, 3509000, 3783200, 3497800, 4704700, 3083000, 3140600, 3227500, 3496600, 3232900, 4018400, 3561700, 2981200, 4232000, 2909600, 3360800]

id 22
F = [8, 33, 5, 27, 26, 12, 72, 112, 28, 26, 7, 66, 18, 59, 51, 64, 16, 100, 49, 70, 31, 6, 195, 44, 10, 91, 57, 77, 10, 67]
F2 = [0, 0, 0, 0, 0, 0, 0, 0, 0, 0, 0, 0, 0, 0, 0, 0, 0, 0, 0, 0, 0, 0, 0, 0, 0, 0, 0, 0, 0, 0]
T = [53500, 140000, 34600, 100800, 221300, 61100, 291200, 380700, 111100, 119600, 34300, 253700, 74100, 211100, 174400, 221500, 62300, 336400, 175500, 272000, 115500, 28500, 631300, 162700, 47900, 322000, 193300, 314000, 46600, 210400]
T2 = [2951400, 2829600, 2880200, 3435100, 3513300, 2903500, 2883400, 2835400, 2972200, 2870800, 2882300, 2859400, 2843000, 2856600, 2839100, 2840000, 2867200, 2905200, 2851200, 2883900, 2847600, 2880800, 2867200, 2841800, 2961600, 2824900, 2827500, 2592900, 2424400, 4138000]

id 23
F = [77, 10, 10, 56, 77, 25, 51, 113, 35, 11, 28, 30, 12, 228, 9, 185, 115, 33, 52, 48, 61, 15, 44, 60, 151, 160, 1, 8, 66, 142]
F2 = [0, 0, 0, 0, 0, 0, 0, 0, 0, 0, 0, 0, 0, 0, 0, 0, 0, 0, 0, 0, 0, 0, 0, 0, 0, 0, 0, 0, 0, 0]
T = [337500, 109100, 59600, 335500, 331700, 161700, 156200, 442200, 118400, 44600, 84900, 95600, 47800, 615700, 41700, 581500, 322000, 221200, 223400, 211800, 298900, 86100, 196500, 250800, 631100, 650900, 19400, 53900, 401000, 585600]
T2 = [3648900, 3576400, 3607300, 3677400, 3758200, 2524500, 2346900, 2544700, 2351400, 2382100, 2403300, 2381900, 2377700, 2300100, 2396300, 2437800, 2605600, 3647000, 3501000, 3518700, 3776200, 3620800, 3527300, 3525800, 3454100, 3711700, 3900300, 3571200, 3751300, 3461200]

id 24
F = [9, 22, 7, 73, 122, 98, 22, 1, 60, 62, 7, 4, 71, 68, 35, 32, 61, 70, 9, 89, 85, 105, 27, 11, 176, 108, 6, 25, 25, 19]
F2 = [0, 0, 0, 0, 0, 0, 0, 0, 0, 0, 0, 0, 0, 0, 0, 0, 0, 0, 0, 0, 0, 0, 0, 0, 0, 0, 0, 0, 0, 0]
T = [56700, 117100, 48500, 265000, 770000, 406900, 104100, 15700, 270800, 267200, 55100, 37400, 433200, 293600, 184900, 107800, 257900, 222400, 53900, 254800, 362600, 498000, 102900, 50400, 474500, 306100, 35300, 195400, 118500, 95300]
T2 = [3588000, 3514700, 3365300, 3723500, 3356600, 3612300, 3508900, 3574200, 3594200, 3323300, 4186200, 4100500, 4014700, 3487700, 3741400, 2437400, 2858300, 2632300, 2513100, 2819600, 3471000, 3466700, 2359800, 2377000, 2303300, 2366300, 2545200, 3617200, 3908600, 3572400]

id 25
F = [14, 2, 20, 24, 113, 124, 28, 60, 194, 15, 22, 1, 63, 37, 14, 12, 55, 26, 34, 42, 46, 75, 211, 83, 56, 10, 22, 12, 23, 166]
F2 = [0, 0, 0, 0, 0, 0, 0, 0, 0, 0, 0, 0, 0, 0, 0, 0, 0, 0, 0, 0, 0, 0, 0, 0, 0, 0, 0, 0, 0, 0]
T = [102900, 26500, 132400, 111300, 392800, 460200, 113500, 304400, 907900, 65500, 86400, 16500, 315700, 134600, 63600, 66900, 196600, 96900, 135400, 159100, 163800, 325000, 682800, 295500, 195300, 47400, 91200, 63600, 110500, 563200]
T2 = [4132800, 4323100, 3483100, 2883500, 3088100, 3238000, 2938600, 3192600, 2789100, 2851100, 2932000, 2906500, 2836800, 3091600, 2857800, 2895400, 2825400, 3004000, 2880400, 2858700, 2861900, 2846000, 2919000, 2821800, 2859800, 2868700, 2997000, 2890300, 3170500, 2813100]

id 26
F = [145, 7, 84, 74, 278, 80, 28, 29, 143, 44, 92, 10, 4, 52, 43, 33, 19, 58, 57, 14, 52, 177, 75, 14, 76, 8, 44, 46, 75, 82]
F2 = [0, 0, 0, 0, 0, 0, 0, 0, 0, 0, 0, 0, 0, 0, 0, 0, 0, 0, 0, 0, 0, 0, 0, 0, 0, 0, 0, 0, 0, 0]
T = [694300, 38600, 291500, 284400, 2963700, 362600, 136600, 139000, 483700, 185800, 353400, 82500, 53300, 192400, 174000, 127200, 78700, 208700, 237600, 70600, 183600, 579500, 262600, 81500, 266300, 68600, 218800, 218800, 252900, 299500]
T2 = [3678900, 2888700, 3091600, 2900600, 3355400, 3003300, 3890400, 2877500, 3081900, 2891300, 2971000, 3034400, 3853900, 2853700, 2831600, 2854600, 2966000, 3174900, 2873400, 2868900, 2825900, 2834900, 2840300, 2884900, 3368900, 3386700, 3219100, 3255800, 2846000, 2828500]

id 27
F = [27, 27, 108, 181, 19, 60, 91, 181, 1, 145, 15, 31, 105, 15, 80, 22, 53, 35, 30, 90, 14, 62, 51, 36, 48, 112, 63, 42, 64, 136]
F2 = [0, 0, 0, 0, 0, 0, 0, 0, 0, 0, 0, 0, 0, 0, 0, 0, 0, 0, 0, 0, 0, 0, 0, 0, 0, 0, 0, 0, 0, 0]
T = [133900, 120700, 370400, 614200, 88100, 346000, 340100, 595700, 17000, 489000, 55100, 130300, 349600, 72100, 269200, 86700, 196500, 165900, 106800, 337100, 63400, 216900, 191100, 153400, 303300, 484000, 225600, 162900, 256300, 459200]
T2 = [2945300, 2887400, 3010400, 2867200, 3030800, 3135100, 2842600, 3008000, 2905300, 2799500, 2910900, 2830600, 2822300, 2889700, 2824100, 2842200, 2844500, 2851100, 2888000, 2831400, 2870500, 2834900, 2846600, 3076000, 2960100, 3196200, 2921000, 2859400, 2830900, 2923100]

id 28
F = [127, 52, 56, 48, 28, 18, 125, 113, 25, 31, 114, 183, 16, 17, 46, 22, 68, 20, 51, 32, 23, 121, 14, 28, 33, 270, 17, 17, 161, 105]
F2 = [0, 0, 0, 0, 0, 0, 0, 0, 0, 0, 0, 0, 0, 0, 0, 0, 0, 0, 0, 0, 0, 0, 0, 0, 0, 0, 0, 0, 0, 0]
T = [619900, 217100, 200100, 193000, 133400, 75200, 440400, 383900, 103100, 132900, 396700, 666000, 84000, 84900, 168200, 92900, 237600, 87200, 188900, 128200, 83900, 491300, 80500, 104200, 142600, 1083900, 101500, 77200, 531200, 357200]
T2 = [3136000, 3009400, 3131000, 3394600, 3015500, 3303900, 2911100, 3147200, 3412100, 2875200, 2876700, 2805900, 3213700, 2927500, 2872500, 2959900, 3137200, 2912300, 2993300, 2857400, 2885500, 2792000, 2906500, 2945800, 3086400, 3034000, 3013300, 2897500, 2825300, 2909800]

id 29
F = [86, 24, 110, 29, 50, 41, 73, 78, 47, 36, 39, 89, 21, 173, 25, 59, 55, 48, 141, 20, 103, 24, 13, 46, 74, 51, 13, 43, 19, 10]
F2 = [0, 0, 0, 0, 0, 0, 0, 0, 0, 0, 0, 0, 0, 0, 0, 0, 0, 0, 0, 0, 0, 0, 0, 0, 0, 0, 0, 0, 0, 0]
T = [296500, 201900, 379000, 124700, 191500, 158400, 324500, 419600, 193300, 130500, 140300, 319000, 84800, 645600, 120400, 276200, 208700, 162900, 489700, 87000, 352200, 95000, 63500, 178500, 273300, 174200, 55300, 166300, 99700, 45900]
T2 = [2864600, 3499500, 6161800, 2863500, 2861200, 3034500, 3160000, 3093200, 3044600, 2832700, 3049200, 2818800, 2877200, 2810700, 3099900, 2856300, 2845800, 2829600, 2877400, 2933800, 2872700, 2874100, 3039700, 3095700, 2824800, 2832800, 2877900, 2960800, 2873400, 2928400]

id 30
F = [41, 28, 8, 30, 7, 2, 106, 142, 27, 7, 188, 56, 40, 102, 127, 11, 163, 19, 86, 79, 399, 147, 21, 37, 34, 22, 6, 24, 92, 19]
F2 = [0, 0, 0, 0, 0, 0, 0, 0, 0, 0, 0, 0, 0, 0, 0, 0, 0, 0, 0, 0, 0, 0, 0, 0, 0, 0, 0, 0, 0, 0]
T = [155900, 139200, 49100, 123100, 51100, 22300, 396900, 511200, 106500, 42900, 624400, 205400, 138500, 350500, 421400, 59800, 532900, 128600, 298500, 280100, 1371900, 497900, 106700, 133000, 134700, 81700, 40000, 98200, 352500, 95400]
T2 = [2873900, 3180200, 2903200, 3036400, 2890600, 3020100, 2958100, 2815600, 2921500, 2972400, 2877400, 3085000, 2834400, 2963500, 2812100, 2994600, 2872500, 2872300, 2835000, 2841500, 2996700, 3114700, 2896200, 2968200, 2833600, 2906800, 2915900, 3001800, 3038300, 2976500]

id 31
F = [75, 100, 27, 68, 122, 1, 5, 15, 35, 55, 58, 68, 21, 13, 18, 36, 126, 250, 26, 6, 5, 40, 6, 14, 12, 54, 39, 39, 21, 88]
F2 = [0, 0, 0, 0, 0, 0, 0, 0, 0, 0, 0, 0, 0, 0, 0, 0, 0, 0, 0, 0, 0, 0, 0, 0, 0, 0, 0, 0, 0, 0]
T = [279000, 410100, 156500, 270400, 416900, 26100, 68000, 71700, 184000, 200400, 262700, 241700, 90500, 60100, 86900, 189100, 433000, 839200, 104600, 39400, 26700, 209600, 54000, 95000, 79600, 192300, 156000, 164300, 90000, 604800]
T2 = [3013300, 3095200, 4133900, 2858100, 2950500, 2982700, 3082600, 3781300, 2905500, 3281200, 2930400, 2943900, 3056900, 2998000, 2847300, 3055100, 2840400, 2792100, 2928000, 2886400, 3086300, 3053300, 3195900, 3165200, 2922900, 2868500, 2837200, 2894900, 3226300, 2964200]

id 32
F = [47, 43, 22, 31, 170, 18, 13, 119, 38, 36, 111, 92, 19, 51, 41, 64, 18, 41, 10, 66, 71, 210, 76, 121, 73, 38, 83, 249, 34, 140]
F2 = [0, 0, 0, 0, 0, 0, 0, 0, 0, 0, 0, 0, 0, 0, 0, 0, 0, 0, 0, 0, 0, 0, 0, 0, 0, 0, 0, 0, 0, 0]
T = [2009700, 218600, 89900, 119200, 567100, 116800, 62200, 397400, 155000, 135600, 374100, 323100, 109300, 199900, 155300, 233800, 86800, 154400, 58400, 260200, 252500, 686300, 264400, 406800, 264700, 130100, 300900, 825000, 132000, 670300]
T2 = [4826200, 3445000, 3729500, 3096700, 3201300, 3314200, 2883400, 2850800, 2883300, 2870900, 2982200, 3235000, 3010000, 2895700, 2889100, 3195300, 3058700, 2882100, 3343500, 2907900, 2878200, 2794000, 2919900, 2845000, 2847200, 2994900, 2976700, 2802400, 2878000, 3053100]

id 33
F = [24, 111, 62, 139, 65, 53, 48, 1, 4, 69, 114, 25, 95, 53, 22, 64, 51, 73, 31, 60, 49, 103, 35, 120, 60, 56, 11, 10, 40, 32]
F2 = [0, 0, 0, 0, 0, 0, 0, 0, 0, 0, 0, 0, 0, 0, 0, 0, 0, 0, 0, 0, 0, 0, 0, 0, 0, 0, 0, 0, 0, 0]
T = [150800, 545400, 446200, 490600, 401100, 293500, 367300, 21900, 37100, 246000, 567000, 147000, 336700, 256600, 114900, 232800, 281500, 362800, 173300, 298900, 241000, 587500, 154800, 496900, 207100, 225700, 56700, 71100, 181700, 154800]
T2 = [5566300, 4265500, 3777600, 3395800, 3596100, 3388600, 4286900, 2958100, 3615700, 3015900, 3429000, 3553800, 3044700, 3270800, 3396400, 3231400, 3783400, 3357400, 3332000, 3435600, 3305500, 2929500, 2913600, 2852400, 2835400, 2855300, 2905900, 2922000, 3227100, 2839400]

id 34
F = [243, 72, 71, 110, 17, 112, 11, 104, 93, 77, 116, 40, 5, 12, 8, 6, 139, 22, 10, 14, 86, 1, 4, 8, 77, 47, 9, 21, 42, 64]
F2 = [0, 0, 0, 0, 0, 0, 0, 0, 0, 0, 0, 0, 0, 0, 0, 0, 0, 0, 0, 0, 0, 0, 0, 0, 0, 0, 0, 0, 0, 0]
T = [834100, 384500, 1011800, 417100, 98500, 709200, 62700, 422000, 804100, 264600, 406700, 158300, 44900, 57000, 77400, 76200, 698100, 93400, 50300, 62400, 430000, 24800, 30900, 42600, 2169100, 176300, 65600, 85000, 152900, 336300]
T2 = [3673900, 3748000, 2907700, 3420600, 3761800, 3652800, 3075200, 2953800, 2988300, 2951900, 3024400, 3203500, 2967400, 3110800, 3074000, 3498800, 3376900, 2867600, 3175600, 3216200, 3732300, 2911500, 2942900, 2905400, 3151200, 3402500, 2903000, 2881600, 3279000, 3571200]

id 35
F = [39, 131, 65, 39, 120, 53, 192, 71, 141, 32, 111, 7, 30, 37, 193, 73, 46, 90, 30, 42, 89, 55, 14, 8, 165, 71, 51, 95, 34, 37]
F2 = [0, 0, 0, 0, 0, 0, 0, 0, 0, 0, 0, 0, 0, 0, 0, 0, 0, 0, 0, 0, 0, 0, 0, 0, 0, 0, 0, 0, 0, 0]
T = [149400, 438400, 227400, 146100, 434000, 212000, 655300, 264500, 538800, 150500, 415800, 60200, 124600, 161900, 635100, 260000, 184800, 311800, 111500, 156500, 300000, 183500, 63200, 37100, 558600, 246200, 177200, 322500, 116300, 127100]
T2 = [2886100, 2834700, 2834300, 2890700, 2834000, 2906200, 2823000, 2838500, 2899300, 2926700, 2965600, 3066300, 2869800, 2901900, 2808200, 2826800, 2907600, 2849900, 2937700, 2877300, 2828300, 2883900, 2897200, 2889400, 2896600, 2847100, 2915200, 2865100, 2848700, 2862200]

id 36
F = [76, 264, 4, 31, 19, 60, 36, 31, 28, 18, 66, 26, 16, 110, 10, 113, 37, 11, 100, 65, 83, 9, 66, 39, 38, 113, 22, 118, 4, 41]
F2 = [0, 0, 0, 0, 0, 0, 0, 0, 0, 0, 0, 0, 0, 0, 0, 0, 0, 0, 0, 0, 0, 0, 0, 0, 0, 0, 0, 0, 0, 0]
T = [279200, 925700, 28900, 115000, 84400, 257100, 132400, 119000, 106700, 79300, 246400, 141400, 70600, 374600, 43700, 380500, 130700, 47600, 335100, 231600, 294800, 56000, 225500, 132100, 136000, 383300, 81400, 400000, 21200, 152700]
T2 = [2851700, 2762700, 2862800, 2864300, 2903400, 2861200, 2873000, 2846300, 2925100, 2968400, 2903900, 3146700, 2896200, 2803000, 2906200, 2819200, 2835500, 2874900, 2809200, 2847700, 2881300, 2872900, 2826800, 2827200, 2879900, 2814400, 2882800, 2806500, 2957200, 2843800]

id 37
F = [167, 5, 127, 219, 39, 69, 6, 81, 187, 23, 12, 45, 31, 133, 1, 13, 20, 7, 21, 182, 58, 8, 16, 31, 225, 188, 29, 30, 21, 18]
F2 = [0, 0, 0, 0, 0, 0, 0, 0, 0, 0, 0, 0, 0, 0, 0, 0, 0, 0, 0, 0, 0, 0, 0, 0, 0, 0, 0, 0, 0, 0]
T = [714100, 53700, 408800, 906600, 202900, 306800, 53700, 291100, 515100, 96500, 50400, 135800, 94100, 371600, 21000, 72900, 91400, 34300, 66700, 514900, 158600, 66800, 72600, 142400, 833000, 774000, 147600, 88700, 60500, 134500]
T2 = [3656600, 3199400, 2729400, 3522400, 3551700, 2484800, 2426900, 2341100, 2299500, 3894800, 2606700, 2337100, 2635700, 2376100, 5165000, 3536100, 2945300, 2363200, 2368200, 2311700, 2336400, 3940200, 3170100, 3127100, 3527800, 3050800, 2337200, 2333200, 2363800, 3143900]

id 38
F = [112, 54, 15, 79, 49, 78, 23, 78, 84, 47, 57, 52, 129, 209, 39, 11, 61, 284, 76, 163, 11, 16, 22, 97, 105, 12, 52, 234, 3, 92]
F2 = [0, 0, 0, 0, 0, 0, 0, 0, 0, 0, 0, 0, 0, 0, 0, 0, 0, 0, 0, 0, 0, 0, 0, 0, 0, 0, 0, 0, 0, 0]
T = [1190500, 578100, 154300, 450800, 219800, 519000, 121400, 436700, 336600, 273900, 247700, 404100, 612100, 699900, 150000, 70100, 213200, 992400, 289300, 552300, 69000, 66200, 99800, 336200, 392200, 58400, 195100, 772100, 52100, 351800]
T2 = [3666900, 3639300, 4716500, 3570100, 2900500, 4047700, 3240300, 3101500, 4206200, 3767700, 3347300, 3662200, 3260700, 4612300, 3422300, 2897200, 2941900, 2914000, 2902600, 2831400, 3076900, 2873400, 2856000, 2815400, 2872700, 3098000, 2834700, 3022700, 3011300, 3108800]

id 39
F = [75, 8, 23, 7, 60, 212, 278, 50, 44, 2, 53, 109, 19, 5, 38, 23, 26, 154, 114, 27, 47, 19, 124, 117, 29, 31, 19, 36, 2, 27]
F2 = [0, 0, 0, 0, 0, 0, 0, 0, 0, 0, 0, 0, 0, 0, 0, 0, 0, 0, 0, 0, 0, 0, 0, 0, 0, 0, 0, 0, 0, 0]
T = [304500, 50200, 89500, 35600, 206200, 769500, 906400, 167300, 174400, 23400, 196700, 376000, 90100, 34000, 154100, 94400, 105300, 866600, 396800, 147600, 235300, 86100, 429100, 398200, 110300, 156900, 81400, 137500, 19200, 106500]
T2 = [2854500, 2871000, 2859500, 2935200, 2844300, 2939700, 2761100, 2821700, 2840600, 2875100, 2838600, 3153200, 2898400, 3046200, 3094300, 2831100, 2832900, 2846500, 3256800, 3636900, 3358500, 2903400, 2804600, 3150300, 2944300, 3009000, 3061600, 2971800, 2978000, 3155200]

id 40
F = [4, 20, 70, 97, 17, 129, 46, 38, 95, 12, 50, 25, 12, 159, 16, 90, 61, 56, 71, 259, 40, 62, 33, 33, 60, 94, 102, 94, 164, 16]
F2 = [0, 0, 0, 0, 0, 0, 0, 0, 0, 0, 0, 0, 0, 0, 0, 0, 0, 0, 0, 0, 0, 0, 0, 0, 0, 0, 0, 0, 0, 0]
T = [37800, 90000, 243100, 1676700, 76600, 433700, 173800, 143900, 331900, 66600, 180000, 97900, 52500, 555000, 74200, 317600, 231500, 243500, 268300, 840400, 142400, 227800, 134200, 127200, 216300, 331200, 349600, 320900, 536400, 73100]
T2 = [2906400, 2905600, 2807400, 3106100, 3078000, 3334000, 2854800, 3147500, 2829900, 2901800, 2835100, 2868300, 2854700, 2867600, 3019900, 2909800, 2856300, 2910800, 3107200, 2786700, 2825900, 2889700, 2873000, 3104300, 2873600, 2865700, 2821400, 2839900, 2924700, 2968500]

id 41
F = [221, 75, 29, 16, 16, 130, 112, 45, 24, 79, 69, 12, 95, 27, 31, 29, 70, 39, 35, 80, 1, 21, 46, 18, 12, 47, 54, 4, 65, 11]
F2 = [0, 0, 0, 0, 0, 0, 0, 0, 0, 0, 0, 0, 0, 0, 0, 0, 0, 0, 0, 0, 0, 0, 0, 0, 0, 0, 0, 0, 0, 0]
T = [749900, 280900, 138600, 74200, 79900, 451400, 412300, 160400, 107200, 387900, 268200, 91900, 350700, 119700, 119400, 111000, 244000, 147000, 196900, 286900, 23200, 87800, 177700, 76100, 60800, 178500, 216600, 29500, 230700, 55900]
T2 = [2957700, 2859200, 3141100, 3066300, 2959300, 2867100, 2882800, 2859900, 3712900, 3344500, 2937300, 2955700, 3418400, 2860600, 2854300, 3163400, 2892200, 2883300, 3194000, 3344500, 3477900, 2943700, 2875100, 2922100, 2919000, 2842300, 2907200, 2892800, 2885300, 2869800]

id 42
F = [8, 6, 57, 12, 2, 47, 163, 16, 19, 28, 39, 38, 73, 19, 2, 39, 3, 89, 25, 28, 73, 39, 215, 88, 59, 77, 80, 16, 42, 7]
F2 = [0, 0, 0, 0, 0, 0, 0, 0, 0, 0, 0, 0, 0, 0, 0, 0, 0, 0, 0, 0, 0, 0, 0, 0, 0, 0, 0, 0, 0, 0]
T = [49400, 47200, 216900, 66000, 36300, 173200, 641000, 70400, 80000, 107100, 145800, 196400, 301900, 77700, 22600, 150600, 26300, 332800, 101400, 139600, 262300, 143700, 709700, 302800, 215300, 266800, 274000, 75900, 160200, 32100]
T2 = [2914600, 2915500, 2847900, 3043000, 2922600, 2866600, 2830000, 2869800, 3057900, 2955100, 2833300, 3225200, 2835200, 2972800, 2894600, 2900100, 2898700, 2842800, 3206500, 3343000, 2847000, 3120600, 2776800, 2865100, 2838300, 2845300, 2832200, 2885200, 2820700, 2895600]

id 43
F = [11, 189, 106, 69, 22, 93, 68, 28, 21, 2, 45, 75, 158, 15, 137, 43, 7, 215, 7, 52, 73, 97, 65, 40, 10, 14, 19, 111, 221, 18]
F2 = [0, 0, 0, 0, 0, 0, 0, 0, 0, 0, 0, 0, 0, 0, 0, 0, 0, 0, 0, 0, 0, 0, 0, 0, 0, 0, 0, 0, 0, 0]
T = [66600, 643900, 356900, 245600, 95200, 354300, 236800, 109200, 85700, 26100, 161500, 268000, 541300, 70000, 479900, 161500, 35100, 716500, 55000, 192400, 259700, 327900, 212400, 150000, 69500, 103900, 96900, 412800, 741300, 75300]
T2 = [3221700, 2812400, 2821000, 3491000, 2914300, 2936600, 2847300, 2973800, 3045600, 2887500, 2856500, 2903500, 2917700, 2861300, 2940000, 2852800, 2880900, 2848700, 2933600, 2923800, 2878700, 2824500, 2859100, 2867100, 3833300, 3017200, 3905900, 3040900, 2804900, 3030900]

id 44
F = [16, 23, 28, 2, 75, 55, 1, 37, 28, 1, 11, 41, 92, 30, 29, 69, 62, 273, 93, 12, 90, 46, 97, 52, 5, 9, 31, 6, 83, 66]
F2 = [0, 0, 0, 0, 0, 0, 0, 0, 0, 0, 0, 0, 0, 0, 0, 0, 0, 0, 0, 0, 0, 0, 0, 0, 0, 0, 0, 0, 0, 0]
T = [116700, 111000, 114000, 45100, 604600, 317500, 26700, 222900, 117500, 13400, 77600, 152400, 304300, 144800, 176700, 282000, 223000, 895000, 358400, 51900, 454800, 197200, 452100, 196900, 23300, 53100, 116100, 26700, 273900, 326000]
T2 = [2976900, 3252200, 3200700, 3345600, 3724900, 3490800, 3052600, 3034300, 2876600, 2934700, 2934800, 2841400, 3361700, 2936400, 3271200, 3030000, 2843200, 2782400, 2839900, 3118900, 3090200, 3185100, 3119600, 2839600, 2889700, 2884000, 2842900, 2866700, 2917800, 3013500]

id 45
F = [15, 38, 47, 2, 50, 2, 1, 26, 4, 60, 18, 423, 84, 24, 10, 59, 136, 30, 21, 13, 137, 143, 14, 81, 19, 66, 14, 9, 112, 8]
F2 = [0, 0, 0, 0, 0, 0, 0, 0, 0, 0, 0, 0, 0, 0, 0, 0, 0, 0, 0, 0, 0, 0, 0, 0, 0, 0, 0, 0, 0, 0]
T = [72200, 154600, 170700, 42200, 213000, 22300, 17400, 103700, 28300, 226600, 84000, 1394200, 280300, 95500, 50300, 196300, 469500, 111100, 85400, 49700, 469000, 487700, 150000, 310800, 94600, 252300, 86400, 48200, 398100, 104000]
T2 = [2864400, 2837000, 2873200, 3088200, 2856900, 2882600, 2882300, 2874400, 3096500, 2868100, 2879700, 2736200, 2831500, 2890100, 2889200, 2845800, 2810400, 2891200, 2846200, 2931400, 2833100, 2809400, 3562400, 3056500, 2912400, 2954700, 2953100, 3234300, 2829000, 3634200]

id 46
F = [101, 88, 127, 137, 51, 174, 211, 1, 144, 26, 30, 28, 32, 125, 117, 1, 52, 16, 21, 55, 2, 43, 75, 6, 45, 28, 27, 120, 11, 49]
F2 = [0, 0, 0, 0, 0, 0, 0, 0, 0, 0, 0, 0, 0, 0, 0, 0, 0, 0, 0, 0, 0, 0, 0, 0, 0, 0, 0, 0, 0, 0]
T = [550700, 322300, 565700, 476900, 183700, 601400, 745400, 55400, 489600, 100900, 119800, 109300, 110300, 449300, 398300, 32000, 196400, 70500, 693200, 253200, 55700, 157200, 260100, 38800, 172800, 138500, 103000, 396600, 42600, 169800]
T2 = [3223900, 2849900, 2901700, 2841100, 3063900, 2883800, 2916400, 3177700, 2825600, 3134800, 3120900, 2837800, 3086000, 2858600, 2918300, 2892700, 2875700, 2896400, 4223100, 3011800, 2986700, 2953700, 2851900, 3076900, 2895300, 2883200, 2839000, 2814300, 2884000, 2868100]

id 47
F = [29, 47, 44, 29, 4, 27, 36, 39, 45, 80, 9, 53, 177, 110, 30, 2, 28, 1, 102, 13, 67, 6, 79, 125, 21, 138, 85, 23, 65, 142]
F2 = [0, 0, 0, 0, 0, 0, 0, 0, 0, 0, 0, 0, 0, 0, 0, 0, 0, 0, 0, 0, 0, 0, 0, 0, 0, 0, 0, 0, 0, 0]
T = [121500, 178100, 210900, 116800, 34200, 121800, 199000, 184900, 188100, 284800, 83800, 190300, 597200, 367800, 104900, 13000, 108900, 9400, 349700, 51500, 240500, 37600, 274600, 434200, 124800, 777800, 319000, 106200, 252100, 759700]
T2 = [2869900, 2836800, 3021200, 2834100, 2974700, 2913700, 3495100, 2915200, 2833600, 3012100, 2945300, 2836900, 3063000, 2821000, 2859600, 2907100, 2854600, 2929500, 2811200, 3073600, 2896100, 3031800, 3040500, 3678400, 3541100, 3552300, 4217400, 17129700, 3510800, 3015800]

id 48
F = [49, 11, 51, 30, 10, 6, 58, 30, 24, 31, 64, 28, 140, 30, 79, 16, 4, 233, 24, 65, 67, 53, 43, 55, 53, 61, 13, 243, 83, 68]
F2 = [0, 0, 0, 0, 0, 0, 0, 0, 0, 0, 0, 0, 0, 0, 0, 0, 0, 0, 0, 0, 0, 0, 0, 0, 0, 0, 0, 0, 0, 0]
T = [186500, 75400, 189500, 113800, 60000, 52400, 200800, 127900, 98100, 136600, 230500, 108100, 459800, 118400, 267100, 74000, 24000, 772200, 92200, 224100, 238500, 221300, 155500, 218100, 461000, 245600, 78500, 814300, 385000, 250100]
T2 = [2896400, 2919600, 2894400, 2873300, 3118200, 2933400, 2922300, 2860600, 2875800, 2875100, 2884500, 2873600, 2830700, 2842300, 2870300, 2858700, 2884900, 2783700, 2873200, 2827200, 3198300, 3242800, 3032700, 2892700, 3131700, 3210700, 2918500, 2810900, 3032000, 3212500]

id 49
F = [60, 19, 41, 64, 86, 16, 1, 43, 27, 78, 121, 84, 49, 35, 15, 11, 12, 191, 24, 13, 7, 45, 30, 6, 112, 12, 49, 67, 7, 31]
F2 = [0, 0, 0, 0, 0, 0, 0, 0, 0, 0, 0, 0, 0, 0, 0, 0, 0, 0, 0, 0, 0, 0, 0, 0, 0, 0, 0, 0, 0, 0]
T = [312800, 81200, 262700, 328400, 599300, 115300, 20700, 316700, 178700, 430000, 554100, 369300, 205800, 155800, 116100, 81300, 66900, 995500, 172900, 99700, 46700, 288800, 201200, 62600, 722100, 103900, 480600, 328500, 46500, 236800]
T2 = [4060100, 9009700, 14378100, 3655100, 6626400, 4158800, 4220500, 3716700, 4846700, 4449300, 3955300, 3461100, 2727400, 2962000, 3950000, 3658900, 3571200, 3748700, 4155500, 4837800, 2986200, 3533600, 4561200, 31541300, 4630000, 4559800, 4024200, 3683900, 4721500, 3839200]

