id 0
F = [211, 50, 28, 24, 461, 28, 77, 58, 13, 99, 84, 128, 5, 89, 18, 31, 53, 107, 48, 114, 1, 31, 105, 42, 70, 14, 6, 101, 20, 58]
F2 = [0, 0, 0, 0, 0, 0, 0, 0, 0, 0, 0, 0, 0, 0, 0, 0, 0, 0, 0, 0, 0, 0, 0, 0, 0, 0, 0, 0, 0, 0]
T = [28460900, 4560200, 1875800, 913400, 26606000, 2439300, 3331500, 1905300, 185900, 1446900, 1651400, 2071900, 100400, 1463100, 325800, 164800, 2629900, 1152200, 272100, 586200, 95900, 174600, 1713700, 299300, 982400, 155400, 146400, 728700, 177300, 595800]
T2 = [7620500, 5404600, 2656400, 2922700, 2630400, 3719500, 3242700, 1392300, 1252700, 3323500, 3454600, 2088200, 3913500, 3544700, 5460000, 3347600, 2969700, 1876200, 1213000, 1539000, 2081200, 3848900, 1394500, 3160200, 4364700, 2563300, 3788900, 2492600, 3176800, 3126800]

id 1
F = [5, 67, 32, 118, 6, 219, 73, 104, 69, 54, 11, 4, 29, 31, 4, 42, 49, 65, 13, 105, 59, 8, 134, 10, 124, 125, 83, 137, 22, 16]
F2 = [0, 0, 0, 0, 0, 0, 0, 0, 0, 0, 0, 0, 0, 0, 0, 0, 0, 0, 0, 0, 0, 0, 0, 0, 0, 0, 0, 0, 0, 0]
T = [418200, 1546200, 1580800, 1729900, 348900, 2018400, 1432400, 1960400, 581600, 460600, 148700, 109900, 248900, 427700, 57000, 513900, 278800, 398000, 104000, 1068600, 1020600, 136800, 677300, 215400, 596100, 582000, 447600, 1400200, 156800, 210700]
T2 = [4123300, 2990100, 4191500, 6433400, 6049600, 4328800, 4801000, 2560600, 2373900, 2055900, 2574500, 2284900, 2944700, 2254200, 2044900, 1715500, 1778100, 2160400, 2873100, 1798400, 2911900, 3055200, 1643900, 2271600, 1992400, 1578400, 1635500, 3273000, 2714500, 2109300]

id 2
F = [33, 162, 63, 36, 65, 2, 35, 99, 7, 1, 61, 56, 136, 51, 43, 98, 67, 13, 121, 150, 41, 68, 10, 1, 51, 54, 11, 76, 86, 12]
F2 = [0, 0, 0, 0, 0, 0, 0, 0, 0, 0, 0, 0, 0, 0, 0, 0, 0, 0, 0, 0, 0, 0, 0, 0, 0, 0, 0, 0, 0, 0]
T = [273900, 939000, 276200, 134800, 238000, 38400, 294700, 556500, 49600, 43400, 253800, 220200, 464000, 196900, 220100, 332000, 270300, 83200, 453800, 1085700, 183200, 316400, 57400, 54200, 234500, 193000, 72900, 253500, 691000, 119700]
T2 = [2178300, 4345400, 2008200, 1832100, 2175300, 2939700, 1989200, 1773700, 2073000, 1818900, 1824000, 1768800, 1740200, 1741000, 1775600, 1748000, 1746800, 1792200, 2102900, 1855100, 1757000, 1835600, 2521700, 2510900, 1793900, 2456100, 1906800, 2446600, 2702300, 1625600]

id 3
F = [53, 104, 16, 139, 21, 46, 6, 85, 26, 66, 16, 95, 44, 84, 28, 32, 114, 12, 70, 151, 73, 71, 59, 5, 1, 14, 32, 75, 1, 77]
F2 = [0, 0, 0, 0, 0, 0, 0, 0, 0, 0, 0, 0, 0, 0, 0, 0, 0, 0, 0, 0, 0, 0, 0, 0, 0, 0, 0, 0, 0, 0]
T = [337600, 723900, 85800, 1383400, 112000, 171900, 37800, 419600, 98300, 493700, 223000, 620900, 135300, 741300, 494800, 127900, 411400, 103300, 457100, 1629800, 483300, 1927300, 778700, 94700, 33400, 53500, 107600, 505600, 16600, 189300]
T2 = [2633800, 2838100, 5301200, 2742800, 1660100, 2337000, 2975700, 1795400, 3692300, 3872400, 3900100, 2491400, 1611100, 4920800, 3921000, 1858900, 2943000, 5558300, 5095700, 4002200, 5229000, 5328900, 5808600, 4711100, 3261700, 1788100, 4658000, 2067100, 2112800, 1666100]

id 4
F = [38, 13, 2, 71, 8, 91, 32, 87, 99, 4, 18, 206, 55, 42, 104, 12, 50, 205, 31, 349, 117, 46, 12, 99, 61, 233, 27, 15, 43, 163]
F2 = [0, 0, 0, 0, 0, 0, 0, 0, 0, 0, 0, 0, 0, 0, 0, 0, 0, 0, 0, 0, 0, 0, 0, 0, 0, 0, 0, 0, 0, 0]
T = [256200, 143400, 34500, 209200, 144200, 319300, 295100, 754500, 857300, 58900, 192300, 1335800, 750100, 227900, 736400, 53000, 148600, 4827500, 206100, 2668800, 508000, 199300, 336500, 857500, 522600, 1507200, 391800, 278100, 286500, 871300]
T2 = [5311000, 2119500, 2360100, 3703200, 6686900, 3864600, 4380700, 6766000, 5406700, 6262300, 4934900, 7755600, 5757700, 6050100, 1824200, 3848700, 4459600, 1674200, 2736500, 1655100, 2706400, 5602600, 6537300, 4668600, 4795800, 5272000, 4528100, 5045300, 4136700, 4497800]

id 5
F = [6, 216, 4, 60, 61, 39, 111, 2, 61, 70, 4, 83, 95, 30, 332, 30, 111, 29, 151, 107, 89, 49, 15, 19, 103, 31, 66, 70, 36, 36]
F2 = [0, 0, 0, 0, 0, 0, 0, 0, 0, 0, 0, 0, 0, 0, 0, 0, 0, 0, 0, 0, 0, 0, 0, 0, 0, 0, 0, 0, 0, 0]
T = [30800, 1778700, 35900, 370500, 667100, 427300, 343700, 16900, 242500, 354700, 83400, 227400, 299700, 143800, 2539500, 115500, 353400, 95500, 1213100, 395100, 213400, 131300, 59100, 65700, 528200, 107600, 167500, 371700, 184600, 159600]
T2 = [2039000, 3147800, 3951600, 4567100, 4591500, 2451500, 1747800, 1822800, 4119600, 4851400, 3097000, 1739400, 2582500, 9559600, 4757600, 2118400, 2891200, 1631800, 1840800, 2144100, 1611000, 1819800, 1689900, 3138500, 2262000, 1566700, 2514000, 2668700, 2186700, 2144800]

id 6
F = [99, 39, 67, 14, 18, 26, 77, 36, 84, 85, 44, 82, 122, 94, 35, 158, 143, 16, 82, 123, 89, 80, 142, 169, 13, 18, 5, 57, 26, 28]
F2 = [0, 0, 0, 0, 0, 0, 0, 0, 0, 0, 0, 0, 0, 0, 0, 0, 0, 0, 0, 0, 0, 0, 0, 0, 0, 0, 0, 0, 0, 0]
T = [296000, 224000, 524700, 81900, 119200, 78100, 198400, 145000, 284300, 242700, 122700, 226200, 282900, 246500, 148900, 463200, 362000, 82700, 431400, 315700, 222800, 359700, 437400, 638600, 50100, 75800, 55100, 315800, 175600, 109200]
T2 = [2283400, 2252900, 2056100, 1886000, 2740700, 2063800, 1612000, 1862300, 1707000, 1770700, 1726500, 1928800, 1597400, 1533600, 2665800, 1707400, 1685500, 2021700, 1631600, 1770500, 2511700, 1768200, 3568500, 1592700, 1612700, 1767100, 4376900, 3917000, 2678100, 1691300]

id 7
F = [77, 129, 36, 66, 34, 88, 94, 32, 176, 36, 57, 48, 195, 60, 17, 8, 10, 4, 103, 27, 80, 126, 60, 4, 20, 195, 6, 95, 39, 51]
F2 = [0, 0, 0, 0, 0, 0, 0, 0, 0, 0, 0, 0, 0, 0, 0, 0, 0, 0, 0, 0, 0, 0, 0, 0, 0, 0, 0, 0, 0, 0]
T = [221700, 344300, 131400, 334300, 290800, 341500, 402500, 273400, 982600, 107700, 471400, 287800, 1115800, 192600, 103900, 38800, 50400, 32600, 277300, 88600, 212400, 348100, 183200, 37000, 72700, 473000, 91800, 258200, 358500, 305700]
T2 = [1600400, 1729300, 1588100, 1957300, 2775000, 3206400, 2925800, 2924500, 2597400, 3160400, 4243300, 4205700, 4537700, 1643600, 1594800, 1621400, 1610400, 1532400, 1572300, 1635700, 1703400, 1705400, 1539400, 1671700, 1612200, 1480700, 1640100, 3874500, 4422900, 3762000]

id 8
F = [6, 12, 128, 59, 3, 176, 11, 246, 9, 46, 25, 128, 7, 115, 147, 83, 77, 31, 44, 62, 81, 5, 96, 10, 51, 27, 94, 103, 11, 159]
F2 = [0, 0, 0, 0, 0, 0, 0, 0, 0, 0, 0, 0, 0, 0, 0, 0, 0, 0, 0, 0, 0, 0, 0, 0, 0, 0, 0, 0, 0, 0]
T = [35000, 40100, 305600, 343800, 45900, 1200500, 97800, 736500, 37400, 166000, 110400, 372800, 68800, 358300, 485600, 281100, 121600, 121400, 73000, 255800, 249000, 24400, 287400, 39900, 152200, 102000, 303000, 314600, 52300, 496700]
T2 = [1835400, 1706300, 2250700, 4024000, 4736500, 3247800, 2907100, 2470000, 3207900, 2886600, 2927100, 2671800, 3000000, 2715700, 1216900, 1232300, 1264800, 1240700, 1209000, 2864400, 2847800, 2887200, 3149600, 2837400, 2764700, 2846200, 2774300, 2843300, 2870200, 2820600]

id 9
F = [43, 57, 60, 185, 66, 99, 8, 6, 26, 74, 288, 1, 4, 211, 70, 64, 137, 107, 53, 108, 25, 76, 21, 3, 23, 295, 70, 1, 19, 5]
F2 = [0, 0, 0, 0, 0, 0, 0, 0, 0, 0, 0, 0, 0, 0, 0, 0, 0, 0, 0, 0, 0, 0, 0, 0, 0, 0, 0, 0, 0, 0]
T = [304400, 220200, 234400, 633100, 225900, 298400, 45700, 43800, 134500, 243300, 970300, 19300, 29900, 946400, 251900, 209600, 661500, 336600, 178600, 347400, 123700, 276400, 123000, 23500, 90200, 901800, 341200, 16000, 80100, 23900]
T2 = [3226600, 4034600, 3083300, 2734100, 2882700, 2731900, 2907900, 2933500, 3301800, 3009600, 3328400, 3116400, 3138700, 3516300, 2885000, 3074000, 3781700, 3407200, 3217900, 2738200, 3773500, 3268900, 3637500, 3001300, 3181800, 3324100, 3604400, 3184800, 2921200, 3104900]

id 10
F = [78, 64, 17, 22, 82, 65, 5, 110, 124, 143, 39, 68, 15, 87, 241, 135, 8, 132, 35, 31, 7, 122, 53, 2, 87, 5, 120, 12, 135, 36]
F2 = [0, 0, 0, 0, 0, 0, 0, 0, 0, 0, 0, 0, 0, 0, 0, 0, 0, 0, 0, 0, 0, 0, 0, 0, 0, 0, 0, 0, 0, 0]
T = [483200, 221100, 62200, 107100, 320000, 287600, 29900, 390400, 730800, 925300, 265200, 510900, 129100, 526300, 1440600, 820900, 135000, 875300, 573900, 234000, 91700, 738600, 338700, 45800, 520700, 56100, 1381800, 119000, 807900, 261800]
T2 = [3037300, 2904200, 3138800, 3033200, 3398800, 2944600, 3057800, 5951300, 4304200, 4922300, 6047900, 4521000, 4304300, 4022200, 3688600, 4440300, 4381400, 4628600, 5880800, 5337700, 4725600, 4311700, 4462500, 4272200, 4085700, 4531500, 4685700, 4337800, 4032600, 4825500]

id 11
F = [20, 9, 78, 21, 10, 14, 67, 10, 15, 11, 143, 86, 10, 4, 98, 133, 10, 6, 28, 128, 64, 95, 10, 12, 15, 102, 1, 12, 36, 39]
F2 = [0, 0, 0, 0, 0, 0, 0, 0, 0, 0, 0, 0, 0, 0, 0, 0, 0, 0, 0, 0, 0, 0, 0, 0, 0, 0, 0, 0, 0, 0]
T = [175800, 79600, 525300, 175100, 111300, 104400, 412200, 82500, 112700, 152300, 1160900, 524400, 91700, 55800, 644900, 906100, 122000, 72600, 198300, 818900, 635000, 582500, 151600, 114300, 120100, 672300, 33800, 92300, 265900, 256000]
T2 = [4321100, 4421500, 4491200, 4461900, 4518200, 4288600, 4341700, 4284900, 4569900, 4648000, 5796400, 4213500, 4456900, 4127400, 4481400, 6479100, 4453800, 5552100, 4349700, 4188500, 5377100, 4256900, 5380200, 4665700, 4857400, 4166500, 4497700, 4210000, 4301000, 4074200]

id 12
F = [11, 25, 38, 1, 5, 118, 26, 74, 69, 30, 15, 16, 118, 15, 80, 119, 35, 104, 52, 32, 3, 6, 29, 103, 11, 8, 1, 37, 65, 9]
F2 = [0, 0, 0, 0, 0, 0, 0, 0, 0, 0, 0, 0, 0, 0, 0, 0, 0, 0, 0, 0, 0, 0, 0, 0, 0, 0, 0, 0, 0, 0]
T = [114300, 206100, 578200, 39100, 64200, 728200, 222700, 452900, 498000, 201100, 119600, 129700, 734300, 138500, 557600, 759700, 358900, 634500, 371700, 239500, 57600, 86700, 288000, 614300, 171500, 97600, 28400, 255400, 399200, 86900]
T2 = [4078400, 5960300, 4808500, 4945200, 4818100, 4328000, 4392800, 4037600, 4221700, 4410800, 4384300, 4870400, 4323300, 5023700, 4065700, 4813100, 4891900, 4219900, 4108400, 4086600, 4427100, 4772100, 4943900, 5112000, 5445200, 5240700, 4402000, 4021100, 4104900, 4128700]

id 13
F = [14, 20, 66, 121, 131, 12, 6, 6, 163, 64, 66, 51, 92, 17, 59, 8, 59, 68, 6, 4, 1, 10, 100, 57, 45, 3, 53, 45, 164, 5]
F2 = [0, 0, 0, 0, 0, 0, 0, 0, 0, 0, 0, 0, 0, 0, 0, 0, 0, 0, 0, 0, 0, 0, 0, 0, 0, 0, 0, 0, 0, 0]
T = [165700, 203000, 445000, 726100, 819900, 110000, 62100, 63200, 972900, 562300, 471900, 344800, 607200, 147000, 426000, 65600, 435500, 416200, 65000, 46100, 30100, 83500, 597100, 517800, 283300, 56500, 351500, 298900, 1109000, 82600]
T2 = [6161800, 4596100, 4224700, 3990900, 4192000, 4280100, 4700700, 4401700, 4588200, 4137400, 5183300, 6083000, 4283200, 4828000, 4498000, 4292000, 4303900, 4239800, 4229400, 4174100, 4451200, 4477800, 4302600, 4569300, 4260200, 4346200, 4167000, 4050100, 3885900, 4335900]

id 14
F = [39, 14, 21, 29, 2, 39, 1, 72, 318, 49, 144, 42, 27, 69, 70, 18, 77, 86, 8, 135, 123, 90, 67, 8, 42, 26, 9, 74, 22, 117]
F2 = [0, 0, 0, 0, 0, 0, 0, 0, 0, 0, 0, 0, 0, 0, 0, 0, 0, 0, 0, 0, 0, 0, 0, 0, 0, 0, 0, 0, 0, 0]
T = [452400, 62400, 90200, 137100, 20000, 144700, 15600, 440100, 1456200, 175800, 482900, 155900, 108400, 262700, 336900, 87100, 649400, 295500, 44700, 453900, 400500, 293400, 220300, 53100, 161600, 103100, 39900, 286200, 99400, 372400]
T2 = [2878100, 3072500, 2742400, 2923400, 2837600, 2821800, 2817000, 3591200, 2688300, 2745000, 2761300, 2840400, 2807500, 2908500, 3048900, 3915100, 3889700, 2847000, 2948700, 2620800, 2657800, 2604000, 2897800, 2711500, 3209300, 2813000, 2847600, 2664600, 2816900, 2645500]

id 15
F = [15, 30, 63, 2, 3, 7, 11, 119, 30, 15, 36, 12, 30, 254, 14, 231, 97, 46, 194, 299, 128, 136, 8, 15, 228, 83, 187, 17, 94, 25]
F2 = [0, 0, 0, 0, 0, 0, 0, 0, 0, 0, 0, 0, 0, 0, 0, 0, 0, 0, 0, 0, 0, 0, 0, 0, 0, 0, 0, 0, 0, 0]
T = [145500, 151700, 256400, 26000, 27900, 61700, 53900, 609000, 178000, 113800, 227000, 71800, 205400, 1348700, 86700, 1798800, 468500, 486800, 957300, 1041800, 461200, 666900, 61300, 85800, 2202900, 285600, 659900, 94100, 346300, 109800]
T2 = [4173700, 3945200, 2841800, 2856100, 2744700, 3234500, 3284400, 6025600, 4426100, 3920300, 4927500, 3362000, 5133000, 4770400, 5698100, 3097200, 3196700, 4293900, 2740100, 2801900, 3024500, 3498500, 3013400, 3291800, 3244000, 2809000, 2979100, 2935300, 3028700, 2966200]

id 16
F = [57, 90, 197, 90, 4, 57, 99, 87, 96, 18, 8, 24, 13, 5, 126, 40, 75, 11, 31, 74, 10, 265, 68, 78, 10, 19, 56, 66, 81, 120]
F2 = [0, 0, 0, 0, 0, 0, 0, 0, 0, 0, 0, 0, 0, 0, 0, 0, 0, 0, 0, 0, 0, 0, 0, 0, 0, 0, 0, 0, 0, 0]
T = [204600, 308500, 638300, 311400, 27700, 202100, 337700, 278600, 335100, 75700, 32500, 242000, 83800, 44100, 472300, 144200, 330300, 56100, 123800, 252600, 66600, 1474800, 625400, 272800, 64800, 91000, 235400, 787900, 905000, 480000]
T2 = [2794700, 2730100, 2629900, 2694600, 2872600, 2837400, 2726000, 2646600, 2829000, 2776800, 2861500, 3634300, 3383700, 2861400, 2709700, 3173900, 3306400, 2866800, 3135900, 2796500, 3166300, 3656200, 3975700, 2782900, 3521400, 3588200, 3505600, 4886200, 3761500, 3272400]

id 17
F = [167, 75, 10, 93, 251, 42, 197, 44, 4, 71, 51, 30, 235, 323, 2, 275, 18, 316, 14, 24, 33, 1, 11, 64, 15, 18, 71, 70, 38, 441]
F2 = [0, 0, 0, 0, 0, 0, 0, 0, 0, 0, 0, 0, 0, 0, 0, 0, 0, 0, 0, 0, 0, 0, 0, 0, 0, 0, 0, 0, 0, 0]
T = [451800, 222800, 69600, 418900, 709700, 127100, 586800, 147100, 44500, 204300, 146200, 141900, 950400, 2108000, 37000, 1014300, 88100, 4486300, 62300, 231800, 129000, 17100, 52900, 229900, 106900, 91600, 310600, 250500, 155000, 1486400]
T2 = [2353200, 2806400, 3550900, 2817500, 2309400, 2340300, 3687300, 2354100, 2630300, 2304300, 3450400, 3703200, 3378200, 4123000, 4284200, 3471700, 2903400, 2586600, 2870400, 3462800, 2950600, 2846500, 2811100, 2735800, 2902500, 2802100, 2827400, 3363800, 3086900, 2657400]

id 18
F = [52, 118, 58, 116, 52, 8, 88, 6, 1, 9, 372, 177, 150, 43, 96, 74, 178, 39, 75, 53, 9, 21, 24, 26, 24, 13, 16, 4, 32, 88]
F2 = [0, 0, 0, 0, 0, 0, 0, 0, 0, 0, 0, 0, 0, 0, 0, 0, 0, 0, 0, 0, 0, 0, 0, 0, 0, 0, 0, 0, 0, 0]
T = [224100, 432700, 229600, 520100, 191300, 40700, 318700, 71600, 37800, 117200, 1375900, 1244200, 699200, 219800, 472500, 306500, 1560000, 363800, 276600, 322000, 53400, 224300, 129000, 132400, 112700, 62900, 109400, 41400, 143500, 780200]
T2 = [2835900, 2819200, 2844100, 3097900, 2920500, 3043000, 3255600, 6227500, 3395300, 3968900, 3138900, 3992300, 3569100, 2951400, 3481900, 3199000, 3819500, 3124900, 3245700, 3395300, 3115600, 4483000, 3374500, 3259700, 2882400, 4419700, 4095300, 3343200, 2986600, 3387400]

id 19
F = [115, 26, 31, 85, 136, 7, 40, 180, 19, 18, 68, 152, 61, 8, 159, 147, 8, 142, 31, 74, 164, 93, 24, 121, 127, 40, 58, 6, 182, 9]
F2 = [0, 0, 0, 0, 0, 0, 0, 0, 0, 0, 0, 0, 0, 0, 0, 0, 0, 0, 0, 0, 0, 0, 0, 0, 0, 0, 0, 0, 0, 0]
T = [397300, 120500, 125100, 284500, 476900, 55600, 148300, 594100, 67000, 79000, 237700, 496400, 225500, 44100, 520200, 498000, 48100, 488500, 284100, 310300, 572900, 312800, 108900, 991300, 454100, 165600, 277000, 38500, 601200, 58000]
T2 = [2855700, 2840200, 2814100, 2892100, 2732500, 2787300, 2844400, 2593500, 2789800, 2844500, 2826600, 2771100, 2843300, 2796200, 2644600, 2730000, 2825600, 2743800, 3537700, 3217200, 2788000, 2705600, 2858300, 2807500, 3001500, 2833900, 2899900, 2806500, 2807800, 2874200]

id 20
F = [47, 27, 74, 5, 37, 104, 7, 260, 1, 107, 99, 75, 109, 46, 81, 11, 31, 112, 85, 11, 29, 85, 31, 68, 35, 36, 32, 9, 140, 46]
F2 = [0, 0, 0, 0, 0, 0, 0, 0, 0, 0, 0, 0, 0, 0, 0, 0, 0, 0, 0, 0, 0, 0, 0, 0, 0, 0, 0, 0, 0, 0]
T = [173600, 108200, 658500, 63700, 174900, 642700, 42100, 913800, 17100, 362500, 351800, 343800, 702900, 191500, 397300, 56400, 133300, 378800, 322100, 54400, 117400, 311900, 153200, 261500, 132300, 138500, 137500, 52800, 463600, 159200]
T2 = [3004400, 2965700, 3883600, 4125500, 3184200, 2795000, 2713800, 2761200, 2779600, 2812700, 3818900, 4023000, 3041900, 2822700, 2935800, 2843600, 3785000, 2916600, 2842000, 2862100, 2825000, 2990600, 2887600, 3092000, 2839400, 3132800, 2861700, 2850700, 2800400, 3881500]

id 21
F = [136, 23, 39, 192, 7, 31, 5, 31, 6, 63, 58, 91, 254, 189, 80, 124, 29, 1, 59, 3, 84, 38, 125, 32, 75, 72, 163, 49, 71, 317]
F2 = [0, 0, 0, 0, 0, 0, 0, 0, 0, 0, 0, 0, 0, 0, 0, 0, 0, 0, 0, 0, 0, 0, 0, 0, 0, 0, 0, 0, 0, 0]
T = [640400, 139800, 148600, 646000, 63400, 117800, 35200, 157900, 34900, 281600, 200600, 306800, 807100, 1023600, 688500, 446600, 112200, 20000, 238100, 25600, 280400, 134800, 438800, 113000, 244900, 248700, 528600, 180200, 239800, 1073300]
T2 = [3019300, 3486200, 2857000, 2845600, 2782100, 2775800, 2815300, 2780300, 2797600, 2996900, 2817900, 2689800, 2627600, 3788100, 3792600, 2695000, 2882700, 2835300, 2683500, 3506000, 2791300, 2798000, 2684800, 2808600, 2703100, 2737600, 2902000, 2834800, 2789200, 2575900]

id 22
F = [38, 46, 20, 98, 65, 5, 88, 4, 15, 58, 119, 27, 72, 59, 83, 82, 197, 96, 62, 47, 70, 23, 65, 11, 92, 186, 17, 10, 9, 8]
F2 = [0, 0, 0, 0, 0, 0, 0, 0, 0, 0, 0, 0, 0, 0, 0, 0, 0, 0, 0, 0, 0, 0, 0, 0, 0, 0, 0, 0, 0, 0]
T = [376400, 489100, 1614400, 353700, 227900, 37500, 293300, 20200, 74700, 200500, 389900, 104200, 269600, 201400, 279000, 277600, 673500, 318200, 223400, 164900, 234200, 91900, 296800, 59000, 372600, 613600, 86100, 48000, 54000, 67000]
T2 = [4350500, 4199700, 3125500, 3700100, 3106300, 2886500, 2718600, 2822500, 3055800, 2737700, 2745000, 2818000, 2803900, 2799600, 2653900, 2741600, 2787500, 2612200, 2839400, 2810900, 2827000, 2875800, 3062100, 2906800, 3030100, 2931800, 2799500, 2978000, 2838600, 2861800]

id 23
F = [95, 15, 33, 43, 182, 70, 141, 30, 63, 114, 180, 91, 52, 119, 127, 254, 56, 222, 5, 17, 363, 15, 16, 5, 103, 17, 142, 10, 231, 47]
F2 = [0, 0, 0, 0, 0, 0, 0, 0, 0, 0, 0, 0, 0, 0, 0, 0, 0, 0, 0, 0, 0, 0, 0, 0, 0, 0, 0, 0, 0, 0]
T = [333500, 61800, 412400, 171400, 600900, 234300, 466900, 104300, 212100, 366000, 612500, 288900, 174400, 379200, 411500, 1608200, 505300, 710100, 23900, 63700, 1183200, 57300, 66900, 97800, 401100, 61600, 450000, 52500, 807800, 272900]
T2 = [2696900, 4179500, 3030800, 2767200, 2714500, 2933500, 2772400, 2964100, 2705600, 2708300, 2573600, 2717400, 2702400, 2828400, 2636600, 3896600, 2881000, 2691000, 2830100, 2823200, 2693700, 2810800, 2986900, 3419000, 2675100, 2833500, 2859300, 2798100, 3783400, 3882800]

id 24
F = [39, 10, 101, 9, 16, 52, 1, 186, 91, 76, 2, 1, 101, 96, 47, 177, 26, 24, 27, 57, 58, 1, 12, 20, 49, 220, 39, 252, 26, 33]
F2 = [0, 0, 0, 0, 0, 0, 0, 0, 0, 0, 0, 0, 0, 0, 0, 0, 0, 0, 0, 0, 0, 0, 0, 0, 0, 0, 0, 0, 0, 0]
T = [259000, 59000, 481600, 83400, 98500, 235300, 21500, 1382700, 424600, 314800, 22100, 28400, 416500, 276500, 139300, 851400, 125900, 105900, 137300, 235600, 248300, 15700, 59800, 104900, 413100, 879000, 173200, 995900, 125500, 147400]
T2 = [3876500, 3498000, 3481300, 3499800, 3495800, 3501700, 3604800, 4920500, 3379400, 3349800, 3385000, 3369000, 3253100, 2251800, 2334000, 3271600, 3451900, 3502000, 3438700, 3472700, 3487000, 3398700, 3580200, 3593200, 3461700, 3599700, 3391300, 3378500, 3486700, 3629400]

id 25
F = [7, 27, 31, 22, 86, 38, 32, 82, 262, 61, 11, 20, 100, 205, 67, 45, 155, 74, 116, 50, 44, 12, 76, 135, 47, 1, 65, 258, 57, 121]
F2 = [0, 0, 0, 0, 0, 0, 0, 0, 0, 0, 0, 0, 0, 0, 0, 0, 0, 0, 0, 0, 0, 0, 0, 0, 0, 0, 0, 0, 0, 0]
T = [77700, 249700, 143200, 94500, 261800, 116400, 95100, 265800, 1021200, 278600, 63000, 102100, 425500, 807700, 385200, 228300, 627800, 251600, 352800, 154200, 210100, 63100, 247500, 399500, 515100, 21100, 286200, 823600, 415800, 368400]
T2 = [3922300, 3610500, 3444300, 2630700, 2275800, 2333100, 2515700, 3041200, 3611400, 3533500, 3476300, 3559600, 3496500, 3766600, 3202500, 4351400, 3031000, 2334900, 2201200, 2850000, 3638800, 3777200, 2998200, 3554500, 3869500, 4405800, 3227300, 3230700, 3754300, 4051200]

id 26
F = [8, 139, 44, 3, 123, 137, 132, 108, 146, 58, 198, 10, 124, 82, 160, 41, 35, 12, 3, 84, 121, 82, 42, 48, 42, 17, 93, 70, 52, 22]
F2 = [0, 0, 0, 0, 0, 0, 0, 0, 0, 0, 0, 0, 0, 0, 0, 0, 0, 0, 0, 0, 0, 0, 0, 0, 0, 0, 0, 0, 0, 0]
T = [54100, 380300, 201000, 32500, 513100, 583300, 653500, 613200, 399400, 176200, 544800, 45400, 610500, 366900, 723400, 220500, 147600, 66700, 25800, 307200, 409400, 339500, 165300, 171700, 151200, 95700, 328800, 257000, 194600, 87400]
T2 = [2606400, 2369500, 3462900, 3563000, 3352300, 3444700, 3638300, 3527400, 2547200, 2374900, 2268800, 3574400, 3326100, 4065000, 3455700, 2839700, 2742500, 2840900, 2847200, 2734900, 2950600, 3011100, 2826000, 2784300, 2801200, 3363300, 2827000, 2888400, 2760600, 4012100]

id 27
F = [109, 38, 7, 278, 80, 39, 127, 77, 19, 2, 58, 115, 36, 39, 9, 52, 29, 40, 20, 57, 13, 36, 114, 19, 100, 147, 82, 91, 19, 376]
F2 = [0, 0, 0, 0, 0, 0, 0, 0, 0, 0, 0, 0, 0, 0, 0, 0, 0, 0, 0, 0, 0, 0, 0, 0, 0, 0, 0, 0, 0, 0]
T = [364400, 144700, 45000, 1092000, 489500, 137200, 414200, 262000, 125700, 25500, 387500, 376000, 138000, 141200, 56400, 204600, 146500, 147700, 86800, 207200, 56700, 136600, 374200, 74700, 346100, 480000, 278700, 315900, 111200, 1228600]
T2 = [2881200, 2828800, 2864200, 3085900, 3314200, 3044900, 2655400, 3705300, 4096000, 3734500, 2864700, 2621400, 2863500, 2812200, 2808600, 2883900, 2912800, 2801400, 2836800, 2809500, 2844100, 2700200, 2763200, 2814100, 2808800, 2886900, 2693800, 2636900, 2719600, 2705200]

id 28
F = [118, 7, 3, 23, 123, 127, 10, 10, 17, 15, 90, 44, 22, 135, 15, 15, 64, 133, 69, 84, 171, 3, 87, 144, 19, 255, 84, 66, 4, 102]
F2 = [0, 0, 0, 0, 0, 0, 0, 0, 0, 0, 0, 0, 0, 0, 0, 0, 0, 0, 0, 0, 0, 0, 0, 0, 0, 0, 0, 0, 0, 0]
T = [612900, 95100, 26100, 100500, 455800, 440200, 59300, 81400, 122000, 64400, 311500, 153900, 78700, 447000, 68400, 82300, 210100, 430600, 221400, 282900, 561900, 21200, 295400, 454700, 66600, 799100, 268300, 237000, 28700, 346500]
T2 = [3081900, 3261600, 3134800, 2802900, 2800300, 2799300, 2854100, 2830500, 2832000, 2911700, 2833500, 2804100, 2810700, 2680900, 2888500, 2859900, 3133300, 2615200, 2848000, 2785500, 2715100, 3055300, 5463000, 2673400, 2818400, 2729300, 2811400, 2783800, 2776200, 2664700]

id 29
F = [14, 7, 17, 4, 3, 72, 157, 52, 65, 70, 223, 14, 37, 5, 211, 51, 80, 65, 9, 43, 17, 126, 39, 44, 20, 101, 1, 100, 30, 195]
F2 = [0, 0, 0, 0, 0, 0, 0, 0, 0, 0, 0, 0, 0, 0, 0, 0, 0, 0, 0, 0, 0, 0, 0, 0, 0, 0, 0, 0, 0, 0]
T = [71900, 50100, 82900, 33000, 34000, 298300, 723400, 180800, 217100, 234900, 714600, 63100, 128900, 32800, 807300, 191000, 1169000, 225300, 41700, 178400, 77500, 425200, 178200, 154000, 71800, 327500, 23100, 442700, 154000, 930600]
T2 = [2913100, 2843900, 2836700, 3356900, 2806900, 2958800, 2801800, 2683800, 3077400, 2659300, 2762200, 2881900, 2833500, 2755000, 2923200, 2844400, 3270700, 2792500, 2926000, 2928900, 2756500, 2688100, 2810500, 2758400, 2812900, 2941900, 3277400, 3232900, 3117100, 3087400]

id 30
F = [19, 207, 30, 37, 43, 1, 34, 16, 138, 153, 83, 30, 10, 154, 73, 38, 67, 30, 104, 24, 51, 6, 251, 51, 72, 25, 280, 107, 33, 50]
F2 = [0, 0, 0, 0, 0, 0, 0, 0, 0, 0, 0, 0, 0, 0, 0, 0, 0, 0, 0, 0, 0, 0, 0, 0, 0, 0, 0, 0, 0, 0]
T = [93400, 750700, 114900, 139000, 158400, 24600, 178000, 79500, 476300, 526100, 452500, 116400, 44800, 547700, 266900, 138200, 242600, 168400, 342400, 95900, 181900, 70400, 841100, 172500, 241900, 85400, 877000, 391300, 123200, 185100]
T2 = [2850100, 2928500, 2747500, 2798000, 2838800, 2847400, 2797100, 2934700, 2892300, 2835100, 2937500, 2842600, 3134100, 2753600, 2793700, 2719900, 2769600, 2822400, 2814200, 4713900, 2731300, 2815000, 2761700, 2802600, 2772000, 2800600, 2706800, 2994800, 2805500, 3037300]

id 31
F = [18, 54, 87, 10, 4, 28, 126, 22, 65, 146, 255, 3, 247, 13, 1, 95, 101, 23, 83, 131, 48, 43, 88, 77, 1, 32, 45, 35, 83, 99]
F2 = [0, 0, 0, 0, 0, 0, 0, 0, 0, 0, 0, 0, 0, 0, 0, 0, 0, 0, 0, 0, 0, 0, 0, 0, 0, 0, 0, 0, 0, 0]
T = [80800, 200900, 746000, 52200, 35700, 112400, 421700, 248300, 223800, 477200, 1063100, 22000, 915800, 88000, 20100, 449600, 328500, 114800, 313900, 441800, 173000, 155100, 283400, 268200, 9100, 126200, 209600, 137900, 267900, 331300]
T2 = [2840900, 2829500, 2979700, 2888800, 3375300, 3020800, 3048800, 3140700, 2871300, 2753600, 2553600, 2824400, 2628000, 2959800, 2828800, 2663400, 3006700, 2985900, 2927700, 2594600, 2776500, 2709000, 2835500, 2662800, 2816900, 2842400, 2848200, 2815200, 2924500, 2798800]

id 32
F = [143, 56, 181, 97, 62, 52, 248, 152, 8, 39, 19, 202, 25, 43, 221, 17, 66, 66, 10, 57, 77, 25, 28, 15, 6, 21, 17, 64, 82, 83]
F2 = [0, 0, 0, 0, 0, 0, 0, 0, 0, 0, 0, 0, 0, 0, 0, 0, 0, 0, 0, 0, 0, 0, 0, 0, 0, 0, 0, 0, 0, 0]
T = [667400, 201500, 836700, 320200, 341800, 187800, 1414700, 492200, 44900, 172300, 107200, 651900, 92400, 178300, 717800, 62800, 223900, 226500, 94400, 1784000, 271200, 100200, 97400, 54500, 27700, 78300, 69000, 209600, 280600, 280400]
T2 = [2746400, 3051000, 2869600, 2816100, 3620900, 2714700, 2801400, 2912900, 2881600, 2763000, 2867600, 2587500, 2943900, 2810500, 2661300, 2833600, 2780300, 2951200, 2875900, 2880300, 2845500, 2789200, 2768400, 2829400, 2765300, 2668900, 2778800, 2847700, 2794700, 2760600]

id 33
F = [60, 96, 140, 197, 60, 28, 45, 12, 11, 32, 36, 226, 48, 38, 75, 125, 64, 7, 26, 137, 9, 202, 64, 77, 59, 1, 18, 21, 7, 80]
F2 = [0, 0, 0, 0, 0, 0, 0, 0, 0, 0, 0, 0, 0, 0, 0, 0, 0, 0, 0, 0, 0, 0, 0, 0, 0, 0, 0, 0, 0, 0]
T = [364700, 336100, 493500, 678700, 211500, 149500, 163200, 58600, 48500, 123700, 126600, 742400, 164200, 143100, 311600, 460000, 222600, 32700, 292100, 530000, 69500, 719000, 214300, 275200, 201000, 24700, 79400, 87000, 39300, 269300]
T2 = [3110400, 2978800, 2669600, 3116300, 2652000, 2930500, 3142900, 3131300, 2866800, 3013100, 2783400, 3116900, 3190000, 2870600, 2744100, 2886300, 2784600, 2766800, 2890100, 2729700, 2841500, 2755900, 2881400, 2761300, 2726600, 2813700, 3108900, 2822600, 2867200, 2662100]

id 34
F = [63, 1, 223, 53, 62, 94, 36, 173, 139, 19, 9, 32, 9, 48, 66, 63, 59, 121, 360, 93, 38, 233, 17, 71, 10, 78, 262, 98, 6, 108]
F2 = [0, 0, 0, 0, 0, 0, 0, 0, 0, 0, 0, 0, 0, 0, 0, 0, 0, 0, 0, 0, 0, 0, 0, 0, 0, 0, 0, 0, 0, 0]
T = [252300, 22200, 1220300, 372400, 1446600, 436300, 442300, 779300, 472100, 76100, 43600, 190300, 65100, 176200, 221000, 208800, 217900, 392600, 1135700, 541000, 155800, 779700, 87800, 244800, 58800, 270700, 1197000, 347400, 41000, 414700]
T2 = [4864300, 5520500, 7886400, 4112000, 3295600, 4271000, 4230600, 2894800, 2790400, 2797100, 2822200, 3802800, 3303200, 2683600, 2701600, 2834100, 2799300, 2787000, 2694300, 3955400, 2903000, 2578100, 2775300, 2665600, 2861100, 3309900, 2881500, 2957000, 2797200, 2734800]

id 35
F = [43, 109, 11, 34, 33, 15, 25, 77, 77, 16, 58, 13, 134, 50, 38, 12, 96, 181, 87, 76, 14, 43, 12, 82, 58, 107, 56, 131, 6, 59]
F2 = [0, 0, 0, 0, 0, 0, 0, 0, 0, 0, 0, 0, 0, 0, 0, 0, 0, 0, 0, 0, 0, 0, 0, 0, 0, 0, 0, 0, 0, 0]
T = [161300, 374300, 58900, 129700, 127700, 68400, 103800, 292400, 298800, 69500, 224900, 105400, 438500, 207200, 136700, 56100, 322700, 601600, 320300, 294000, 93800, 233000, 54300, 272900, 194700, 363700, 304800, 452400, 33200, 265900]
T2 = [2778700, 2747000, 2840300, 2814500, 2780400, 2771200, 2866100, 2840200, 2815400, 2884200, 2809800, 2933000, 2627000, 2806800, 2787200, 2789200, 2792700, 2710200, 2819100, 3174900, 2974700, 3011200, 2809800, 2964400, 2948100, 2630500, 3019200, 2775200, 2930500, 2821500]

id 36
F = [118, 209, 75, 2, 12, 151, 8, 55, 58, 109, 34, 111, 1, 42, 70, 24, 50, 136, 14, 55, 194, 97, 94, 15, 14, 101, 178, 10, 10, 124]
F2 = [0, 0, 0, 0, 0, 0, 0, 0, 0, 0, 0, 0, 0, 0, 0, 0, 0, 0, 0, 0, 0, 0, 0, 0, 0, 0, 0, 0, 0, 0]
T = [403100, 1014000, 261900, 20700, 63300, 658600, 43400, 200500, 202800, 386100, 114000, 371000, 96100, 175900, 248700, 144400, 249800, 472200, 82200, 277200, 650500, 587200, 327300, 68600, 73000, 339600, 695900, 48500, 45700, 460300]
T2 = [2925800, 2894100, 2717900, 2711200, 2841100, 2652500, 3186300, 2708600, 2718300, 2775900, 3387100, 2919800, 4354600, 3011300, 2855200, 3532900, 2825000, 2865400, 3002000, 4704800, 2729100, 2952500, 2737800, 3228700, 3018300, 2815100, 3260500, 2789500, 3073900, 2662900]

id 37
F = [1, 60, 200, 11, 16, 31, 91, 14, 114, 26, 50, 73, 106, 105, 39, 46, 48, 9, 35, 50, 109, 143, 52, 7, 56, 9, 72, 20, 59, 173]
F2 = [0, 0, 0, 0, 0, 0, 0, 0, 0, 0, 0, 0, 0, 0, 0, 0, 0, 0, 0, 0, 0, 0, 0, 0, 0, 0, 0, 0, 0, 0]
T = [18600, 214900, 715500, 71300, 100900, 171100, 311600, 67500, 406900, 111700, 188500, 269500, 429300, 359000, 226300, 179600, 224600, 52400, 128200, 185600, 438000, 462100, 190300, 31300, 188100, 47500, 230300, 77900, 206100, 561900]
T2 = [2821900, 2995700, 2765700, 5089100, 2791100, 3491200, 3509100, 3084400, 2923700, 3008800, 3134600, 2840300, 2996400, 3295600, 3087700, 3000400, 3466700, 2699000, 2843100, 2816100, 2732900, 2854100, 2718800, 2804200, 2821300, 2774000, 2763500, 2965900, 2802800, 2806600]

id 38
F = [23, 195, 157, 84, 45, 29, 20, 392, 107, 122, 81, 5, 2, 1, 64, 145, 143, 1, 199, 11, 123, 58, 118, 88, 210, 32, 8, 37, 16, 33]
F2 = [0, 0, 0, 0, 0, 0, 0, 0, 0, 0, 0, 0, 0, 0, 0, 0, 0, 0, 0, 0, 0, 0, 0, 0, 0, 0, 0, 0, 0, 0]
T = [134400, 643200, 544700, 340200, 364500, 124800, 115500, 1297500, 377100, 453400, 287800, 32800, 20000, 15400, 224900, 466100, 1755100, 18900, 693900, 55000, 408100, 211900, 395100, 278200, 679600, 119000, 43800, 138200, 93900, 198900]
T2 = [3284300, 2877800, 2843400, 2786400, 2881200, 2883100, 2946000, 2858300, 2671900, 2812100, 3300400, 2854000, 2864600, 3043000, 2833900, 2672500, 2802800, 2716100, 2626600, 2874200, 2772000, 2799000, 2791300, 2877400, 2772300, 2821600, 2880700, 2835500, 2892300, 3380800]

id 39
F = [12, 67, 113, 58, 16, 5, 63, 6, 137, 3, 101, 89, 27, 12, 63, 2, 12, 201, 135, 16, 15, 6, 19, 34, 34, 234, 108, 4, 21, 140]
F2 = [0, 0, 0, 0, 0, 0, 0, 0, 0, 0, 0, 0, 0, 0, 0, 0, 0, 0, 0, 0, 0, 0, 0, 0, 0, 0, 0, 0, 0, 0]
T = [74200, 230000, 412400, 224400, 67900, 33300, 227400, 43100, 468200, 41000, 342700, 297400, 102900, 82700, 303400, 27600, 74900, 889700, 448000, 195900, 97400, 143400, 80700, 125900, 210400, 1073300, 478200, 41500, 93900, 463500]
T2 = [3080700, 2962000, 2800100, 2978000, 2961000, 3009600, 3044600, 2909800, 3030500, 2815300, 2887600, 2867800, 3220100, 3110300, 2946800, 3051700, 3032800, 3030000, 2701200, 3048700, 2939000, 3094000, 3034200, 2800400, 3090500, 2956400, 3060100, 3078800, 2880700, 2584100]

id 40
F = [35, 78, 4, 79, 5, 190, 91, 94, 17, 12, 95, 14, 3, 4, 105, 4, 111, 5, 195, 278, 101, 19, 28, 65, 5, 5, 12, 140, 314, 63]
F2 = [0, 0, 0, 0, 0, 0, 0, 0, 0, 0, 0, 0, 0, 0, 0, 0, 0, 0, 0, 0, 0, 0, 0, 0, 0, 0, 0, 0, 0, 0]
T = [176500, 525500, 34100, 431000, 33000, 618000, 302700, 315700, 96800, 92900, 405900, 106600, 45400, 34500, 418200, 40300, 388000, 35600, 673500, 912000, 437500, 85000, 114500, 254000, 40900, 41100, 78300, 544600, 1117400, 362600]
T2 = [3107700, 3080600, 2885200, 3544500, 2706600, 2809400, 3059100, 2650600, 2845400, 3000400, 3455000, 3763100, 2976400, 3349800, 3384600, 3889100, 2869600, 2741400, 2668500, 3020200, 3331900, 3017900, 2856200, 3601300, 2943600, 2781800, 3430900, 3220100, 2592200, 2840100]

id 41
F = [17, 79, 73, 3, 105, 89, 95, 30, 119, 283, 32, 12, 89, 57, 29, 298, 48, 43, 14, 21, 145, 205, 13, 4, 168, 15, 78, 9, 3, 74]
F2 = [0, 0, 0, 0, 0, 0, 0, 0, 0, 0, 0, 0, 0, 0, 0, 0, 0, 0, 0, 0, 0, 0, 0, 0, 0, 0, 0, 0, 0, 0]
T = [78100, 273200, 262900, 27500, 383000, 301700, 337500, 142900, 408200, 889200, 122100, 57500, 317800, 205300, 118800, 971300, 173200, 163000, 96900, 100200, 480000, 808500, 109500, 50500, 725500, 72700, 282900, 44800, 25800, 421900]
T2 = [2883900, 2765100, 2874700, 2865600, 2695500, 2795000, 2957600, 2862200, 2705400, 3151200, 2861600, 3083200, 2779500, 3054600, 2811000, 2727100, 2822000, 2775100, 3058200, 2827600, 3166000, 2745800, 3769500, 3196800, 2907900, 3048500, 2686800, 2865400, 3818000, 3518000]

id 42
F = [176, 261, 10, 86, 201, 122, 113, 24, 12, 159, 4, 6, 136, 38, 3, 53, 8, 5, 43, 5, 36, 22, 230, 95, 279, 77, 12, 138, 69, 44]
F2 = [0, 0, 0, 0, 0, 0, 0, 0, 0, 0, 0, 0, 0, 0, 0, 0, 0, 0, 0, 0, 0, 0, 0, 0, 0, 0, 0, 0, 0, 0]
T = [573400, 818600, 53500, 279500, 660000, 387900, 391300, 94700, 44800, 523700, 34100, 46100, 555000, 163000, 37500, 313200, 75400, 40700, 168500, 66400, 151400, 89700, 832900, 374100, 935100, 267300, 45300, 455000, 231600, 156000]
T2 = [2682000, 2665500, 2842900, 2813700, 2734200, 2763800, 2704000, 2826500, 2835600, 2909300, 2871300, 3054800, 2803700, 3189300, 2904100, 2859100, 3410300, 2811500, 3345000, 3177500, 2903600, 3030200, 2691700, 2747600, 2773000, 2652300, 2824300, 2939200, 2775800, 2782300]

id 43
F = [263, 15, 9, 42, 30, 40, 49, 20, 16, 57, 98, 181, 96, 74, 43, 37, 64, 204, 2, 183, 66, 35, 21, 51, 34, 32, 153, 53, 182, 72]
F2 = [0, 0, 0, 0, 0, 0, 0, 0, 0, 0, 0, 0, 0, 0, 0, 0, 0, 0, 0, 0, 0, 0, 0, 0, 0, 0, 0, 0, 0, 0]
T = [842800, 60300, 50400, 160500, 125600, 160500, 174100, 82900, 68400, 218900, 335300, 612000, 316800, 247500, 170400, 224800, 229400, 670500, 21900, 775100, 233700, 125600, 116800, 173800, 122100, 123300, 579600, 173500, 580800, 241500]
T2 = [2687500, 2704700, 2839400, 3213300, 2801100, 2910600, 2875400, 2831000, 3127800, 2900200, 2860400, 2804400, 2824600, 3296500, 2855200, 2828400, 3054300, 2702900, 2859100, 2757900, 2774800, 3188100, 2888000, 2777700, 2792400, 2837500, 2767700, 2698400, 2751500, 2668200]

id 44
F = [72, 12, 100, 77, 82, 51, 26, 39, 95, 125, 132, 6, 18, 66, 81, 99, 91, 18, 23, 118, 275, 52, 3, 92, 48, 56, 109, 42, 160, 18]
F2 = [0, 0, 0, 0, 0, 0, 0, 0, 0, 0, 0, 0, 0, 0, 0, 0, 0, 0, 0, 0, 0, 0, 0, 0, 0, 0, 0, 0, 0, 0]
T = [252000, 55700, 1719500, 267400, 353300, 176900, 118000, 173000, 314700, 638900, 489600, 32400, 80100, 234300, 334500, 319500, 336400, 84200, 83700, 372900, 931600, 172800, 23800, 331000, 168900, 191400, 347800, 141800, 518900, 123300]
T2 = [2647800, 2860200, 2937600, 3174100, 2770700, 2686400, 2843300, 2881500, 2878600, 2738900, 2796100, 2907400, 2795500, 2654400, 2984000, 2892500, 2800800, 2819200, 2783000, 2769800, 2625300, 2845600, 2936200, 2987800, 2821100, 2848100, 2656800, 2855700, 2647000, 3132700]

id 45
F = [67, 17, 36, 110, 67, 15, 77, 35, 18, 40, 7, 5, 25, 54, 162, 20, 9, 64, 7, 21, 36, 167, 53, 5, 75, 7, 121, 20, 33, 114]
F2 = [0, 0, 0, 0, 0, 0, 0, 0, 0, 0, 0, 0, 0, 0, 0, 0, 0, 0, 0, 0, 0, 0, 0, 0, 0, 0, 0, 0, 0, 0]
T = [232100, 167200, 129200, 435500, 353800, 78000, 267700, 142800, 78900, 182900, 37300, 38000, 101300, 300600, 581500, 78000, 50400, 248700, 46400, 76400, 128100, 545100, 187600, 25000, 267700, 41500, 462100, 77100, 117500, 399300]
T2 = [2684900, 2984000, 3283100, 2927200, 2874800, 2813100, 3114200, 2856200, 2791400, 2744500, 2905100, 2731800, 3400300, 3144900, 2769900, 2904800, 2693500, 3164300, 2800800, 2906200, 2940400, 2656900, 2832900, 2808100, 2834900, 2826300, 2710000, 2895900, 4239900, 3147600]

id 46
F = [130, 79, 10, 57, 114, 35, 42, 44, 29, 76, 80, 29, 57, 4, 35, 7, 102, 117, 42, 15, 24, 207, 2, 49, 23, 68, 24, 170, 8, 88]
F2 = [0, 0, 0, 0, 0, 0, 0, 0, 0, 0, 0, 0, 0, 0, 0, 0, 0, 0, 0, 0, 0, 0, 0, 0, 0, 0, 0, 0, 0, 0]
T = [505900, 275300, 63100, 207600, 847200, 153700, 152000, 189700, 119300, 329600, 333700, 117000, 219300, 24800, 149500, 40700, 520900, 396300, 265800, 68100, 91000, 658500, 22600, 193800, 141700, 273200, 94200, 546100, 42800, 293300]
T2 = [2820300, 3078600, 2984800, 2747200, 3794400, 2840500, 3021400, 2880600, 2994300, 2860600, 2820700, 3052000, 2804500, 2906200, 2949000, 3254000, 3521600, 2693400, 2804900, 2775300, 2789600, 2892600, 2764200, 3176400, 3450300, 2853400, 2769700, 2881900, 2932800, 2713500]

id 47
F = [10, 1, 38, 58, 17, 68, 8, 89, 247, 8, 2, 111, 193, 82, 81, 99, 49, 40, 5, 6, 4, 7, 13, 36, 277, 3, 37, 3, 66, 56]
F2 = [0, 0, 0, 0, 0, 0, 0, 0, 0, 0, 0, 0, 0, 0, 0, 0, 0, 0, 0, 0, 0, 0, 0, 0, 0, 0, 0, 0, 0, 0]
T = [52100, 17200, 140100, 223400, 103600, 365400, 45100, 296500, 946900, 38600, 20700, 375000, 635000, 278000, 265500, 312200, 174800, 132200, 25000, 26800, 23900, 43200, 55300, 127900, 2386700, 28000, 156600, 17200, 233800, 197400]
T2 = [3333700, 2865300, 2743300, 3169600, 3151300, 3046100, 2861900, 2841300, 2876200, 2854900, 2817700, 2669000, 2802800, 2725400, 2718000, 2813100, 2750200, 2788600, 2795200, 2820800, 2874800, 2837000, 2843700, 2702600, 2824100, 2886300, 2701300, 2966400, 2698600, 2819700]

id 48
F = [145, 78, 27, 283, 15, 3, 135, 45, 9, 24, 202, 9, 11, 78, 10, 116, 18, 54, 6, 83, 43, 33, 102, 103, 6, 135, 12, 3, 58, 32]
F2 = [0, 0, 0, 0, 0, 0, 0, 0, 0, 0, 0, 0, 0, 0, 0, 0, 0, 0, 0, 0, 0, 0, 0, 0, 0, 0, 0, 0, 0, 0]
T = [483700, 302900, 110700, 936400, 75000, 25200, 439900, 169000, 48600, 124100, 650900, 37100, 53000, 262800, 39600, 442400, 64700, 182700, 27900, 312400, 149700, 124700, 356900, 367900, 29100, 424800, 56600, 54200, 209500, 135700]
T2 = [2910500, 2851600, 2833100, 3155900, 2823900, 2799000, 2672100, 3140100, 2995700, 2840700, 2743700, 2824700, 2814300, 2653700, 2858400, 2807800, 2871000, 2728200, 2803200, 2860000, 2961300, 2808100, 2805100, 2850500, 2663400, 2958900, 2949200, 3053800, 2734400, 2797000]

id 49
F = [42, 5, 140, 11, 24, 147, 49, 85, 38, 82, 198, 183, 36, 84, 14, 58, 1, 144, 44, 14, 108, 112, 5, 53, 76, 94, 5, 135, 25, 189]
F2 = [0, 0, 0, 0, 0, 0, 0, 0, 0, 0, 0, 0, 0, 0, 0, 0, 0, 0, 0, 0, 0, 0, 0, 0, 0, 0, 0, 0, 0, 0]
T = [171900, 40500, 652100, 58500, 94900, 545100, 233400, 529300, 247800, 300400, 670400, 617900, 140200, 279100, 49900, 212000, 11300, 477800, 151600, 82300, 351100, 374900, 35300, 186200, 256800, 448900, 23000, 508100, 100700, 615800]
T2 = [2828700, 2901600, 3267000, 2845500, 2970500, 3205000, 3063600, 3026700, 3178500, 2718900, 2605700, 2744500, 2784800, 2778600, 3005000, 2794300, 2822900, 2815400, 3840800, 2825900, 2806100, 2720100, 2850300, 2765300, 2753900, 2730900, 2801000, 2844100, 2840800, 2748200]

