id 0
F = [28, 26, 12, 37, 9, 9, 26, 43, 33, 18, 88, 204, 67, 27, 7, 77, 5, 138, 71, 85, 137, 12, 63, 27, 17, 137, 7, 3, 19, 17]
F2 = [0, 0, 0, 0, 0, 0, 0, 0, 0, 0, 0, 0, 0, 0, 0, 0, 0, 0, 0, 0, 0, 0, 0, 0, 0, 0, 0, 0, 0, 0]
T = [11933200, 3362900, 1245000, 2757900, 828700, 516000, 2195600, 2608600, 3344600, 3211000, 10618500, 9745700, 1094300, 600400, 333500, 2174000, 363900, 1247700, 547000, 705400, 1792100, 166500, 464700, 380100, 159800, 3475100, 104900, 58400, 247700, 131900]
T2 = [9267400, 14613200, 2650400, 3139900, 3198600, 3428700, 2140600, 4051900, 5096000, 2737000, 2449800, 1678900, 1939700, 24511300, 6273300, 2442700, 1484700, 1644000, 2154900, 2160100, 2323600, 2197700, 1728600, 3482900, 1534200, 2805100, 1491600, 2341900, 1684800, 2189600]

id 1
F = [54, 4, 47, 198, 68, 96, 10, 43, 50, 30, 79, 10, 33, 4, 71, 71, 25, 23, 8, 8, 46, 75, 58, 53, 190, 1, 76, 25, 59, 46]
F2 = [0, 0, 0, 0, 0, 0, 0, 0, 0, 0, 0, 0, 0, 0, 0, 0, 0, 0, 0, 0, 0, 0, 0, 0, 0, 0, 0, 0, 0, 0]
T = [840200, 101200, 432400, 2058800, 620100, 940300, 96800, 490100, 345500, 255300, 760300, 194800, 402600, 95000, 2667600, 1924500, 272200, 348000, 65100, 161800, 355300, 230000, 235400, 254600, 884600, 71600, 297800, 110500, 248800, 152400]
T2 = [1685600, 4619800, 1576600, 2036000, 2112800, 2094800, 1941600, 2137600, 1584700, 1892200, 3102900, 2579700, 2703800, 1985000, 2104800, 1520700, 1814600, 1439100, 4484700, 2200700, 2721700, 3084600, 1812200, 1862200, 2074700, 2368300, 2956700, 2589900, 3179700, 1902200]

id 2
F = [56, 77, 96, 158, 38, 81, 84, 16, 24, 56, 4, 109, 84, 38, 102, 153, 64, 14, 115, 106, 54, 2, 42, 7, 50, 120, 23, 2, 23, 38]
F2 = [0, 0, 0, 0, 0, 0, 0, 0, 0, 0, 0, 0, 0, 0, 0, 0, 0, 0, 0, 0, 0, 0, 0, 0, 0, 0, 0, 0, 0, 0]
T = [218200, 260100, 185000, 257500, 136300, 189000, 676500, 51900, 69700, 142800, 37000, 225900, 257500, 235600, 172700, 239500, 264800, 57000, 398400, 273500, 145800, 19800, 82100, 27400, 160900, 387700, 109200, 39900, 69600, 210800]
T2 = [1333600, 1946500, 1525400, 1186000, 2160100, 1805000, 2167400, 1502700, 1612100, 2018900, 1366400, 1670500, 1616600, 1951200, 1221900, 2211400, 1723200, 1681800, 1580300, 1752700, 1708600, 1564800, 1410100, 1360900, 2472100, 2528300, 1865700, 1231300, 1745500, 2101500]

id 3
F = [108, 105, 35, 19, 99, 24, 30, 20, 55, 64, 155, 170, 113, 48, 14, 8, 25, 17, 25, 4, 23, 29, 129, 113, 22, 103, 26, 71, 20, 2]
F2 = [0, 0, 0, 0, 0, 0, 0, 0, 0, 0, 0, 0, 0, 0, 0, 0, 0, 0, 0, 0, 0, 0, 0, 0, 0, 0, 0, 0, 0, 0]
T = [608400, 417800, 147700, 78700, 321600, 99500, 127400, 72100, 177600, 107300, 315600, 331600, 283100, 119400, 53100, 54500, 100900, 64900, 81500, 32600, 74600, 104300, 450500, 603600, 67200, 197000, 145800, 499500, 69000, 17800]
T2 = [1753300, 1893900, 2332600, 1962900, 3105200, 3017700, 2697600, 1893600, 1785800, 1302100, 1623300, 1541700, 1384800, 1576800, 1626400, 1281100, 1451800, 1905400, 1568900, 1905600, 3464600, 2117900, 2571700, 3138300, 1302100, 2099100, 9020100, 4799300, 2107000, 7125600]

id 4
F = [14, 1, 63, 3, 4, 65, 68, 28, 7, 42, 13, 3, 35, 27, 30, 1, 8, 127, 225, 409, 11, 26, 44, 41, 54, 32, 131, 12, 23, 32]
F2 = [0, 0, 0, 0, 0, 0, 0, 0, 0, 0, 0, 0, 0, 0, 0, 0, 0, 0, 0, 0, 0, 0, 0, 0, 0, 0, 0, 0, 0, 0]
T = [74100, 16800, 116200, 22100, 30100, 181100, 144700, 134200, 28000, 92400, 67700, 23200, 110100, 103200, 86600, 29100, 35600, 299200, 536100, 2731700, 36200, 112900, 120800, 116900, 129500, 111100, 304100, 46200, 110700, 119800]
T2 = [8794000, 1366700, 1650800, 2014100, 2899000, 4163700, 1570100, 1324700, 1324000, 1291900, 1688100, 1971300, 2429600, 1586300, 2242500, 1595000, 1632300, 1534500, 1958300, 2532100, 1448000, 3652800, 2009200, 1452700, 2712900, 2238600, 1554900, 1494900, 2191500, 1464400]

id 5
F = [18, 67, 62, 26, 41, 63, 29, 36, 28, 54, 24, 4, 52, 4, 187, 44, 196, 80, 10, 114, 6, 8, 42, 74, 19, 156, 109, 34, 100, 5]
F2 = [0, 0, 0, 0, 0, 0, 0, 0, 0, 0, 0, 0, 0, 0, 0, 0, 0, 0, 0, 0, 0, 0, 0, 0, 0, 0, 0, 0, 0, 0]
T = [106000, 201700, 135300, 85500, 119800, 190900, 114200, 196300, 136000, 255900, 88000, 32800, 193400, 36200, 413400, 219100, 342900, 271700, 64000, 258300, 35100, 26000, 88100, 106200, 53900, 248300, 287200, 58400, 147600, 31100]
T2 = [3183000, 1827600, 2143300, 1984900, 2780100, 1764500, 2330300, 2123100, 1830000, 1965600, 2101500, 2580100, 1952500, 1539000, 4413500, 2125300, 1829300, 1848700, 1828600, 1611800, 1520400, 1370500, 1211200, 1173900, 1202300, 1727200, 2567000, 1174000, 1635700, 1164200]

id 6
F = [157, 88, 25, 47, 20, 10, 4, 228, 25, 69, 77, 61, 2, 23, 7, 64, 160, 140, 6, 18, 95, 43, 36, 97, 49, 27, 95, 6, 105, 50]
F2 = [0, 0, 0, 0, 0, 0, 0, 0, 0, 0, 0, 0, 0, 0, 0, 0, 0, 0, 0, 0, 0, 0, 0, 0, 0, 0, 0, 0, 0, 0]
T = [484200, 143800, 64400, 107700, 42900, 78600, 36900, 423900, 48700, 124300, 119100, 106000, 13300, 154000, 47800, 248800, 545200, 1175900, 47100, 59300, 339500, 265300, 68900, 404500, 108200, 72400, 213700, 27200, 534800, 107000]
T2 = [1553100, 998800, 1030900, 1056700, 1028100, 1644400, 1592800, 1209200, 1047500, 1196600, 994900, 1000500, 1526700, 1972000, 2020600, 1252100, 1292300, 1408000, 1990100, 1726600, 1672300, 1663100, 1770500, 2030100, 1213600, 1847900, 1560600, 1524600, 2957400, 1158800]

id 7
F = [141, 88, 140, 15, 31, 6, 65, 79, 27, 116, 5, 58, 70, 52, 149, 80, 106, 102, 6, 45, 128, 63, 13, 16, 18, 77, 91, 17, 51, 57]
F2 = [0, 0, 0, 0, 0, 0, 0, 0, 0, 0, 0, 0, 0, 0, 0, 0, 0, 0, 0, 0, 0, 0, 0, 0, 0, 0, 0, 0, 0, 0]
T = [581700, 266300, 357200, 50600, 116700, 60000, 131600, 145600, 99000, 325100, 34500, 107300, 121700, 99300, 393200, 128500, 409600, 480700, 20700, 131300, 369300, 292600, 62400, 69900, 51900, 132800, 137400, 97700, 131800, 150200]
T2 = [2681500, 1508300, 1913600, 1962700, 1291000, 1270900, 1451400, 1792000, 1247100, 3085600, 1959100, 1186300, 1188500, 1361500, 1138800, 1096300, 1713600, 1932400, 1115900, 1680700, 1897300, 1682000, 1723400, 1634300, 1599000, 1315600, 1437400, 1436900, 2351400, 1233400]

id 8
F = [128, 14, 138, 5, 14, 23, 9, 42, 116, 25, 346, 34, 34, 70, 84, 89, 46, 38, 9, 89, 104, 191, 113, 14, 31, 64, 187, 64, 52, 209]
F2 = [0, 0, 0, 0, 0, 0, 0, 0, 0, 0, 0, 0, 0, 0, 0, 0, 0, 0, 0, 0, 0, 0, 0, 0, 0, 0, 0, 0, 0, 0]
T = [300600, 44600, 401600, 26000, 57500, 54100, 27300, 77300, 174500, 57400, 902700, 88400, 188000, 142200, 154600, 182100, 89400, 125400, 22500, 179100, 153700, 345000, 170300, 25900, 64100, 106500, 502800, 352800, 228300, 1188300]
T2 = [1494700, 1751600, 1227200, 1811000, 1293700, 1125700, 1095400, 1101500, 1014900, 1222900, 1200800, 1249800, 2102100, 1150500, 1097300, 1164700, 1180800, 1059500, 1095400, 1082300, 1041400, 1232400, 1022000, 1097500, 1072300, 1054300, 1900200, 1690300, 1316700, 1799800]

id 9
F = [13, 55, 5, 93, 18, 45, 1, 3, 50, 96, 19, 23, 59, 8, 15, 24, 27, 48, 19, 1, 154, 28, 41, 12, 56, 51, 11, 13, 58, 13]
F2 = [0, 0, 0, 0, 0, 0, 0, 0, 0, 0, 0, 0, 0, 0, 0, 0, 0, 0, 0, 0, 0, 0, 0, 0, 0, 0, 0, 0, 0, 0]
T = [79200, 246400, 25700, 563000, 108500, 289100, 20200, 35300, 253300, 156100, 47800, 131200, 244700, 49500, 67600, 116600, 51400, 79800, 50300, 13200, 339000, 52200, 86900, 51600, 85400, 81800, 32100, 42400, 246700, 43800]
T2 = [1544900, 1395500, 1237900, 1768000, 1520400, 1485600, 1403700, 2674700, 2253400, 1163100, 1164500, 1665900, 1605100, 1647200, 1560200, 1593800, 1198600, 1259100, 1336500, 1387600, 1483400, 1096200, 1321400, 1649000, 1020900, 1084300, 1520400, 1713100, 1457300, 2565700]

id 10
F = [24, 74, 3, 15, 139, 17, 51, 7, 174, 149, 135, 78, 4, 107, 22, 35, 1, 64, 40, 3, 10, 25, 100, 30, 83, 13, 28, 22, 5, 10]
F2 = [0, 0, 0, 0, 0, 0, 0, 0, 0, 0, 0, 0, 0, 0, 0, 0, 0, 0, 0, 0, 0, 0, 0, 0, 0, 0, 0, 0, 0, 0]
T = [84800, 134800, 27600, 36900, 226500, 39300, 133100, 22400, 401900, 292400, 263500, 300500, 54500, 244100, 52400, 87400, 15900, 106100, 69300, 14900, 25800, 63700, 148700, 74400, 244300, 70300, 75500, 31500, 14400, 28100]
T2 = [1096700, 1028400, 1072900, 1052500, 1042200, 1218000, 1347700, 1074500, 1395400, 1380900, 1963000, 1611200, 1696500, 1534500, 1753000, 1395600, 1388300, 1048100, 1027800, 1086100, 1031100, 1082200, 1028700, 1347000, 1656000, 1634300, 1588100, 1028200, 1018300, 1015500]

id 11
F = [129, 3, 10, 15, 80, 151, 148, 112, 110, 47, 59, 55, 35, 71, 126, 21, 42, 44, 57, 10, 175, 159, 201, 5, 3, 34, 103, 68, 53, 2]
F2 = [0, 0, 0, 0, 0, 0, 0, 0, 0, 0, 0, 0, 0, 0, 0, 0, 0, 0, 0, 0, 0, 0, 0, 0, 0, 0, 0, 0, 0, 0]
T = [205400, 21000, 27600, 36700, 126200, 280700, 243500, 210000, 242200, 91600, 94900, 89700, 117400, 116900, 199600, 73600, 127400, 125900, 203400, 70300, 742200, 632200, 1389300, 69800, 18000, 80700, 184900, 116400, 120900, 45100]
T2 = [1002700, 1035700, 1022600, 1230500, 2039600, 1175600, 1311300, 1217800, 1179000, 1178500, 1179200, 1401600, 1477400, 1181200, 1178100, 2553400, 1916900, 1822000, 1788400, 3030300, 2451000, 3015000, 1992100, 1973500, 2655300, 1615900, 1173500, 1173100, 2263800, 1767700]

id 12
F = [38, 38, 1, 101, 24, 170, 84, 53, 25, 60, 12, 1, 84, 59, 62, 98, 81, 44, 101, 86, 46, 37, 17, 2, 17, 113, 85, 77, 41, 15]
F2 = [0, 0, 0, 0, 0, 0, 0, 0, 0, 0, 0, 0, 0, 0, 0, 0, 0, 0, 0, 0, 0, 0, 0, 0, 0, 0, 0, 0, 0, 0]
T = [142100, 87700, 44000, 261200, 63100, 327900, 516500, 155100, 52900, 103100, 36100, 11900, 224900, 106100, 139000, 159300, 119100, 91400, 218600, 124600, 71000, 96900, 50600, 30700, 48700, 156400, 118100, 346500, 199700, 25700]
T2 = [1213600, 1209300, 2317900, 1360000, 1323200, 2739700, 3854900, 1275100, 1244200, 1443200, 1228700, 1412700, 1248600, 1417700, 1939600, 1199800, 1271700, 1388400, 1262500, 1169800, 1216200, 1193700, 1238300, 1209700, 1187300, 1175800, 1367600, 2524000, 1378800, 1166500]

id 13
F = [13, 55, 88, 5, 120, 14, 2, 48, 51, 211, 22, 67, 21, 24, 14, 6, 56, 170, 127, 91, 4, 67, 123, 25, 12, 9, 7, 5, 39, 97]
F2 = [0, 0, 0, 0, 0, 0, 0, 0, 0, 0, 0, 0, 0, 0, 0, 0, 0, 0, 0, 0, 0, 0, 0, 0, 0, 0, 0, 0, 0, 0]
T = [49200, 98500, 118300, 36200, 151600, 60200, 24600, 171500, 489800, 1970800, 138200, 410300, 149100, 157900, 92700, 51700, 462600, 960000, 1405300, 523200, 34800, 541800, 588200, 385900, 90600, 35400, 33500, 27100, 113200, 273500]
T2 = [1052200, 1081200, 1072300, 1043900, 1022100, 2911900, 4139500, 4242500, 6879800, 7114800, 3259300, 3257500, 2920500, 3131600, 3263700, 4399700, 3164400, 2943200, 3007200, 2890400, 2965000, 11282700, 5618500, 3368600, 2584700, 3318400, 2945700, 2257500, 2341900, 2299700]

id 14
F = [2, 15, 15, 34, 11, 8, 60, 29, 27, 83, 2, 5, 2, 3, 59, 85, 23, 121, 17, 14, 1, 125, 1, 24, 120, 27, 35, 149, 70, 32]
F2 = [0, 0, 0, 0, 0, 0, 0, 0, 0, 0, 0, 0, 0, 0, 0, 0, 0, 0, 0, 0, 0, 0, 0, 0, 0, 0, 0, 0, 0, 0]
T = [30300, 52200, 62800, 161300, 47400, 69000, 193000, 88400, 101700, 299400, 22700, 42500, 22200, 18400, 269300, 259100, 87800, 341000, 89800, 93000, 14500, 488800, 16200, 81100, 449800, 96000, 102700, 625500, 338900, 130200]
T2 = [2681600, 2848900, 2419300, 3965700, 2866700, 2730500, 2777000, 2316000, 2536900, 2630400, 2854100, 2544200, 2266700, 2487700, 2274000, 2211700, 2880400, 3019500, 2696800, 2982800, 2720100, 2358100, 2352100, 3094300, 2980700, 2217500, 4402100, 3558400, 4303200, 6023300]

id 15
F = [18, 38, 18, 96, 108, 65, 4, 10, 28, 17, 44, 14, 146, 34, 99, 23, 2, 29, 99, 3, 2, 50, 31, 17, 51, 76, 41, 145, 30, 35]
F2 = [0, 0, 0, 0, 0, 0, 0, 0, 0, 0, 0, 0, 0, 0, 0, 0, 0, 0, 0, 0, 0, 0, 0, 0, 0, 0, 0, 0, 0, 0]
T = [208500, 144300, 96700, 380500, 945700, 209600, 31000, 41800, 161500, 97700, 142700, 55100, 436200, 244500, 472600, 95100, 29400, 49700, 442600, 29900, 20100, 81500, 48800, 51900, 183400, 286300, 113300, 254900, 60000, 64400]
T2 = [3574300, 3016100, 2999100, 2859800, 3201000, 3054200, 2863800, 2710800, 3318200, 5229200, 2658300, 3917000, 2832600, 1599100, 2943200, 2782400, 3297300, 1357100, 1525400, 1399300, 1188400, 1123300, 1147700, 1913800, 1788300, 1905700, 1830300, 1283500, 1490600, 1140100]

id 16
F = [8, 6, 50, 58, 85, 40, 73, 5, 7, 73, 33, 10, 30, 129, 5, 53, 40, 41, 85, 124, 4, 14, 2, 37, 8, 98, 7, 6, 78, 55]
F2 = [0, 0, 0, 0, 0, 0, 0, 0, 0, 0, 0, 0, 0, 0, 0, 0, 0, 0, 0, 0, 0, 0, 0, 0, 0, 0, 0, 0, 0, 0]
T = [42800, 28200, 104500, 129700, 181800, 119300, 169500, 21800, 20700, 151100, 82500, 35400, 69400, 192900, 17900, 86800, 94800, 82100, 126900, 172600, 14400, 43700, 16200, 165400, 39100, 339000, 40600, 19400, 164600, 135000]
T2 = [1343100, 1535100, 1418500, 1386300, 1573400, 1434000, 1592100, 1228300, 1136200, 1216500, 1394500, 1177500, 1174900, 1160200, 1152200, 1140400, 1208600, 1362800, 1128100, 1124400, 1149700, 2186400, 1855700, 1843800, 1656100, 1825600, 1796100, 1543400, 1569100, 1828800]

id 17
F = [118, 15, 13, 192, 24, 89, 43, 57, 42, 27, 682, 26, 119, 93, 1, 11, 38, 4, 69, 70, 21, 57, 88, 24, 39, 8, 34, 63, 13, 243]
F2 = [0, 0, 0, 0, 0, 0, 0, 0, 0, 0, 0, 0, 0, 0, 0, 0, 0, 0, 0, 0, 0, 0, 0, 0, 0, 0, 0, 0, 0, 0]
T = [366300, 44800, 43700, 281600, 64800, 225000, 132500, 126400, 99200, 48700, 851500, 53300, 157000, 265700, 15200, 26000, 97400, 20600, 103900, 101000, 34700, 80700, 170300, 47800, 62200, 24200, 70700, 103000, 44400, 560200]
T2 = [1065300, 1239800, 1242900, 1383800, 1604400, 1823700, 1613700, 1326100, 1501300, 1154000, 986500, 1026200, 1054500, 1037800, 1041600, 1146500, 1050300, 1463100, 1034900, 1021400, 1029900, 1358100, 1374200, 1029000, 1024700, 1074000, 1331900, 1585500, 1691500, 1548200]

id 18
F = [148, 85, 3, 201, 103, 147, 7, 65, 3, 39, 14, 164, 13, 92, 9, 10, 32, 24, 56, 124, 43, 18, 93, 28, 6, 24, 5, 4, 47, 185]
F2 = [0, 0, 0, 0, 0, 0, 0, 0, 0, 0, 0, 0, 0, 0, 0, 0, 0, 0, 0, 0, 0, 0, 0, 0, 0, 0, 0, 0, 0, 0]
T = [655600, 132100, 62000, 250300, 206200, 294400, 46200, 131600, 16500, 57100, 52100, 247600, 46400, 199900, 29000, 31500, 67700, 44400, 88200, 261500, 70200, 33200, 151300, 51600, 18100, 46600, 18600, 26000, 105200, 228200]
T2 = [1236000, 1316100, 1479600, 1277600, 1571200, 2177500, 1847100, 1115700, 1033200, 1049000, 1670100, 1069600, 1868900, 1529100, 1555800, 1591800, 1037300, 1095500, 1062100, 1380800, 1028500, 1081100, 1214800, 1232600, 1064600, 1116600, 1163400, 1073500, 1131800, 997700]

id 19
F = [21, 153, 32, 246, 30, 43, 99, 17, 65, 17, 170, 17, 95, 33, 13, 1, 47, 9, 50, 14, 25, 32, 22, 93, 111, 35, 50, 34, 33, 144]
F2 = [0, 0, 0, 0, 0, 0, 0, 0, 0, 0, 0, 0, 0, 0, 0, 0, 0, 0, 0, 0, 0, 0, 0, 0, 0, 0, 0, 0, 0, 0]
T = [104400, 461900, 115200, 1370200, 75700, 75700, 186100, 57700, 102100, 149400, 501700, 69300, 227100, 110900, 38500, 29200, 150500, 42200, 121600, 56500, 70500, 82300, 77300, 2048100, 241800, 155500, 119200, 87500, 95400, 407300]
T2 = [1916100, 3151600, 7717600, 3249700, 3453100, 16887100, 4709000, 29754800, 1215500, 1740400, 5333800, 1340900, 1961200, 1981000, 1438900, 1350700, 1900400, 1666800, 10399500, 1569200, 1563800, 1569900, 1807600, 1890400, 27818400, 8802300, 1553400, 2145100, 2343400, 2190400]

id 20
F = [31, 5, 1, 1, 19, 128, 42, 32, 73, 77, 10, 26, 80, 12, 32, 30, 96, 24, 7, 33, 91, 52, 104, 9, 24, 135, 106, 3, 46, 4]
F2 = [0, 0, 0, 0, 0, 0, 0, 0, 0, 0, 0, 0, 0, 0, 0, 0, 0, 0, 0, 0, 0, 0, 0, 0, 0, 0, 0, 0, 0, 0]
T = [274200, 28400, 27500, 14000, 126800, 1291600, 97900, 255900, 115300, 168700, 57300, 88600, 224800, 46400, 69800, 67100, 404900, 68100, 28600, 56600, 142700, 297800, 180000, 39300, 58400, 248000, 189200, 27500, 81300, 25500]
T2 = [2203000, 2932300, 7270800, 2696400, 2485800, 2933000, 4647800, 1853400, 1336800, 1239500, 1849600, 2240000, 1439800, 1257400, 1469400, 1647200, 2369100, 1723400, 1418600, 1176300, 1354500, 1176100, 1208800, 1683300, 1463500, 1279900, 1346600, 1367600, 1266000, 1581300]

id 21
F = [76, 154, 10, 13, 44, 41, 112, 12, 78, 62, 20, 112, 41, 35, 42, 122, 27, 16, 69, 7, 5, 12, 1, 24, 54, 149, 74, 28, 41, 66]
F2 = [0, 0, 0, 0, 0, 0, 0, 0, 0, 0, 0, 0, 0, 0, 0, 0, 0, 0, 0, 0, 0, 0, 0, 0, 0, 0, 0, 0, 0, 0]
T = [339800, 305100, 58900, 53100, 167200, 93800, 238500, 60600, 169700, 174000, 65100, 259500, 66300, 56600, 73100, 182200, 45600, 46100, 214300, 39800, 16100, 26000, 12000, 51700, 174000, 298800, 224400, 56900, 87500, 135500]
T2 = [1723800, 1377500, 1481400, 1644800, 2042600, 1289500, 1892900, 1574600, 2101500, 1964400, 1728100, 1504000, 1158500, 1178800, 1170200, 1134000, 1497200, 1185300, 2033900, 1275800, 1203300, 1183000, 1435600, 1244500, 1558800, 1812400, 1478800, 1362100, 1582300, 1204900]

id 22
F = [46, 79, 54, 25, 18, 72, 12, 15, 190, 157, 82, 20, 40, 90, 5, 56, 23, 76, 210, 35, 40, 10, 88, 45, 76, 65, 81, 58, 84, 77]
F2 = [0, 0, 0, 0, 0, 0, 0, 0, 0, 0, 0, 0, 0, 0, 0, 0, 0, 0, 0, 0, 0, 0, 0, 0, 0, 0, 0, 0, 0, 0]
T = [182900, 173600, 121400, 66200, 60200, 142600, 31300, 33800, 421200, 209400, 121100, 65800, 95000, 191600, 21900, 178800, 98900, 211000, 445400, 202300, 110200, 36700, 127300, 68400, 155600, 138700, 180600, 654800, 260400, 172600]
T2 = [1602800, 1426500, 1598500, 1597600, 1753000, 1447000, 1457700, 1325700, 1063800, 1051800, 1419200, 1344000, 1372200, 1507200, 1504300, 1963400, 1806300, 1710700, 1763500, 1802800, 2193300, 1816800, 1041100, 1321300, 1411100, 1380000, 1487200, 2196400, 1495700, 1172200]

id 23
F = [11, 37, 57, 16, 12, 362, 7, 30, 22, 62, 117, 4, 10, 6, 6, 6, 14, 41, 15, 32, 8, 15, 177, 17, 39, 278, 18, 55, 52, 41]
F2 = [0, 0, 0, 0, 0, 0, 0, 0, 0, 0, 0, 0, 0, 0, 0, 0, 0, 0, 0, 0, 0, 0, 0, 0, 0, 0, 0, 0, 0, 0]
T = [63800, 78200, 121800, 39800, 36400, 674600, 22200, 74500, 38100, 85000, 159000, 17500, 33400, 19100, 18300, 17600, 26700, 56900, 25500, 62600, 26800, 25900, 216800, 34300, 61400, 339500, 47700, 114100, 138500, 91600]
T2 = [1383500, 1391600, 1389000, 1481400, 1440700, 1219000, 1398300, 1348700, 1064000, 1397200, 1346700, 1193700, 1218400, 1176100, 1054200, 1043900, 1049400, 1032200, 1040500, 1482500, 1092100, 1046100, 1019100, 1096600, 1062700, 1078500, 1452600, 1400000, 1429100, 1481300]

id 24
F = [46, 50, 30, 109, 60, 64, 18, 15, 8, 49, 17, 102, 16, 23, 114, 10, 74, 121, 23, 14, 49, 120, 6, 46, 62, 41, 32, 190, 101, 46]
F2 = [0, 0, 0, 0, 0, 0, 0, 0, 0, 0, 0, 0, 0, 0, 0, 0, 0, 0, 0, 0, 0, 0, 0, 0, 0, 0, 0, 0, 0, 0]
T = [206100, 76400, 51500, 159500, 179900, 146700, 49700, 43400, 53900, 77500, 98500, 138800, 75500, 77800, 239800, 43600, 138800, 208800, 45700, 32100, 273400, 158900, 16800, 66500, 123700, 62200, 53500, 243100, 132400, 61400]
T2 = [1036600, 1008300, 1023700, 1019200, 1365000, 1280900, 1388000, 1467500, 1579100, 1011300, 1821500, 1159000, 1632900, 1574900, 1269900, 1226400, 1076000, 1021400, 1020500, 1019000, 1013100, 1015700, 1021000, 1025800, 1027000, 997100, 996500, 1014800, 998500, 1003800]

id 25
F = [20, 63, 31, 39, 69, 44, 52, 61, 12, 38, 102, 57, 3, 41, 5, 5, 152, 13, 11, 44, 10, 8, 2, 73, 2, 184, 32, 158, 32, 13]
F2 = [0, 0, 0, 0, 0, 0, 0, 0, 0, 0, 0, 0, 0, 0, 0, 0, 0, 0, 0, 0, 0, 0, 0, 0, 0, 0, 0, 0, 0, 0]
T = [51900, 111600, 59200, 71900, 137500, 82300, 75700, 79000, 44900, 63800, 136200, 87400, 31800, 152400, 45900, 54200, 938200, 94700, 113200, 243800, 68000, 62800, 39800, 255500, 23900, 867500, 162000, 517100, 184900, 64500]
T2 = [1272500, 1240100, 1261900, 2310400, 1234100, 1202000, 996500, 1114000, 1024400, 996700, 1006200, 1137500, 2764400, 3196700, 3828000, 3420300, 4275500, 3238100, 3332300, 3287700, 3232900, 3620300, 3486000, 2721600, 2729400, 3345800, 2665400, 2894200, 3353900, 2656800]

id 26
F = [10, 50, 8, 89, 134, 34, 115, 3, 34, 70, 57, 82, 17, 8, 9, 42, 24, 20, 23, 68, 4, 11, 63, 107, 16, 1, 41, 138, 58, 34]
F2 = [0, 0, 0, 0, 0, 0, 0, 0, 0, 0, 0, 0, 0, 0, 0, 0, 0, 0, 0, 0, 0, 0, 0, 0, 0, 0, 0, 0, 0, 0]
T = [61200, 187900, 48000, 309800, 451500, 172300, 543800, 70600, 180700, 242300, 208800, 290900, 86800, 99200, 53400, 193500, 100900, 89300, 106500, 249800, 28300, 62400, 335900, 363000, 66600, 23300, 173200, 541200, 178500, 102500]
T2 = [2729500, 2634300, 2663000, 2611200, 2612000, 3926600, 4193600, 2850200, 3029200, 2655900, 2665900, 2685700, 2634300, 2739100, 2686200, 2861800, 2658600, 2899700, 2717000, 2655800, 2647100, 2949800, 3129100, 2691000, 2639100, 2749800, 3071700, 2466700, 2152800, 2373200]

id 27
F = [69, 181, 12, 106, 62, 20, 17, 136, 120, 6, 28, 52, 8, 2, 59, 16, 147, 24, 51, 99, 11, 95, 34, 47, 80, 131, 32, 38, 21, 103]
F2 = [0, 0, 0, 0, 0, 0, 0, 0, 0, 0, 0, 0, 0, 0, 0, 0, 0, 0, 0, 0, 0, 0, 0, 0, 0, 0, 0, 0, 0, 0]
T = [262700, 623500, 63800, 357900, 244500, 83900, 69900, 451000, 392800, 46600, 121400, 188300, 39000, 17900, 239700, 70600, 506400, 88100, 183900, 342100, 66200, 310100, 152300, 174500, 474900, 438400, 135300, 170700, 105100, 355800]
T2 = [2832100, 2903300, 2675100, 2840300, 2706900, 2636900, 2696300, 2637900, 3016700, 3001000, 2647400, 2618600, 2647500, 2669400, 2735700, 2658400, 2629800, 2659100, 2654800, 2596600, 2666000, 2634900, 2739700, 2622000, 2726600, 2617400, 2806900, 2661200, 2636800, 2698500]

id 28
F = [1, 71, 24, 31, 25, 40, 219, 27, 121, 127, 53, 27, 48, 2, 31, 35, 34, 11, 99, 115, 31, 92, 9, 66, 351, 80, 133, 11, 54, 39]
F2 = [0, 0, 0, 0, 0, 0, 0, 0, 0, 0, 0, 0, 0, 0, 0, 0, 0, 0, 0, 0, 0, 0, 0, 0, 0, 0, 0, 0, 0, 0]
T = [26600, 272000, 96400, 123400, 203200, 207800, 773300, 108000, 412200, 425400, 194000, 107500, 237900, 39300, 121700, 152600, 149100, 54300, 280800, 306400, 183200, 391900, 61100, 296200, 1126700, 290300, 443000, 50700, 249500, 240500]
T2 = [2887700, 2645500, 3419100, 4087000, 3747300, 3335500, 3077400, 2698200, 2592700, 2767100, 2637300, 3414300, 3471300, 4280300, 2777400, 3371800, 3249800, 3263400, 2145300, 2303300, 3113900, 3332900, 2820800, 2793500, 2678000, 2614700, 2596700, 2881600, 2775600, 2997800]

id 29
F = [17, 28, 93, 4, 26, 4, 121, 2, 16, 54, 49, 64, 66, 43, 28, 1, 7, 108, 43, 65, 31, 8, 132, 40, 8, 24, 98, 17, 69, 13]
F2 = [0, 0, 0, 0, 0, 0, 0, 0, 0, 0, 0, 0, 0, 0, 0, 0, 0, 0, 0, 0, 0, 0, 0, 0, 0, 0, 0, 0, 0, 0]
T = [85300, 211500, 376200, 26500, 129600, 55200, 416500, 26500, 76600, 215000, 182700, 1517200, 310500, 159600, 144600, 23300, 34600, 358400, 159300, 239000, 226200, 88200, 456500, 390800, 48000, 110500, 335200, 76300, 245000, 71500]
T2 = [2677100, 3451200, 2677800, 2648000, 2821500, 3251200, 2712100, 2964900, 2669500, 2858800, 2642000, 2848500, 2706000, 2634500, 2711100, 2658600, 2641900, 2738100, 2912500, 4387000, 3753100, 3861600, 2668600, 3200700, 2924600, 2867600, 2898600, 2645000, 2664800, 3401500]

id 30
F = [47, 12, 24, 34, 13, 22, 60, 26, 2, 101, 86, 68, 80, 13, 195, 20, 9, 54, 43, 25, 8, 17, 28, 89, 58, 26, 55, 93, 67, 44]
F2 = [0, 0, 0, 0, 0, 0, 0, 0, 0, 0, 0, 0, 0, 0, 0, 0, 0, 0, 0, 0, 0, 0, 0, 0, 0, 0, 0, 0, 0, 0]
T = [211800, 71400, 237200, 176900, 69700, 266400, 212400, 115500, 28000, 521300, 300100, 240900, 434500, 74100, 1245800, 118500, 74600, 358300, 235200, 134200, 77900, 104800, 133000, 326700, 212700, 102700, 205400, 326300, 368700, 323400]
T2 = [2713800, 4028900, 3226100, 3154900, 3202500, 2884500, 2724200, 2958500, 3741300, 2871300, 2688700, 2842900, 2670200, 3153000, 3845000, 5483200, 8987400, 5665200, 4279500, 3712400, 3219400, 3199400, 2833700, 2617900, 2638100, 2814700, 2642300, 2639400, 2697400, 3697600]

id 31
F = [7, 9, 39, 89, 35, 17, 4, 58, 7, 225, 81, 76, 31, 24, 4, 97, 66, 64, 16, 30, 92, 6, 10, 110, 95, 112, 26, 42, 18, 114]
F2 = [0, 0, 0, 0, 0, 0, 0, 0, 0, 0, 0, 0, 0, 0, 0, 0, 0, 0, 0, 0, 0, 0, 0, 0, 0, 0, 0, 0, 0, 0]
T = [43800, 51900, 168500, 322700, 131000, 78700, 31800, 210800, 42600, 727300, 289900, 263000, 117000, 99700, 29900, 473200, 306300, 318000, 94300, 145500, 273000, 26900, 78400, 307300, 283400, 315900, 146700, 131900, 94700, 661300]
T2 = [2712900, 2686900, 2935300, 2609200, 2627900, 2665500, 2690000, 2648600, 2744900, 2581200, 2615100, 2609500, 2651300, 2636200, 2643700, 3299300, 3264700, 3239800, 3497000, 3345300, 2144500, 2186400, 2534000, 2399900, 2160600, 2546900, 2685600, 2156100, 3397700, 2630300]

id 32
F = [40, 16, 78, 128, 9, 52, 1, 39, 54, 9, 17, 23, 56, 82, 16, 11, 26, 4, 8, 42, 114, 16, 111, 19, 96, 22, 146, 37, 10, 37]
F2 = [0, 0, 0, 0, 0, 0, 0, 0, 0, 0, 0, 0, 0, 0, 0, 0, 0, 0, 0, 0, 0, 0, 0, 0, 0, 0, 0, 0, 0, 0]
T = [154700, 88400, 278800, 435600, 57300, 187400, 21500, 172100, 234500, 72000, 91600, 154100, 198700, 428400, 107900, 59300, 127100, 31800, 52300, 169600, 384000, 81500, 369100, 68200, 326000, 95600, 483900, 132100, 63200, 135800]
T2 = [2657100, 2666700, 2635900, 2727300, 2681900, 2691000, 2717300, 2656800, 2633100, 3789600, 3215000, 2635400, 2800400, 3068700, 2754000, 3436600, 2717600, 2657100, 3146500, 2690400, 2862900, 2630600, 2594200, 2664800, 2651500, 2764300, 2583300, 2843000, 2654300, 3237900]

id 33
F = [72, 28, 62, 42, 38, 69, 58, 112, 9, 42, 93, 99, 65, 1, 97, 101, 164, 87, 16, 96, 39, 17, 67, 69, 41, 42, 76, 51, 7, 142]
F2 = [0, 0, 0, 0, 0, 0, 0, 0, 0, 0, 0, 0, 0, 0, 0, 0, 0, 0, 0, 0, 0, 0, 0, 0, 0, 0, 0, 0, 0, 0]
T = [367700, 120400, 234700, 163900, 145600, 247100, 199100, 515800, 52700, 165600, 439100, 496800, 270700, 20300, 345400, 360800, 891000, 312300, 76400, 315200, 130700, 73600, 234100, 241500, 178700, 165800, 259500, 185300, 61000, 1729100]
T2 = [2799900, 2762400, 2630900, 2663400, 2670700, 2614900, 3601300, 2707000, 2790000, 2662400, 2610800, 2738400, 2669700, 2677000, 2855200, 2693200, 2860700, 3005500, 2635600, 2590900, 2670800, 2682600, 2667900, 2645700, 2649900, 2635200, 2755600, 2763600, 2730200, 2582700]

id 34
F = [31, 23, 8, 11, 23, 123, 14, 2, 95, 71, 28, 23, 16, 97, 147, 34, 10, 27, 232, 23, 145, 12, 8, 76, 18, 91, 10, 53, 128, 3]
F2 = [0, 0, 0, 0, 0, 0, 0, 0, 0, 0, 0, 0, 0, 0, 0, 0, 0, 0, 0, 0, 0, 0, 0, 0, 0, 0, 0, 0, 0, 0]
T = [126600, 84500, 39800, 45200, 85700, 412300, 73600, 26200, 402600, 245800, 122900, 84600, 58500, 390500, 792900, 138200, 58000, 111900, 765100, 96500, 465500, 56200, 37800, 263000, 83600, 353000, 40400, 230100, 428500, 18300]
T2 = [2618000, 2647300, 2648700, 2640600, 2707300, 2655000, 2688000, 2792900, 2751700, 2662500, 2643500, 2634500, 2688200, 2889700, 3044500, 2745600, 2659600, 2868500, 2662700, 2660900, 2622700, 2679200, 2691000, 2617800, 2818000, 2672000, 2678400, 2747300, 2594800, 2827100]

id 35
F = [75, 41, 127, 142, 31, 42, 10, 47, 57, 82, 69, 19, 11, 9, 34, 3, 6, 17, 51, 49, 59, 1, 80, 52, 100, 108, 104, 8, 61, 85]
F2 = [0, 0, 0, 0, 0, 0, 0, 0, 0, 0, 0, 0, 0, 0, 0, 0, 0, 0, 0, 0, 0, 0, 0, 0, 0, 0, 0, 0, 0, 0]
T = [434200, 150900, 683300, 482800, 119700, 155800, 50200, 177400, 202600, 290700, 243500, 75800, 50100, 39200, 149700, 21400, 38600, 66100, 171700, 168500, 218500, 18400, 393900, 191900, 333000, 385400, 343200, 49700, 206000, 296400]
T2 = [2644000, 2689500, 2690100, 2635900, 2641900, 3322300, 2743900, 2779700, 2755800, 2648800, 2622300, 2661200, 2659000, 2675200, 2631500, 2776100, 2647800, 2654900, 2666100, 2864000, 2745800, 2725100, 2788200, 2615300, 2875900, 2765200, 2668700, 2666200, 2667100, 2664100]

id 36
F = [15, 36, 23, 11, 41, 43, 5, 35, 61, 9, 3, 43, 5, 59, 28, 22, 7, 8, 251, 19, 76, 168, 83, 91, 95, 18, 84, 59, 37, 28]
F2 = [0, 0, 0, 0, 0, 0, 0, 0, 0, 0, 0, 0, 0, 0, 0, 0, 0, 0, 0, 0, 0, 0, 0, 0, 0, 0, 0, 0, 0, 0]
T = [61900, 124400, 91000, 49200, 184000, 160600, 35800, 138600, 215000, 47600, 16500, 161300, 34600, 198000, 97300, 108400, 40900, 53600, 794000, 182600, 279000, 563200, 457500, 496500, 383900, 80100, 304300, 214900, 214700, 162300]
T2 = [2639700, 2622700, 2669300, 2666900, 2625900, 2672600, 2676700, 2646400, 2666900, 2633700, 2687300, 2700000, 2651900, 2624000, 2633500, 2677100, 2676300, 2649900, 2566000, 2686600, 2695600, 2783800, 2610200, 2658500, 3544700, 2825300, 2698400, 2998200, 3730800, 2870300]

id 37
F = [17, 108, 23, 118, 71, 76, 95, 2, 17, 2, 109, 59, 9, 39, 105, 58, 27, 48, 78, 97, 17, 7, 23, 28, 39, 101, 165, 85, 14, 32]
F2 = [0, 0, 0, 0, 0, 0, 0, 0, 0, 0, 0, 0, 0, 0, 0, 0, 0, 0, 0, 0, 0, 0, 0, 0, 0, 0, 0, 0, 0, 0]
T = [78000, 367300, 91100, 398400, 387500, 401800, 467000, 78100, 102800, 22600, 374600, 293100, 54400, 151600, 500700, 204500, 163400, 174400, 275800, 326700, 79900, 32100, 91900, 107600, 150500, 398200, 552700, 291700, 79400, 176200]
T2 = [2635100, 2612300, 2694000, 2912000, 2617400, 3376400, 3005200, 3434100, 3237700, 2679600, 2696800, 3458100, 2753200, 3089500, 2656200, 2779400, 2964400, 2666400, 2734300, 2708700, 2628000, 2646800, 2742000, 2631800, 2630100, 2873400, 2600400, 2909600, 3061300, 3287000]

id 38
F = [5, 23, 142, 96, 66, 36, 87, 12, 66, 305, 27, 27, 190, 29, 22, 32, 23, 53, 112, 3, 130, 9, 22, 73, 66, 13, 116, 89, 24, 9]
F2 = [0, 0, 0, 0, 0, 0, 0, 0, 0, 0, 0, 0, 0, 0, 0, 0, 0, 0, 0, 0, 0, 0, 0, 0, 0, 0, 0, 0, 0, 0]
T = [38800, 87900, 470200, 350800, 231500, 209200, 462800, 87000, 269900, 1764300, 150500, 165800, 969300, 163600, 155300, 199900, 112700, 343100, 564000, 30500, 530200, 71100, 108700, 267500, 239400, 55700, 398400, 291300, 91800, 60200]
T2 = [2668600, 2814600, 3355100, 2636800, 3015400, 2711800, 3916900, 3733200, 2840400, 3678500, 3340300, 4188200, 3265200, 2656800, 3773300, 4671800, 3544200, 2963300, 3070600, 2911700, 2915900, 2672200, 2640000, 3083600, 2619400, 2644900, 2587000, 2612500, 2939900, 2773600]

id 39
F = [29, 42, 2, 18, 95, 14, 91, 132, 7, 15, 18, 19, 5, 4, 14, 102, 39, 47, 114, 30, 90, 42, 5, 32, 23, 35, 18, 16, 35, 91]
F2 = [0, 0, 0, 0, 0, 0, 0, 0, 0, 0, 0, 0, 0, 0, 0, 0, 0, 0, 0, 0, 0, 0, 0, 0, 0, 0, 0, 0, 0, 0]
T = [117800, 148300, 12300, 80100, 391500, 62400, 317800, 440800, 41600, 65100, 65600, 71900, 30800, 28200, 108600, 421000, 189500, 177200, 391200, 144500, 309300, 165400, 36200, 114600, 282400, 167300, 75800, 88500, 135100, 331600]
T2 = [2656800, 2625600, 2679100, 2684700, 2630200, 2671300, 2642600, 2651400, 2641400, 2638000, 2632200, 2637700, 2669100, 2647600, 2728800, 2861600, 3635400, 2616400, 2606200, 3927600, 2750300, 2695100, 2642700, 2961900, 3279200, 2644800, 2680300, 2708500, 2668700, 2600400]

id 40
F = [17, 6, 33, 141, 86, 27, 45, 134, 45, 37, 34, 22, 163, 93, 14, 13, 45, 40, 17, 159, 13, 61, 106, 40, 52, 29, 40, 69, 46, 183]
F2 = [0, 0, 0, 0, 0, 0, 0, 0, 0, 0, 0, 0, 0, 0, 0, 0, 0, 0, 0, 0, 0, 0, 0, 0, 0, 0, 0, 0, 0, 0]
T = [77900, 30300, 126200, 458700, 299700, 94700, 241900, 509600, 196700, 144300, 126200, 350100, 539500, 339300, 69200, 60000, 163000, 207600, 76300, 593600, 89900, 283300, 361300, 140000, 186700, 105900, 142800, 227600, 165700, 597600]
T2 = [2842200, 2675300, 2637000, 2704000, 2610300, 2634100, 3006300, 2895400, 2909800, 2667300, 2645200, 2835100, 2691300, 2782200, 2706300, 2644600, 3443300, 3234300, 2933900, 2863500, 2652600, 2701500, 2597000, 2669100, 2629400, 2651100, 2621500, 2750300, 2631300, 2581900]

id 41
F = [1, 39, 35, 11, 109, 36, 50, 9, 80, 64, 3, 3, 16, 101, 47, 49, 160, 137, 92, 13, 51, 45, 80, 53, 45, 2, 22, 18, 5, 70]
F2 = [0, 0, 0, 0, 0, 0, 0, 0, 0, 0, 0, 0, 0, 0, 0, 0, 0, 0, 0, 0, 0, 0, 0, 0, 0, 0, 0, 0, 0, 0]
T = [25200, 150500, 182300, 80800, 372300, 151200, 268700, 48900, 273700, 228800, 22900, 39100, 75200, 371700, 185200, 203700, 805800, 996300, 326400, 57400, 188900, 161800, 357600, 313600, 606700, 21600, 79700, 95100, 32300, 257800]
T2 = [2712000, 2988700, 3369800, 3792400, 2599600, 2675800, 2825200, 2948400, 3072100, 2626500, 2710500, 2972400, 2650800, 2732800, 2670100, 3825900, 2934600, 3295600, 2601400, 2858600, 2616200, 2671500, 3153600, 2892500, 3142900, 2645800, 2622100, 2774000, 2676900, 2639800]

id 42
F = [51, 23, 48, 59, 63, 78, 74, 11, 91, 15, 5, 10, 17, 144, 140, 9, 98, 36, 11, 39, 79, 15, 20, 90, 43, 25, 91, 52, 47, 57]
F2 = [0, 0, 0, 0, 0, 0, 0, 0, 0, 0, 0, 0, 0, 0, 0, 0, 0, 0, 0, 0, 0, 0, 0, 0, 0, 0, 0, 0, 0, 0]
T = [203800, 95600, 179000, 210300, 228600, 449200, 374100, 113900, 603200, 79400, 44400, 107600, 75500, 482000, 596900, 48100, 348600, 208700, 79500, 155000, 284000, 93700, 80400, 303700, 174200, 111300, 324300, 214500, 238900, 227600]
T2 = [2693100, 2648200, 2672500, 2673200, 2627000, 3437900, 3468300, 3504500, 2680900, 3178600, 2751800, 3354700, 2730000, 3240500, 3694400, 2814300, 3280300, 2773500, 2791900, 2639300, 2701200, 2878200, 2656000, 2675800, 2935900, 2644500, 3284100, 2815900, 3235600, 2816600]

id 43
F = [89, 60, 118, 25, 33, 120, 3, 173, 56, 20, 126, 40, 112, 136, 16, 11, 124, 14, 49, 64, 54, 28, 64, 150, 23, 34, 36, 38, 8, 69]
F2 = [0, 0, 0, 0, 0, 0, 0, 0, 0, 0, 0, 0, 0, 0, 0, 0, 0, 0, 0, 0, 0, 0, 0, 0, 0, 0, 0, 0, 0, 0]
T = [324300, 212700, 388100, 97500, 134000, 393700, 33400, 598300, 276400, 80500, 626800, 153100, 437800, 760800, 69000, 78200, 421000, 62700, 208700, 231700, 190600, 119700, 213800, 497900, 92500, 117000, 142800, 137900, 33500, 235300]
T2 = [2614100, 2622200, 2642100, 2641800, 2632500, 2754700, 2653200, 2768000, 2745100, 2768600, 2827800, 2733600, 2612200, 2601500, 2837600, 2719100, 2653400, 2789800, 2762400, 2643600, 2956700, 2642700, 2616200, 2872400, 2633700, 2726600, 2633800, 2659500, 2787900, 2615300]

id 44
F = [22, 63, 73, 15, 41, 80, 8, 96, 74, 65, 27, 25, 11, 1, 105, 12, 162, 6, 102, 97, 105, 51, 10, 29, 27, 14, 2, 23, 62, 40]
F2 = [0, 0, 0, 0, 0, 0, 0, 0, 0, 0, 0, 0, 0, 0, 0, 0, 0, 0, 0, 0, 0, 0, 0, 0, 0, 0, 0, 0, 0, 0]
T = [125800, 372900, 269800, 64200, 158300, 271700, 50500, 334900, 382500, 249400, 121600, 108200, 91700, 46600, 387400, 58600, 546200, 33300, 374900, 388600, 376200, 195800, 59400, 112700, 102800, 58800, 19800, 105000, 210800, 174900]
T2 = [3731500, 3201300, 2879800, 2792500, 2619900, 2628800, 2797300, 2652000, 2994100, 2657900, 2794800, 2952100, 3278000, 3053600, 2796500, 2717700, 2590900, 2817000, 2692000, 2756000, 3259900, 2670200, 2740300, 2637900, 2647600, 2633600, 2754800, 2632300, 3139700, 2635900]

id 45
F = [91, 94, 23, 52, 141, 43, 44, 96, 48, 182, 38, 65, 11, 11, 59, 42, 4, 26, 75, 14, 79, 14, 66, 26, 35, 62, 28, 27, 34, 48]
F2 = [0, 0, 0, 0, 0, 0, 0, 0, 0, 0, 0, 0, 0, 0, 0, 0, 0, 0, 0, 0, 0, 0, 0, 0, 0, 0, 0, 0, 0, 0]
T = [466300, 333200, 154100, 186600, 488100, 158200, 156600, 318400, 170500, 582500, 156100, 299100, 55500, 60800, 273900, 190900, 47600, 121400, 269900, 92600, 269200, 79500, 221300, 103100, 121600, 226900, 102100, 110300, 124200, 181200]
T2 = [2655400, 2860200, 2756200, 2678800, 2834000, 2630900, 2634600, 2636800, 2625600, 2591700, 3465200, 2654400, 2649600, 2662100, 2798800, 2867500, 2841000, 2701500, 2801600, 2939600, 2609400, 3064600, 2632300, 2647300, 2834300, 2618900, 2714300, 2725800, 2695800, 2625100]

id 46
F = [27, 1, 39, 126, 7, 24, 1, 16, 76, 95, 33, 86, 20, 86, 212, 19, 108, 15, 11, 100, 202, 33, 33, 61, 13, 27, 61, 38, 20, 26]
F2 = [0, 0, 0, 0, 0, 0, 0, 0, 0, 0, 0, 0, 0, 0, 0, 0, 0, 0, 0, 0, 0, 0, 0, 0, 0, 0, 0, 0, 0, 0]
T = [108500, 16600, 300500, 433600, 50000, 162900, 22600, 71700, 265600, 1079700, 161900, 312000, 69200, 460100, 1099600, 114100, 622400, 86700, 109600, 417700, 805600, 225800, 150300, 264100, 77600, 148700, 277200, 173000, 135100, 102800]
T2 = [2657600, 2966500, 3776300, 2670800, 3142200, 3868900, 3349400, 2666700, 2726100, 2944900, 2970800, 2163000, 2297600, 3232400, 3265400, 3511600, 4676900, 3737600, 3656800, 3366300, 3227200, 3311400, 3292900, 3249700, 3388300, 3531100, 3367600, 3073800, 2777000, 3212800]

id 47
F = [48, 18, 11, 44, 6, 40, 32, 3, 89, 57, 44, 104, 6, 17, 7, 39, 58, 22, 16, 113, 6, 27, 92, 6, 64, 15, 37, 30, 71, 140]
F2 = [0, 0, 0, 0, 0, 0, 0, 0, 0, 0, 0, 0, 0, 0, 0, 0, 0, 0, 0, 0, 0, 0, 0, 0, 0, 0, 0, 0, 0, 0]
T = [173600, 70200, 76900, 168500, 63300, 215900, 196600, 38000, 305200, 205000, 254000, 485800, 48800, 99100, 58100, 197900, 421900, 146100, 168700, 656700, 44100, 161300, 322600, 40600, 381400, 82800, 203300, 142800, 303300, 969800]
T2 = [2631800, 3581700, 2854500, 3091100, 3351400, 3188400, 3183500, 2686800, 2709200, 3157500, 3657900, 3288500, 3508100, 3233100, 2811500, 3334400, 4267700, 3881300, 3837300, 3979400, 3580000, 3040800, 2763900, 3143900, 3658200, 3352900, 3463200, 3268700, 3280900, 3811400]

id 48
F = [47, 63, 51, 152, 83, 14, 29, 31, 70, 22, 19, 25, 9, 10, 3, 16, 1, 70, 36, 6, 42, 131, 54, 24, 34, 127, 50, 40, 205, 14]
F2 = [0, 0, 0, 0, 0, 0, 0, 0, 0, 0, 0, 0, 0, 0, 0, 0, 0, 0, 0, 0, 0, 0, 0, 0, 0, 0, 0, 0, 0, 0]
T = [147300, 182700, 171300, 800600, 253200, 63700, 136800, 136100, 265400, 73500, 91300, 94800, 102700, 176900, 32600, 67900, 25200, 356900, 166300, 35600, 136500, 1776900, 159400, 86300, 153000, 530500, 158800, 124800, 547300, 53000]
T2 = [2343500, 2373700, 2383800, 3437800, 2258400, 3153100, 3282600, 2572800, 2516600, 2368600, 2294700, 3126600, 4225600, 3650400, 3136600, 2210800, 2385100, 3342600, 3312300, 2222400, 2166300, 2317400, 2164400, 2180100, 3675800, 2346300, 2171800, 2188700, 2146900, 2189400]

id 49
F = [61, 2, 54, 71, 23, 68, 50, 1, 35, 15, 87, 39, 3, 71, 14, 11, 109, 26, 44, 96, 10, 14, 107, 55, 40, 33, 45, 37, 20, 73]
F2 = [0, 0, 0, 0, 0, 0, 0, 0, 0, 0, 0, 0, 0, 0, 0, 0, 0, 0, 0, 0, 0, 0, 0, 0, 0, 0, 0, 0, 0, 0]
T = [224100, 25400, 203000, 255000, 87900, 275200, 243100, 21700, 163000, 98500, 303700, 142000, 26300, 246300, 63800, 50300, 368400, 123100, 185600, 333900, 60600, 70300, 374500, 186900, 151800, 150800, 156000, 151000, 88500, 368900]
T2 = [2683400, 2681300, 2626400, 2618700, 2696500, 2730100, 2725300, 2670100, 2955100, 3197900, 2608300, 2689600, 2727900, 2676100, 2668200, 2674000, 2667000, 2732600, 2653200, 3263700, 2671900, 2630800, 2596300, 2632100, 2700300, 2634900, 2661200, 2708900, 2633600, 3392700]

