id 0
F = [4, 1, 30, 66, 78, 11, 9, 4, 26, 8, 1, 21, 14, 18, 10, 1, 58, 23, 38, 112, 2, 13, 22, 2, 5, 22, 23, 35, 28, 21]
F2 = [0, 0, 0, 0, 0, 0, 0, 0, 0, 0, 0, 0, 0, 0, 0, 0, 0, 0, 0, 0, 0, 0, 0, 0, 0, 0, 0, 0, 0, 0]
T = [368900, 67100, 110600, 702700, 672300, 81900, 21500, 19600, 172300, 63300, 33000, 131600, 73000, 212400, 25900, 55200, 130300, 58300, 99900, 365600, 27000, 74600, 125300, 16200, 24000, 113200, 162000, 150900, 134600, 103300]
T2 = [7799600, 2649000, 2968700, 11522200, 3082000, 2149900, 1175200, 1351000, 3382600, 3173700, 3074200, 1909000, 1931000, 2373800, 1399200, 2792100, 1420800, 1401300, 1464000, 1788800, 1207900, 3630300, 3789900, 1860900, 1718700, 3862500, 3279000, 4374400, 4687400, 3848800]

id 1
F = [13, 29, 1, 49, 2, 2, 9, 21, 3, 10, 9, 44, 4, 2, 7, 34, 1, 27, 3, 14, 9, 14, 11, 5, 27, 12, 1, 15, 16, 32]
F2 = [0, 0, 0, 0, 0, 0, 0, 0, 0, 0, 0, 0, 0, 0, 0, 0, 0, 0, 0, 0, 0, 0, 0, 0, 0, 0, 0, 0, 0, 0]
T = [53900, 188900, 21900, 339600, 17300, 31400, 72300, 168700, 37900, 106100, 40800, 154100, 19700, 15100, 41700, 116600, 17200, 102400, 20900, 77900, 38800, 62100, 62100, 29900, 114500, 48600, 22700, 111500, 73800, 119100]
T2 = [3009100, 3180200, 2807200, 3480800, 2729000, 2807900, 3659300, 3141300, 2824800, 3666400, 2753000, 2645500, 2675400, 3016400, 2751400, 2679000, 2644600, 2654500, 2811400, 3114500, 2697600, 2676300, 2665700, 2831400, 2640700, 2670400, 2711200, 2837000, 2892400, 2943300]

id 2
F = [13, 11, 13, 26, 87, 7, 6, 14, 2, 12, 4, 9, 12, 13, 25, 11, 6, 14, 2, 3, 24, 9, 5, 27, 18, 52, 7, 2, 3, 14]
F2 = [0, 0, 0, 0, 0, 0, 0, 0, 0, 0, 0, 0, 0, 0, 0, 0, 0, 0, 0, 0, 0, 0, 0, 0, 0, 0, 0, 0, 0, 0]
T = [60200, 51400, 63500, 120700, 359300, 53200, 39600, 90300, 19100, 60000, 24000, 44200, 52200, 61200, 101100, 62600, 41900, 90500, 33200, 23900, 135300, 63500, 51700, 107500, 74900, 213200, 41200, 18500, 42100, 66200]
T2 = [2647500, 2678200, 2658900, 3398700, 3255600, 2845200, 3264800, 2951200, 2722800, 2678500, 2948600, 2636200, 2678900, 2630400, 2966200, 3201800, 2695300, 3309800, 2648800, 3266000, 2959900, 3434100, 2688800, 2630100, 2666400, 2627200, 2640000, 2657300, 2721900, 2635100]

id 3
F = [16, 30, 34, 14, 26, 7, 3, 16, 4, 9, 4, 25, 18, 3, 81, 12, 8, 13, 11, 25, 6, 15, 11, 3, 35, 56, 79, 26, 4, 33]
F2 = [0, 0, 0, 0, 0, 0, 0, 0, 0, 0, 0, 0, 0, 0, 0, 0, 0, 0, 0, 0, 0, 0, 0, 0, 0, 0, 0, 0, 0, 0]
T = [74800, 120200, 122600, 66600, 167000, 42900, 25100, 61000, 47300, 52200, 28300, 100200, 88100, 47600, 329900, 51300, 41200, 67100, 80900, 89900, 37900, 61700, 55900, 32500, 136800, 192800, 267600, 144100, 32700, 123000]
T2 = [2629600, 2633600, 2705100, 2633200, 2714600, 2655300, 2642300, 2679800, 4839000, 2674600, 2688100, 2635000, 2861000, 2675900, 2681900, 2727000, 2790900, 2657300, 2271400, 2166200, 2407200, 2199900, 3341500, 2224800, 2191100, 2662600, 2614700, 2825700, 2629900, 2644900]

id 4
F = [48, 57, 61, 11, 2, 13, 4, 25, 11, 42, 56, 6, 52, 17, 21, 11, 19, 16, 7, 68, 69, 63, 8, 40, 16, 28, 12, 9, 46, 18]
F2 = [0, 0, 0, 0, 0, 0, 0, 0, 0, 0, 0, 0, 0, 0, 0, 0, 0, 0, 0, 0, 0, 0, 0, 0, 0, 0, 0, 0, 0, 0]
T = [180800, 196900, 206100, 50500, 61600, 60400, 30900, 100300, 45000, 163600, 190100, 40700, 408300, 85700, 71700, 63200, 104600, 84200, 96100, 269200, 255600, 322900, 38200, 152600, 65700, 114200, 50300, 46000, 198300, 95900]
T2 = [2788400, 2648900, 2685400, 2644900, 2889500, 2663700, 2664900, 2638400, 2696000, 2677500, 2678800, 2789700, 3390300, 2197100, 2172400, 3425900, 3588600, 3356200, 3455500, 2763400, 2634000, 2979600, 2650800, 2656400, 2668500, 2731500, 2667600, 2849200, 2913500, 3286700]

id 5
F = [12, 1, 66, 78, 23, 34, 9, 26, 27, 9, 28, 8, 62, 1, 16, 23, 13, 6, 5, 1, 1, 45, 7, 29, 29, 17, 32, 11, 2, 32]
F2 = [0, 0, 0, 0, 0, 0, 0, 0, 0, 0, 0, 0, 0, 0, 0, 0, 0, 0, 0, 0, 0, 0, 0, 0, 0, 0, 0, 0, 0, 0]
T = [56300, 16900, 229400, 273500, 93800, 123200, 67000, 111600, 105300, 45000, 104400, 45800, 247300, 13400, 74600, 94600, 56700, 38900, 25800, 20900, 13300, 159500, 35500, 269200, 106500, 66500, 121200, 57700, 23700, 104800]
T2 = [2633300, 2747000, 2664700, 2630700, 2632000, 2819700, 2805600, 2705700, 2638000, 2625600, 2654500, 2643400, 2621800, 2756200, 2672200, 2654400, 2645600, 2645600, 2698200, 2627800, 2645100, 2660700, 2651500, 3147400, 2630700, 2633100, 2649900, 3027900, 2775100, 2234400]

id 6
F = [5, 7, 4, 4, 24, 54, 7, 23, 32, 21, 29, 18, 92, 77, 4, 10, 29, 19, 29, 94, 25, 23, 78, 11, 2, 15, 52, 13, 4, 2]
F2 = [0, 0, 0, 0, 0, 0, 0, 0, 0, 0, 0, 0, 0, 0, 0, 0, 0, 0, 0, 0, 0, 0, 0, 0, 0, 0, 0, 0, 0, 0]
T = [37000, 57800, 40600, 24300, 91600, 244000, 47600, 110800, 128000, 82900, 130100, 77900, 318800, 259600, 32000, 53400, 114100, 73200, 100500, 1460700, 95100, 92000, 587000, 52100, 28900, 113100, 196200, 73000, 40700, 37900]
T2 = [2941000, 3223400, 2779700, 2631900, 3004800, 3138900, 3286400, 2790600, 2668600, 2621000, 4465200, 2653300, 2625500, 2762900, 2813200, 2632100, 2630100, 2712000, 2622200, 2614300, 2624900, 2673300, 2708400, 2676100, 3023500, 3028600, 2638800, 3196400, 2990600, 3071100]

id 7
F = [11, 10, 13, 3, 15, 21, 37, 11, 17, 33, 5, 33, 4, 45, 12, 22, 34, 22, 28, 14, 17, 20, 1, 25, 14, 2, 32, 1, 1, 20]
F2 = [0, 0, 0, 0, 0, 0, 0, 0, 0, 0, 0, 0, 0, 0, 0, 0, 0, 0, 0, 0, 0, 0, 0, 0, 0, 0, 0, 0, 0, 0]
T = [98700, 46000, 52700, 27500, 68500, 84700, 138400, 63200, 70400, 118400, 51600, 123000, 27700, 232900, 65400, 108500, 196100, 100500, 110800, 98800, 115400, 102000, 20200, 105100, 58800, 28400, 121400, 24400, 25800, 92200]
T2 = [2825000, 3052000, 2634900, 2678700, 2635500, 2767100, 2693200, 2635700, 2629900, 2646700, 2919900, 3146900, 2794400, 2677700, 2761800, 2631300, 3601000, 2733100, 2635800, 2716200, 2529900, 3374300, 2693000, 3603600, 2873600, 3477500, 2625400, 2812300, 2730400, 2690600]

id 8
F = [17, 4, 26, 8, 25, 14, 27, 53, 43, 7, 32, 54, 56, 19, 36, 17, 30, 15, 6, 17, 19, 19, 24, 23, 33, 18, 6, 17, 5, 66]
F2 = [0, 0, 0, 0, 0, 0, 0, 0, 0, 0, 0, 0, 0, 0, 0, 0, 0, 0, 0, 0, 0, 0, 0, 0, 0, 0, 0, 0, 0, 0]
T = [80000, 71800, 121600, 55000, 146900, 58800, 102700, 290300, 206400, 126500, 170800, 192600, 218500, 140900, 133200, 77500, 113900, 149500, 31400, 75000, 78000, 70400, 88600, 153800, 148200, 71500, 52800, 67500, 33600, 227500]
T2 = [3100900, 4120000, 3849200, 3537700, 3140800, 2630800, 2619600, 3045800, 3474300, 3434300, 3740600, 2618700, 2624500, 2647700, 2630700, 2750600, 2708000, 2682000, 2652200, 2707900, 2636300, 2630700, 2714400, 2946700, 2797500, 3882800, 3349400, 2648300, 2638600, 2660600]

id 9
F = [3, 20, 8, 35, 20, 7, 13, 19, 43, 23, 5, 3, 45, 59, 32, 27, 3, 24, 18, 17, 2, 3, 24, 3, 11, 15, 19, 12, 43, 32]
F2 = [0, 0, 0, 0, 0, 0, 0, 0, 0, 0, 0, 0, 0, 0, 0, 0, 0, 0, 0, 0, 0, 0, 0, 0, 0, 0, 0, 0, 0, 0]
T = [42300, 77600, 40300, 133100, 110300, 57100, 53400, 75900, 150300, 92400, 30100, 19600, 155000, 204400, 133300, 112800, 19600, 121200, 154300, 116600, 32500, 22200, 99800, 32500, 47100, 71900, 77700, 59500, 153100, 127500]
T2 = [3271900, 2645000, 2646500, 3297500, 2947700, 2661900, 2639000, 3021600, 2659900, 2650100, 2661400, 2641300, 2798100, 2652600, 2792900, 2630600, 2677600, 3212500, 3053200, 3333800, 2659500, 2671900, 2673500, 2813800, 2655700, 2884100, 2642100, 2687700, 2693900, 2856400]

id 10
F = [46, 1, 26, 3, 38, 14, 17, 8, 22, 48, 7, 3, 7, 26, 49, 9, 6, 28, 11, 74, 41, 62, 15, 24, 1, 49, 7, 74, 8, 4]
F2 = [0, 0, 0, 0, 0, 0, 0, 0, 0, 0, 0, 0, 0, 0, 0, 0, 0, 0, 0, 0, 0, 0, 0, 0, 0, 0, 0, 0, 0, 0]
T = [167200, 18600, 133500, 27200, 155900, 90000, 78400, 59900, 119200, 163900, 35600, 42100, 41200, 52900, 86800, 19700, 12300, 114500, 66200, 313400, 153800, 216700, 71500, 102600, 17800, 175100, 38200, 294900, 59900, 27200]
T2 = [2677800, 2672300, 2905800, 2680100, 2726200, 3177500, 2678300, 4362800, 2733800, 2170900, 2602600, 2686700, 1018400, 1403500, 1000500, 1004600, 994200, 2634300, 2702500, 2694500, 2657400, 2617300, 3069900, 2861400, 2643400, 3392600, 2713700, 2619900, 2634300, 3534200]

id 11
F = [9, 17, 43, 7, 16, 88, 22, 6, 7, 26, 25, 3, 5, 13, 64, 1, 6, 43, 1, 5, 7, 7, 8, 3, 35, 37, 21, 16, 23, 12]
F2 = [0, 0, 0, 0, 0, 0, 0, 0, 0, 0, 0, 0, 0, 0, 0, 0, 0, 0, 0, 0, 0, 0, 0, 0, 0, 0, 0, 0, 0, 0]
T = [54700, 107000, 229600, 49700, 70100, 321300, 95100, 32500, 43800, 98200, 93700, 20400, 36900, 68100, 222700, 16400, 33900, 151600, 17700, 37800, 51200, 78300, 83400, 24300, 131300, 125600, 79200, 72200, 115200, 61900]
T2 = [2759500, 3300200, 2934000, 2703900, 2677100, 2709200, 2662200, 3162200, 3910100, 2717400, 2967500, 2678100, 2635200, 2781700, 2621800, 2695200, 2645700, 2625900, 2738500, 2670900, 3118000, 3228500, 2980200, 2679900, 2625200, 2747200, 2695000, 2744100, 2646300, 2777200]

id 12
F = [12, 74, 2, 24, 13, 34, 20, 3, 28, 1, 2, 10, 5, 16, 10, 62, 2, 61, 8, 38, 30, 19, 10, 49, 26, 26, 67, 17, 47, 5]
F2 = [0, 0, 0, 0, 0, 0, 0, 0, 0, 0, 0, 0, 0, 0, 0, 0, 0, 0, 0, 0, 0, 0, 0, 0, 0, 0, 0, 0, 0, 0]
T = [53300, 257600, 23100, 110200, 87600, 123800, 85100, 32900, 86500, 24600, 46700, 64000, 62200, 86500, 60800, 215900, 27100, 369300, 59900, 220500, 108400, 100900, 86000, 192100, 146300, 153900, 318600, 58100, 201800, 29300]
T2 = [2647700, 2625700, 2662300, 2748600, 3433500, 2632900, 5856300, 2856600, 2549600, 3269000, 3419500, 3283600, 2888600, 3095800, 2630000, 2658300, 2805000, 3162900, 2794900, 2954100, 2203800, 3676700, 2833600, 2614700, 2649200, 3590200, 2998900, 2183200, 3231600, 2842300]

id 13
F = [39, 16, 19, 25, 4, 28, 61, 29, 1, 41, 38, 16, 7, 3, 1, 56, 16, 20, 1, 16, 6, 17, 2, 9, 30, 7, 2, 12, 7, 25]
F2 = [0, 0, 0, 0, 0, 0, 0, 0, 0, 0, 0, 0, 0, 0, 0, 0, 0, 0, 0, 0, 0, 0, 0, 0, 0, 0, 0, 0, 0, 0]
T = [152900, 97800, 130200, 100900, 31700, 144600, 225800, 122900, 18700, 201000, 132500, 90600, 34300, 25300, 12100, 192700, 71100, 75500, 14500, 65300, 37500, 78400, 31000, 50700, 138000, 46500, 17400, 57900, 37300, 103400]
T2 = [2677100, 2695000, 2807400, 2670300, 2643900, 2857200, 2640600, 2647600, 2759100, 2646500, 2668100, 2871800, 2645800, 2641500, 2651200, 2609600, 2655800, 2656600, 2694800, 2687400, 2930000, 2927600, 2831700, 2920700, 3504200, 2999800, 2639900, 2634900, 2686100, 2647400]

id 14
F = [17, 11, 1, 29, 21, 22, 40, 69, 10, 4, 8, 2, 2, 2, 12, 10, 20, 2, 22, 31, 1, 33, 41, 2, 1, 40, 15, 3, 30, 41]
F2 = [0, 0, 0, 0, 0, 0, 0, 0, 0, 0, 0, 0, 0, 0, 0, 0, 0, 0, 0, 0, 0, 0, 0, 0, 0, 0, 0, 0, 0, 0]
T = [75800, 63200, 11400, 135800, 98100, 85500, 150700, 248200, 60500, 25300, 46700, 16700, 28500, 16800, 63500, 128000, 85900, 26800, 96200, 113500, 13900, 409700, 145900, 28100, 16500, 148700, 132300, 33100, 118800, 145900]
T2 = [2947700, 2692600, 2734100, 2772300, 2710400, 2824200, 2708300, 2638400, 2667400, 2701200, 2634500, 2860900, 2638100, 3516600, 2791000, 3510000, 2883100, 2699700, 2656900, 2621500, 2686200, 3358500, 3373000, 2661200, 2643300, 2737700, 2670800, 2671700, 2628000, 2684900]

id 15
F = [3, 8, 34, 11, 3, 22, 8, 1, 18, 3, 25, 10, 22, 5, 2, 44, 3, 34, 17, 42, 35, 25, 2, 14, 6, 53, 6, 3, 5, 14]
F2 = [0, 0, 0, 0, 0, 0, 0, 0, 0, 0, 0, 0, 0, 0, 0, 0, 0, 0, 0, 0, 0, 0, 0, 0, 0, 0, 0, 0, 0, 0]
T = [30000, 40200, 123800, 48700, 21700, 102800, 119400, 19400, 83600, 21300, 120200, 48700, 98000, 29200, 16800, 163000, 24700, 134800, 82400, 151300, 133100, 99800, 24400, 84200, 54400, 226400, 38400, 30200, 25300, 57800]
T2 = [2808200, 2669100, 2671500, 2828600, 2646900, 2766200, 2679200, 2641000, 2721300, 2907000, 2914700, 2649200, 2721400, 2657800, 2645700, 2633700, 2656800, 2777000, 2742200, 2628300, 2846200, 2666800, 2941300, 3364900, 3381500, 3634400, 3271500, 3486000, 2514600, 3043400]

id 16
F = [1, 12, 38, 11, 2, 7, 10, 7, 28, 45, 18, 15, 35, 1, 4, 27, 1, 3, 42, 26, 17, 60, 1, 3, 51, 19, 3, 13, 32, 15]
F2 = [0, 0, 0, 0, 0, 0, 0, 0, 0, 0, 0, 0, 0, 0, 0, 0, 0, 0, 0, 0, 0, 0, 0, 0, 0, 0, 0, 0, 0, 0]
T = [12800, 56800, 138900, 58400, 18600, 42800, 43900, 34600, 137100, 167600, 75200, 69500, 163300, 59300, 34900, 103200, 22800, 28800, 148100, 100200, 64000, 204000, 9900, 45900, 192800, 92300, 26300, 64100, 117200, 72000]
T2 = [2683100, 2664200, 2721300, 2647600, 2653800, 2642500, 2736500, 2676700, 2762100, 2655300, 3075100, 2627700, 2623500, 2657000, 2643100, 2630600, 2758400, 2658000, 2664600, 2908500, 2624600, 2620200, 2648200, 2686000, 2615600, 2730000, 2712200, 2704100, 2640200, 2643300]

id 17
F = [6, 8, 37, 17, 3, 7, 12, 22, 19, 31, 3, 14, 6, 31, 9, 21, 126, 18, 13, 20, 2, 1, 66, 12, 11, 107, 9, 4, 3, 1]
F2 = [0, 0, 0, 0, 0, 0, 0, 0, 0, 0, 0, 0, 0, 0, 0, 0, 0, 0, 0, 0, 0, 0, 0, 0, 0, 0, 0, 0, 0, 0]
T = [54400, 40500, 315700, 95600, 21700, 34900, 54500, 93300, 131900, 116100, 20000, 58400, 36400, 128200, 49200, 89000, 427600, 97900, 68100, 95700, 15900, 15900, 336300, 51000, 48700, 351200, 44600, 27900, 25800, 11800]
T2 = [3034100, 2632700, 2737300, 2705900, 2853600, 2653500, 2700900, 2667100, 2637800, 2625600, 2910300, 2621000, 3049800, 2655800, 2819300, 2674000, 2897900, 2662700, 2647500, 2778500, 2632900, 2818500, 2925200, 2638700, 2680800, 2598300, 2642200, 2671400, 2641500, 2647400]

id 18
F = [29, 33, 11, 4, 6, 62, 28, 4, 37, 29, 14, 13, 7, 15, 7, 22, 5, 3, 10, 19, 58, 4, 4, 8, 56, 15, 1, 5, 22, 29]
F2 = [0, 0, 0, 0, 0, 0, 0, 0, 0, 0, 0, 0, 0, 0, 0, 0, 0, 0, 0, 0, 0, 0, 0, 0, 0, 0, 0, 0, 0, 0]
T = [137700, 130400, 69700, 24400, 30900, 220400, 126400, 28800, 141500, 110400, 58900, 52900, 38400, 62600, 39000, 85300, 31500, 21400, 48900, 75300, 200200, 20600, 34800, 41100, 194600, 75100, 14800, 27400, 126900, 109300]
T2 = [2726100, 2642000, 2863700, 2737500, 3196100, 2613800, 2640200, 2706600, 2649600, 2647600, 2648700, 3357200, 2714000, 2655700, 2896400, 2733200, 2693500, 2648200, 2685900, 2685700, 2619700, 2792500, 2674000, 2664500, 2612600, 3236300, 2648200, 3155100, 2703200, 2632600]

id 19
F = [36, 12, 13, 16, 40, 69, 16, 3, 30, 15, 16, 10, 27, 9, 3, 21, 3, 18, 11, 7, 8, 48, 12, 3, 6, 8, 32, 42, 3, 28]
F2 = [0, 0, 0, 0, 0, 0, 0, 0, 0, 0, 0, 0, 0, 0, 0, 0, 0, 0, 0, 0, 0, 0, 0, 0, 0, 0, 0, 0, 0, 0]
T = [160500, 55600, 59000, 92200, 199400, 253300, 65000, 18600, 122200, 66400, 78600, 52100, 157700, 39300, 28700, 79600, 37400, 89000, 67900, 58900, 74900, 170800, 45800, 24100, 71400, 42500, 141200, 168500, 19000, 167000]
T2 = [2664200, 2645400, 2630700, 3005200, 3128200, 2617000, 2648400, 2668800, 2637200, 2630700, 2682500, 2683200, 2727200, 2664600, 2668600, 2680400, 2968800, 2713400, 2645900, 2970300, 3181900, 2623600, 2943200, 3745900, 2660300, 2677600, 2614600, 2617300, 2900000, 2882600]

id 20
F = [90, 13, 24, 12, 16, 10, 12, 16, 8, 15, 36, 113, 17, 1, 5, 48, 12, 11, 31, 13, 14, 33, 10, 7, 14, 1, 15, 31, 14, 2]
F2 = [0, 0, 0, 0, 0, 0, 0, 0, 0, 0, 0, 0, 0, 0, 0, 0, 0, 0, 0, 0, 0, 0, 0, 0, 0, 0, 0, 0, 0, 0]
T = [313000, 70000, 90300, 70500, 70600, 77600, 65200, 74300, 70900, 96700, 190600, 374700, 84800, 15700, 33300, 178400, 53400, 58100, 108000, 55800, 58800, 178600, 56300, 34100, 82900, 11700, 95400, 114200, 59900, 25000]
T2 = [3006900, 2842900, 2630900, 3283700, 2641200, 2695900, 2663100, 2659800, 3189500, 2683500, 2817300, 2620300, 2759400, 2643800, 2727500, 2751600, 3986300, 2669700, 2628700, 2708000, 2652800, 2917900, 2772600, 2981600, 2894400, 2646200, 2936100, 2631100, 2779900, 2695700]

id 21
F = [17, 80, 46, 18, 31, 14, 25, 8, 32, 3, 20, 51, 16, 11, 12, 51, 48, 3, 47, 52, 8, 1, 33, 11, 5, 3, 21, 29, 20, 14]
F2 = [0, 0, 0, 0, 0, 0, 0, 0, 0, 0, 0, 0, 0, 0, 0, 0, 0, 0, 0, 0, 0, 0, 0, 0, 0, 0, 0, 0, 0, 0]
T = [69200, 464600, 239300, 77600, 136800, 170100, 104400, 46000, 139800, 19200, 87800, 221400, 64100, 193400, 101400, 197700, 168700, 26300, 196700, 191900, 44900, 33300, 125900, 109400, 31000, 39100, 154800, 109700, 79000, 120900]
T2 = [2684700, 2811700, 2997500, 2738600, 3080500, 3564300, 2633800, 2649200, 2693600, 2668700, 2774700, 2615500, 2687400, 3020700, 2714100, 3504000, 2738700, 2662500, 2795900, 2657400, 2655000, 2865500, 2660900, 2820100, 2636900, 3079700, 3082900, 3005900, 3116700, 2650000]

id 22
F = [15, 98, 21, 15, 9, 35, 41, 1, 36, 21, 70, 4, 18, 21, 16, 34, 15, 42, 17, 9, 46, 7, 15, 47, 11, 25, 13, 3, 22, 12]
F2 = [0, 0, 0, 0, 0, 0, 0, 0, 0, 0, 0, 0, 0, 0, 0, 0, 0, 0, 0, 0, 0, 0, 0, 0, 0, 0, 0, 0, 0, 0]
T = [341500, 563300, 151200, 61500, 47800, 145800, 144500, 24200, 129600, 81300, 302000, 23900, 71900, 84700, 65600, 127000, 83600, 154300, 84500, 108400, 258400, 34000, 61400, 181500, 53300, 116100, 119800, 20100, 87800, 104700]
T2 = [3297500, 2899000, 2655700, 2689900, 2713500, 2616200, 2641700, 2746200, 2666400, 2770200, 2702800, 2657900, 2685500, 2615500, 2625400, 2713500, 2644100, 2634600, 2657700, 3772200, 2742600, 2631300, 2684200, 2649100, 2794800, 2634500, 2650000, 2839900, 2702700, 2703400]

id 23
F = [32, 1, 36, 11, 18, 9, 24, 85, 1, 34, 57, 58, 49, 17, 30, 7, 11, 46, 31, 32, 6, 9, 36, 3, 42, 28, 8, 27, 7, 12]
F2 = [0, 0, 0, 0, 0, 0, 0, 0, 0, 0, 0, 0, 0, 0, 0, 0, 0, 0, 0, 0, 0, 0, 0, 0, 0, 0, 0, 0, 0, 0]
T = [151200, 34000, 128400, 52200, 77300, 48100, 151200, 294300, 32600, 273700, 204600, 218200, 297300, 74300, 110000, 73700, 50800, 211400, 181500, 118000, 35400, 45700, 132500, 22800, 150600, 111800, 45800, 100200, 32700, 52600]
T2 = [2781500, 2906300, 2727600, 3127500, 2790400, 2714700, 2775500, 2704700, 2641300, 3063000, 3395600, 2684100, 3187700, 3382000, 3074600, 3144200, 2869200, 2785000, 2912700, 2833600, 2720600, 2663800, 2630900, 2701900, 2874200, 2649900, 2681200, 3451400, 2755900, 2633500]

id 24
F = [17, 1, 2, 5, 8, 32, 19, 37, 3, 31, 30, 8, 22, 31, 9, 5, 13, 9, 10, 1, 1, 11, 23, 18, 7, 24, 1, 2, 9, 31]
F2 = [0, 0, 0, 0, 0, 0, 0, 0, 0, 0, 0, 0, 0, 0, 0, 0, 0, 0, 0, 0, 0, 0, 0, 0, 0, 0, 0, 0, 0, 0]
T = [76300, 18400, 28600, 44100, 37000, 155900, 115800, 145300, 29600, 132200, 113100, 38100, 81900, 127700, 41200, 40300, 62300, 42600, 50300, 41600, 35600, 54600, 89500, 72600, 32600, 89200, 20900, 24400, 41900, 116300]
T2 = [2777900, 2890400, 2665900, 3338100, 2767100, 2854900, 2756800, 2849500, 2697600, 2666100, 2699300, 2643200, 2637000, 2647800, 2646500, 2653700, 2987600, 2641900, 2639100, 2716600, 2652000, 2654300, 2896900, 2696900, 2676500, 2653800, 2622900, 2681300, 2656000, 2625500]

id 25
F = [1, 2, 1, 7, 6, 30, 13, 19, 32, 49, 1, 1, 33, 14, 29, 5, 4, 57, 17, 27, 21, 29, 3, 22, 20, 1, 3, 18, 11, 13]
F2 = [0, 0, 0, 0, 0, 0, 0, 0, 0, 0, 0, 0, 0, 0, 0, 0, 0, 0, 0, 0, 0, 0, 0, 0, 0, 0, 0, 0, 0, 0]
T = [20800, 17800, 32300, 32900, 38100, 109000, 48600, 101600, 113200, 175300, 20600, 18200, 120900, 58300, 120900, 28300, 24500, 239000, 73000, 191700, 150900, 110500, 37500, 123600, 104300, 24900, 61000, 73000, 45200, 59700]
T2 = [2632700, 2641300, 2627900, 2638900, 2653100, 2626100, 2819400, 2645400, 2661100, 2719700, 2647700, 2684400, 2653000, 2651100, 2729600, 2637500, 2903100, 2809200, 3526400, 4633600, 3242200, 3122400, 3080400, 3488300, 3283100, 3381900, 3291100, 2634800, 2694800, 2629500]

id 26
F = [4, 2, 24, 2, 10, 13, 25, 1, 8, 6, 1, 22, 12, 59, 7, 16, 14, 11, 8, 1, 16, 7, 3, 2, 15, 95, 4, 19, 5, 9]
F2 = [0, 0, 0, 0, 0, 0, 0, 0, 0, 0, 0, 0, 0, 0, 0, 0, 0, 0, 0, 0, 0, 0, 0, 0, 0, 0, 0, 0, 0, 0]
T = [24800, 21700, 153100, 17000, 43800, 49700, 99100, 17000, 40500, 45400, 14900, 139700, 53600, 206300, 37600, 100700, 97400, 60000, 45600, 29000, 70400, 70000, 20600, 30600, 67700, 338800, 30100, 75900, 37600, 39700]
T2 = [2683900, 2704400, 2654500, 2644600, 2635700, 2663300, 2659600, 2630600, 3096600, 2690000, 2703200, 3304800, 2810400, 2681900, 2646700, 3259200, 2677700, 2713200, 2644600, 3019100, 3295300, 2669000, 2735000, 3868200, 2628900, 2612300, 3016000, 2889400, 2628900, 2695500]

id 27
F = [12, 2, 18, 5, 14, 35, 5, 6, 18, 15, 27, 7, 9, 2, 1, 4, 11, 30, 26, 3, 14, 33, 20, 52, 63, 6, 4, 37, 9, 54]
F2 = [0, 0, 0, 0, 0, 0, 0, 0, 0, 0, 0, 0, 0, 0, 0, 0, 0, 0, 0, 0, 0, 0, 0, 0, 0, 0, 0, 0, 0, 0]
T = [60600, 30100, 81200, 31900, 83100, 124200, 28400, 80100, 83800, 113400, 103200, 70200, 40800, 26900, 13000, 52600, 48100, 191500, 106600, 44200, 85600, 159200, 89200, 211100, 230800, 79200, 61900, 170200, 72000, 221500]
T2 = [2662500, 2650700, 2632700, 2874200, 2675700, 2623400, 2661700, 2669100, 3246900, 2813300, 2633600, 2984500, 2854500, 2682000, 2657600, 2637200, 2645700, 3195500, 2646400, 3087600, 3022700, 2757500, 2639200, 2710100, 2721200, 3754400, 2704000, 2643400, 2869800, 2876700]

id 28
F = [40, 15, 15, 2, 17, 18, 1, 2, 40, 23, 35, 90, 21, 73, 32, 11, 16, 30, 2, 71, 1, 3, 11, 23, 1, 27, 16, 5, 8, 2]
F2 = [0, 0, 0, 0, 0, 0, 0, 0, 0, 0, 0, 0, 0, 0, 0, 0, 0, 0, 0, 0, 0, 0, 0, 0, 0, 0, 0, 0, 0, 0]
T = [146100, 86300, 112500, 32100, 68800, 121600, 14300, 60500, 156300, 179200, 130300, 304200, 81200, 253700, 134200, 107500, 77400, 104200, 26900, 260500, 34200, 30100, 55100, 93300, 15700, 100200, 69000, 33900, 46200, 20100]
T2 = [2674300, 3584300, 2941300, 2980900, 2654900, 2652700, 2878000, 2710400, 2786000, 2923700, 2642400, 2623700, 2696100, 2814500, 2992600, 2643400, 2636600, 2634900, 2665100, 2730200, 2684500, 2648700, 3301100, 2631800, 2894000, 2695700, 2693300, 2694600, 2651100, 3120600]

id 29
F = [68, 11, 4, 14, 36, 26, 13, 31, 14, 58, 2, 17, 5, 13, 33, 30, 2, 4, 23, 2, 11, 10, 95, 11, 9, 11, 8, 30, 8, 5]
F2 = [0, 0, 0, 0, 0, 0, 0, 0, 0, 0, 0, 0, 0, 0, 0, 0, 0, 0, 0, 0, 0, 0, 0, 0, 0, 0, 0, 0, 0, 0]
T = [240000, 151600, 24700, 93300, 256500, 110200, 58800, 148600, 53700, 293200, 15500, 67000, 28500, 78800, 121100, 120400, 17300, 23700, 102300, 41800, 91600, 45600, 315500, 47900, 56000, 81200, 42600, 175700, 38100, 41800]
T2 = [2631000, 3458800, 2644600, 3332400, 2716200, 2645800, 2736600, 2630900, 2936400, 2709300, 2821600, 2689300, 2671800, 2642300, 2965400, 2655100, 2978100, 2785100, 2669200, 2775100, 2677000, 2768000, 2628200, 2643400, 3217900, 2768100, 2926400, 3158000, 2636300, 3086700]

id 30
F = [31, 36, 53, 4, 10, 18, 53, 4, 7, 18, 7, 7, 21, 27, 31, 1, 3, 11, 1, 38, 6, 7, 19, 8, 11, 1, 7, 20, 19, 44]
F2 = [0, 0, 0, 0, 0, 0, 0, 0, 0, 0, 0, 0, 0, 0, 0, 0, 0, 0, 0, 0, 0, 0, 0, 0, 0, 0, 0, 0, 0, 0]
T = [137400, 196900, 185900, 33800, 42200, 86600, 191500, 41000, 45400, 75600, 42800, 32200, 83200, 104200, 140200, 12800, 34900, 49300, 17000, 174600, 30400, 66500, 80500, 37100, 43900, 13700, 36000, 75900, 75000, 155100]
T2 = [2704700, 2660300, 2616600, 3151900, 2762600, 2737200, 2750700, 2661800, 2659200, 2750600, 2785600, 2644800, 2632900, 2634900, 2627300, 2878200, 2937800, 2657700, 2728300, 3341100, 2968200, 2715000, 2636200, 2638100, 3071600, 2680100, 2729000, 2628100, 2698900, 2660400]

id 31
F = [13, 56, 4, 26, 30, 1, 2, 9, 2, 11, 18, 38, 19, 15, 23, 2, 23, 7, 12, 10, 12, 9, 4, 13, 21, 2, 3, 6, 8, 9]
F2 = [0, 0, 0, 0, 0, 0, 0, 0, 0, 0, 0, 0, 0, 0, 0, 0, 0, 0, 0, 0, 0, 0, 0, 0, 0, 0, 0, 0, 0, 0]
T = [77600, 221800, 37200, 103000, 184300, 12500, 17000, 47700, 16900, 111400, 70000, 139900, 77900, 72000, 87300, 25000, 98800, 45600, 48000, 56400, 120900, 59400, 30400, 64000, 83900, 19900, 29900, 35900, 44200, 46300]
T2 = [3419600, 3998800, 3323700, 2821200, 3998900, 2724900, 2671900, 2789800, 4351400, 3253000, 2660800, 2653600, 2646500, 3051400, 3239400, 2679600, 2699600, 2637700, 2633200, 2695000, 4660900, 2695800, 2926000, 2699500, 2623600, 2993400, 2892100, 2665600, 2631800, 2639900]

id 32
F = [6, 1, 2, 20, 3, 5, 20, 40, 6, 5, 35, 12, 3, 12, 34, 6, 51, 3, 9, 2, 46, 8, 11, 31, 57, 14, 11, 4, 6, 30]
F2 = [0, 0, 0, 0, 0, 0, 0, 0, 0, 0, 0, 0, 0, 0, 0, 0, 0, 0, 0, 0, 0, 0, 0, 0, 0, 0, 0, 0, 0, 0]
T = [37600, 10400, 16100, 81800, 29900, 43600, 86200, 157500, 33800, 68600, 126000, 57600, 32800, 84600, 124900, 36100, 180300, 18200, 41500, 13600, 181500, 36200, 50300, 121000, 234800, 94900, 67500, 41300, 51600, 110500]
T2 = [2647000, 2632500, 2681400, 2623600, 2654100, 2664700, 3342600, 2885800, 2641500, 2694500, 2637000, 2791300, 2656700, 2737400, 2833000, 2632000, 2647300, 2687900, 2622400, 2639100, 2633100, 2691700, 2637500, 2626900, 2640700, 3040000, 2905300, 2730500, 2762300, 2649900]

id 33
F = [1, 21, 23, 26, 41, 50, 44, 17, 12, 57, 37, 27, 9, 1, 68, 33, 22, 65, 5, 36, 9, 5, 9, 28, 3, 26, 56, 13, 50, 80]
F2 = [0, 0, 0, 0, 0, 0, 0, 0, 0, 0, 0, 0, 0, 0, 0, 0, 0, 0, 0, 0, 0, 0, 0, 0, 0, 0, 0, 0, 0, 0]
T = [39200, 87500, 87500, 113300, 145000, 179200, 171600, 76500, 52600, 203400, 154100, 99400, 43100, 14400, 256700, 123600, 93200, 277700, 25900, 131200, 40600, 66000, 61600, 127500, 26100, 94700, 207000, 56900, 175700, 266900]
T2 = [2649700, 2639900, 2628700, 2645700, 2665300, 2630300, 2636700, 2950400, 2651400, 2670000, 2720600, 2839800, 2639900, 2692400, 2622300, 2741400, 2635500, 2735500, 2653000, 2687000, 2706000, 2645800, 2647400, 3510700, 2645200, 2783700, 2643400, 2626400, 2678400, 2644500]

id 34
F = [16, 2, 9, 29, 24, 39, 20, 2, 28, 15, 4, 16, 13, 2, 2, 9, 11, 5, 18, 1, 10, 10, 8, 15, 31, 14, 45, 3, 105, 45]
F2 = [0, 0, 0, 0, 0, 0, 0, 0, 0, 0, 0, 0, 0, 0, 0, 0, 0, 0, 0, 0, 0, 0, 0, 0, 0, 0, 0, 0, 0, 0]
T = [77200, 18700, 50600, 108500, 90500, 140600, 79600, 25600, 101300, 58800, 44500, 62300, 74300, 16500, 24700, 59900, 55900, 27400, 139600, 25600, 67300, 47200, 52400, 66000, 153700, 122800, 224800, 54900, 344200, 306300]
T2 = [2745600, 2660100, 2679200, 2622800, 2626100, 2648600, 2862600, 2869500, 2649400, 2661400, 2714100, 2639100, 2646300, 2636900, 3558800, 3329300, 3073100, 3063900, 3403500, 3239000, 2915900, 2831300, 2734000, 2785300, 3069100, 2976000, 2769100, 3020100, 2655100, 3264500]

id 35
F = [9, 6, 14, 6, 3, 1, 13, 35, 8, 27, 1, 31, 7, 4, 11, 3, 37, 7, 16, 11, 13, 10, 1, 35, 3, 3, 8, 1, 50, 26]
F2 = [0, 0, 0, 0, 0, 0, 0, 0, 0, 0, 0, 0, 0, 0, 0, 0, 0, 0, 0, 0, 0, 0, 0, 0, 0, 0, 0, 0, 0, 0]
T = [64300, 49000, 57800, 33000, 29600, 11100, 63000, 129300, 37400, 99200, 12900, 110000, 34700, 25700, 48100, 26100, 192900, 41000, 88400, 60900, 69800, 63800, 40200, 235400, 33400, 19500, 38100, 39800, 185000, 98600]
T2 = [2661500, 2891700, 2655400, 2660200, 2643700, 2733100, 2642000, 2639000, 2636600, 2625400, 2648800, 2637000, 2652400, 2657800, 3750900, 3310200, 3004100, 2842300, 2714500, 3606400, 3412600, 3482200, 3373200, 3416300, 2802900, 2769800, 2704800, 2856500, 2621300, 2860700]

id 36
F = [42, 2, 62, 2, 50, 25, 28, 3, 35, 13, 24, 51, 39, 89, 16, 4, 36, 21, 38, 18, 22, 41, 18, 46, 27, 2, 31, 1, 20, 77]
F2 = [0, 0, 0, 0, 0, 0, 0, 0, 0, 0, 0, 0, 0, 0, 0, 0, 0, 0, 0, 0, 0, 0, 0, 0, 0, 0, 0, 0, 0, 0]
T = [169200, 23100, 319400, 38300, 200300, 76900, 154700, 35600, 142300, 59800, 92700, 177000, 135100, 375800, 63500, 23800, 127700, 102900, 146300, 69200, 86700, 158600, 73200, 218700, 124600, 30600, 138100, 25900, 80200, 288100]
T2 = [3082300, 4097600, 3142600, 2940800, 3319900, 2431700, 3024300, 2652200, 2632200, 2642800, 2630900, 2198500, 2196500, 3395200, 3989900, 2634200, 2631600, 2711100, 2826300, 2965600, 3546000, 2723700, 2835900, 3050200, 2876400, 3483300, 2641700, 2934400, 2635500, 2997600]

id 37
F = [2, 16, 3, 21, 25, 39, 20, 54, 65, 21, 50, 50, 26, 3, 4, 13, 37, 6, 2, 42, 36, 12, 44, 80, 11, 14, 2, 52, 2, 79]
F2 = [0, 0, 0, 0, 0, 0, 0, 0, 0, 0, 0, 0, 0, 0, 0, 0, 0, 0, 0, 0, 0, 0, 0, 0, 0, 0, 0, 0, 0, 0]
T = [18300, 64400, 32600, 94100, 100200, 141200, 78300, 190300, 226700, 81000, 187200, 193600, 96700, 17300, 25500, 56800, 240600, 50800, 24800, 182200, 144300, 67500, 166100, 386100, 64700, 59500, 18600, 225100, 16400, 260400]
T2 = [2653300, 2816600, 3841000, 2839500, 2645500, 2674500, 2623300, 2623000, 2660000, 2660000, 2661800, 2736100, 2643600, 2738500, 2646100, 2671100, 3157100, 3101400, 2705500, 2762300, 3262800, 2651400, 2694900, 2994500, 2711000, 2685700, 2830900, 2628500, 2652800, 2660500]

id 38
F = [19, 58, 3, 8, 21, 14, 5, 29, 24, 31, 40, 11, 84, 24, 8, 12, 61, 3, 23, 24, 7, 2, 7, 12, 27, 18, 6, 21, 45, 81]
F2 = [0, 0, 0, 0, 0, 0, 0, 0, 0, 0, 0, 0, 0, 0, 0, 0, 0, 0, 0, 0, 0, 0, 0, 0, 0, 0, 0, 0, 0, 0]
T = [107300, 452800, 19600, 37400, 98000, 86300, 84800, 149700, 91800, 122600, 158400, 58000, 285100, 92700, 121600, 60900, 216300, 33400, 94800, 96200, 45000, 18600, 56400, 80000, 137800, 266900, 39000, 106100, 162300, 378000]
T2 = [3396100, 3446600, 2644100, 2899800, 3044000, 3044800, 3219100, 3564300, 2670300, 3043100, 2786900, 2666600, 2632500, 3312200, 5077100, 2774300, 2611100, 2703500, 2671800, 2889500, 2900900, 3183800, 2977500, 3006000, 2764100, 3002400, 3231900, 2883900, 2766000, 3119800]

id 39
F = [25, 59, 12, 55, 41, 7, 31, 18, 14, 10, 40, 1, 27, 41, 64, 5, 18, 3, 66, 45, 30, 5, 19, 41, 37, 18, 43, 47, 13, 1]
F2 = [0, 0, 0, 0, 0, 0, 0, 0, 0, 0, 0, 0, 0, 0, 0, 0, 0, 0, 0, 0, 0, 0, 0, 0, 0, 0, 0, 0, 0, 0]
T = [144400, 283500, 57100, 277200, 143600, 38400, 112700, 148400, 93200, 76800, 147000, 61000, 134400, 151700, 218500, 28900, 74500, 28100, 328300, 278800, 184500, 39000, 77800, 212600, 166800, 91000, 151600, 169400, 61500, 33700]
T2 = [3789400, 3189000, 3239500, 3243100, 2677800, 2677400, 3120500, 3028500, 2636400, 2670700, 2665400, 3322000, 2661800, 2805900, 3072800, 2638800, 2684500, 2872600, 2944700, 3519700, 4414400, 2659800, 2805600, 3080000, 2665600, 2698100, 2616400, 2618700, 2635500, 2824300]

id 40
F = [61, 33, 12, 63, 39, 22, 18, 4, 26, 53, 15, 22, 5, 6, 53, 73, 7, 7, 72, 3, 4, 15, 20, 1, 6, 6, 12, 29, 41, 1]
F2 = [0, 0, 0, 0, 0, 0, 0, 0, 0, 0, 0, 0, 0, 0, 0, 0, 0, 0, 0, 0, 0, 0, 0, 0, 0, 0, 0, 0, 0, 0]
T = [431300, 203600, 52800, 208900, 143200, 114900, 70200, 23200, 92500, 190200, 61000, 127900, 50900, 33700, 196300, 249300, 52000, 46200, 270400, 26600, 25000, 97000, 82900, 21000, 59500, 46000, 60000, 109400, 183000, 23000]
T2 = [2655700, 2733000, 2640100, 2633500, 2673100, 3227200, 2788400, 2661000, 2653100, 2648500, 2634100, 4071100, 2901000, 2667400, 2620300, 2710100, 2888800, 2692700, 2612800, 2743500, 3217300, 2871200, 2986500, 2847900, 3069900, 2652500, 2717300, 2667900, 2810200, 2657800]

id 41
F = [6, 15, 10, 4, 31, 6, 2, 67, 16, 8, 13, 13, 44, 14, 58, 14, 41, 43, 1, 2, 1, 7, 52, 43, 5, 13, 8, 19, 68, 18]
F2 = [0, 0, 0, 0, 0, 0, 0, 0, 0, 0, 0, 0, 0, 0, 0, 0, 0, 0, 0, 0, 0, 0, 0, 0, 0, 0, 0, 0, 0, 0]
T = [39300, 62900, 43500, 24300, 120400, 30700, 18500, 364100, 76400, 74000, 60000, 161700, 174600, 70500, 1019500, 70600, 148000, 153000, 9000, 24500, 14300, 36200, 197100, 149200, 50400, 64400, 42100, 95200, 256600, 71900]
T2 = [2639700, 2629900, 2743100, 2966800, 2628200, 2644600, 3225800, 3840600, 3753300, 3145200, 2888500, 3551000, 2662500, 2746000, 3105400, 2779300, 2647400, 2612700, 2683100, 2904800, 2626900, 2678900, 2694600, 2670000, 2668900, 2926300, 2714400, 2754900, 2622700, 2653800]

id 42
F = [6, 26, 70, 36, 4, 8, 5, 7, 1, 14, 12, 23, 2, 12, 62, 26, 7, 22, 13, 60, 44, 8, 11, 17, 40, 24, 26, 5, 1, 3]
F2 = [0, 0, 0, 0, 0, 0, 0, 0, 0, 0, 0, 0, 0, 0, 0, 0, 0, 0, 0, 0, 0, 0, 0, 0, 0, 0, 0, 0, 0, 0]
T = [68700, 176400, 361400, 216000, 43200, 46000, 50900, 43700, 21500, 58600, 54100, 123000, 18300, 63600, 455500, 131300, 44200, 91700, 59700, 307600, 174000, 42400, 94700, 76000, 140900, 82600, 89000, 32500, 15300, 19300]
T2 = [3095300, 3305000, 3282900, 4313500, 3620700, 2733800, 2881700, 2674600, 2638600, 2629300, 2654600, 2863500, 2638600, 3388400, 3586200, 3482000, 2697600, 2646900, 2624900, 3223100, 3193000, 2727700, 2678700, 2637300, 2619100, 2626500, 2657700, 2776300, 2683500, 2740100]

id 43
F = [5, 12, 9, 21, 109, 8, 25, 53, 11, 70, 13, 10, 38, 7, 56, 17, 31, 5, 11, 9, 38, 7, 13, 20, 23, 48, 14, 3, 32, 5]
F2 = [0, 0, 0, 0, 0, 0, 0, 0, 0, 0, 0, 0, 0, 0, 0, 0, 0, 0, 0, 0, 0, 0, 0, 0, 0, 0, 0, 0, 0, 0]
T = [37200, 75000, 48700, 170700, 364400, 46800, 96400, 185000, 49900, 318300, 69200, 67700, 132200, 48700, 197900, 121100, 153500, 32800, 58500, 40800, 137100, 36100, 57500, 85500, 91800, 176400, 62900, 20600, 202200, 23900]
T2 = [2651000, 2668100, 2657600, 2774800, 2911000, 2659300, 2637500, 2687800, 2700400, 2960300, 2747400, 2650000, 2796100, 2672100, 2708300, 2905100, 2695200, 2963100, 2631300, 2652800, 4164100, 2642200, 2679700, 2630700, 2818500, 2628600, 2726200, 2772400, 4765400, 2193000]

id 44
F = [14, 23, 2, 26, 36, 16, 49, 4, 12, 11, 25, 1, 3, 10, 12, 22, 27, 14, 20, 5, 51, 112, 1, 9, 19, 39, 6, 15, 85, 29]
F2 = [0, 0, 0, 0, 0, 0, 0, 0, 0, 0, 0, 0, 0, 0, 0, 0, 0, 0, 0, 0, 0, 0, 0, 0, 0, 0, 0, 0, 0, 0]
T = [104000, 90400, 18100, 81200, 120000, 74100, 258700, 25400, 53300, 62200, 100300, 13700, 23500, 47800, 69300, 120400, 119200, 65200, 74300, 52500, 187400, 389500, 15700, 40200, 100900, 186500, 38600, 80900, 352300, 115400]
T2 = [4091800, 2191400, 2196000, 2354000, 2193800, 3284300, 3187500, 2643400, 2662100, 2690200, 2815900, 2642500, 2746100, 3237200, 3987300, 2688300, 2690800, 2745900, 2740800, 2889000, 2644700, 2625400, 2670700, 3231400, 2770200, 3261900, 2905400, 2693900, 2629700, 3251400]

id 45
F = [9, 14, 9, 14, 18, 11, 22, 11, 15, 52, 6, 18, 66, 25, 17, 15, 30, 93, 38, 2, 21, 31, 3, 29, 27, 72, 25, 94, 9, 4]
F2 = [0, 0, 0, 0, 0, 0, 0, 0, 0, 0, 0, 0, 0, 0, 0, 0, 0, 0, 0, 0, 0, 0, 0, 0, 0, 0, 0, 0, 0, 0]
T = [41200, 66300, 43400, 59200, 96200, 68800, 211300, 54200, 78500, 205300, 34000, 72700, 229100, 110100, 67800, 62800, 113400, 331900, 231200, 21100, 81400, 129200, 34900, 104600, 101100, 241600, 89500, 454800, 54700, 42700]
T2 = [2719600, 2862800, 2651600, 3170300, 2704400, 2749800, 2895400, 2668500, 2915700, 2612400, 2639500, 2902600, 2614700, 2650600, 2674400, 2632400, 2680600, 2641700, 2905400, 2642100, 2664500, 2666100, 2641700, 2620700, 3070000, 2644500, 2623800, 3264600, 3262900, 2199700]

id 46
F = [20, 9, 31, 24, 13, 10, 53, 21, 28, 34, 4, 10, 3, 26, 15, 39, 19, 3, 8, 42, 14, 119, 19, 1, 6, 3, 1, 4, 27, 51]
F2 = [0, 0, 0, 0, 0, 0, 0, 0, 0, 0, 0, 0, 0, 0, 0, 0, 0, 0, 0, 0, 0, 0, 0, 0, 0, 0, 0, 0, 0, 0]
T = [105200, 47500, 118800, 145500, 55400, 118700, 310500, 182300, 103800, 129400, 38300, 50200, 25200, 193200, 96300, 142800, 74800, 22800, 127100, 202500, 128900, 399600, 96300, 17400, 32100, 16500, 12300, 22200, 124200, 218200]
T2 = [2937000, 2664200, 3395100, 2697500, 2793500, 3168600, 2804800, 3307900, 2639100, 2643400, 2739700, 2637700, 2779700, 3009300, 3735100, 2634800, 2741100, 2685300, 2806100, 3261000, 2723300, 2619700, 2697000, 2842500, 2632600, 2635500, 2658000, 2720600, 2686900, 2625300]

id 47
F = [6, 9, 2, 10, 10, 6, 24, 20, 20, 2, 27, 28, 11, 12, 27, 7, 7, 38, 18, 11, 12, 2, 29, 104, 16, 29, 4, 13, 11, 21]
F2 = [0, 0, 0, 0, 0, 0, 0, 0, 0, 0, 0, 0, 0, 0, 0, 0, 0, 0, 0, 0, 0, 0, 0, 0, 0, 0, 0, 0, 0, 0]
T = [32600, 43500, 18300, 47200, 52800, 33000, 89200, 77200, 78500, 17100, 152700, 122200, 48500, 50100, 96800, 38900, 35700, 153600, 79800, 63500, 62200, 15100, 176000, 345400, 78700, 105300, 24400, 53900, 49200, 95300]
T2 = [2670200, 2666800, 2975000, 2645600, 3078800, 2664900, 2692500, 2902400, 2659100, 2641000, 2886600, 2638400, 2663700, 2628700, 2983700, 2832900, 2748000, 3161200, 2692200, 3592500, 2700100, 2802100, 2909400, 2634900, 2626000, 2627100, 2936900, 2648900, 2648600, 2658200]

id 48
F = [19, 8, 4, 4, 12, 20, 2, 22, 26, 5, 16, 26, 28, 26, 9, 12, 3, 23, 2, 23, 24, 20, 5, 14, 21, 9, 36, 1, 24, 28]
F2 = [0, 0, 0, 0, 0, 0, 0, 0, 0, 0, 0, 0, 0, 0, 0, 0, 0, 0, 0, 0, 0, 0, 0, 0, 0, 0, 0, 0, 0, 0]
T = [116000, 49000, 29100, 38200, 71200, 88100, 14200, 152200, 105100, 29300, 66200, 98200, 107700, 101600, 74800, 53600, 20100, 89000, 17300, 97400, 110200, 80800, 29900, 62600, 88800, 40300, 134000, 16400, 99000, 127200]
T2 = [2795700, 2651900, 2641300, 3254400, 2889200, 2669900, 2836000, 2977800, 2681600, 2643100, 2640600, 2669300, 2620600, 2627200, 2699000, 2694000, 2792500, 2624900, 2645400, 2625900, 2642600, 2637800, 2702700, 2630300, 3070500, 2624200, 2624700, 2672500, 2632100, 2649700]

id 49
F = [22, 35, 5, 41, 11, 34, 10, 15, 14, 21, 36, 61, 45, 13, 10, 16, 45, 72, 13, 17, 8, 7, 29, 26, 13, 49, 15, 7, 23, 28]
F2 = [0, 0, 0, 0, 0, 0, 0, 0, 0, 0, 0, 0, 0, 0, 0, 0, 0, 0, 0, 0, 0, 0, 0, 0, 0, 0, 0, 0, 0, 0]
T = [110900, 170000, 30100, 145400, 65900, 140700, 125300, 73500, 57300, 126300, 159600, 231900, 163200, 71500, 46000, 76400, 165900, 385700, 62400, 70200, 34300, 46900, 109400, 107000, 81700, 183700, 83700, 44700, 86500, 129400]
T2 = [2719100, 2653900, 2711500, 2690700, 2789200, 2656400, 3069300, 2762700, 2694900, 3622400, 2725900, 2700300, 2610200, 2659000, 2690100, 2762400, 2627800, 2964300, 2221800, 2625800, 2821400, 2658900, 2616900, 2696300, 2829300, 2795200, 2763700, 3264300, 2810300, 2745100]

