id 0
F = [49, 16, 59, 9, 11, 18, 127, 28, 54, 8, 116, 3, 79, 15, 29, 5, 38, 105, 148, 195, 42, 67, 124, 41, 14, 35, 43, 12, 2, 63]
F2 = [0, 0, 0, 0, 0, 0, 0, 0, 0, 0, 0, 0, 0, 0, 0, 0, 0, 0, 0, 0, 0, 0, 0, 0, 0, 0, 0, 0, 0, 0]
T = [22827400, 2489900, 3245300, 1434000, 1445900, 2326800, 11276100, 3730900, 2192900, 343100, 2993700, 144400, 2202400, 355100, 891600, 333200, 500600, 1182100, 1070200, 943600, 228000, 313700, 676600, 214100, 132500, 439200, 351300, 142000, 38000, 360300]
T2 = [12671400, 5874100, 5060900, 6785900, 7241000, 6004800, 1989700, 3293200, 1379500, 1204500, 1480900, 1216800, 2027900, 1663400, 1989000, 1509000, 1854200, 1246700, 1295000, 1171400, 1195600, 1272000, 1417300, 1183700, 1735200, 1930000, 1730500, 1571300, 1404800, 1570100]

id 1
F = [85, 39, 90, 51, 36, 55, 35, 36, 73, 147, 12, 28, 100, 95, 69, 77, 74, 32, 44, 25, 14, 39, 14, 190, 43, 51, 111, 27, 104, 23]
F2 = [0, 0, 0, 0, 0, 0, 0, 0, 0, 0, 0, 0, 0, 0, 0, 0, 0, 0, 0, 0, 0, 0, 0, 0, 0, 0, 0, 0, 0, 0]
T = [654000, 228700, 404900, 249400, 169500, 241900, 323500, 300300, 5859400, 1530900, 230800, 290400, 615800, 659700, 574100, 1093400, 607000, 387200, 310500, 131800, 88300, 341800, 706900, 1252100, 433200, 328500, 950100, 403800, 1367000, 293200]
T2 = [1294300, 1206000, 1180300, 1194800, 1181900, 1450200, 1697400, 2162100, 2726200, 1372200, 1802600, 1605600, 1894400, 1283600, 1436500, 1805000, 1808200, 2220100, 1505200, 1269000, 1204500, 1739900, 3044900, 3488500, 2584800, 2254900, 2102100, 2551000, 2191100, 2278700]

id 2
F = [4, 31, 51, 72, 64, 48, 27, 30, 403, 103, 17, 29, 71, 6, 15, 112, 50, 183, 16, 62, 144, 14, 68, 135, 4, 50, 76, 55, 36, 18]
F2 = [0, 0, 0, 0, 0, 0, 0, 0, 0, 0, 0, 0, 0, 0, 0, 0, 0, 0, 0, 0, 0, 0, 0, 0, 0, 0, 0, 0, 0, 0]
T = [78600, 276000, 450400, 461000, 387800, 279300, 150100, 116700, 8807300, 455300, 103300, 180400, 357400, 94500, 220700, 347400, 138400, 532700, 47900, 126900, 274700, 59400, 153400, 302700, 32200, 177000, 447600, 193700, 115900, 62300]
T2 = [1323400, 1813300, 2242100, 3103800, 1771000, 2413200, 1875800, 1285100, 2247800, 1620200, 1999500, 2459500, 1974300, 2393300, 2286300, 1572100, 1608100, 1627600, 1177300, 1179200, 1160900, 1297500, 1181100, 1560600, 1361100, 1344500, 1888800, 1416200, 1426900, 1562900]

id 3
F = [64, 84, 147, 12, 157, 2, 25, 64, 74, 171, 20, 102, 90, 47, 32, 49, 39, 22, 18, 49, 65, 60, 43, 6, 28, 54, 4, 87, 20, 8]
F2 = [0, 0, 0, 0, 0, 0, 0, 0, 0, 0, 0, 0, 0, 0, 0, 0, 0, 0, 0, 0, 0, 0, 0, 0, 0, 0, 0, 0, 0, 0]
T = [335800, 457900, 800400, 85700, 468400, 54600, 162200, 195500, 206300, 768800, 60600, 688400, 258100, 271300, 187800, 239500, 212900, 51200, 128200, 109800, 336900, 271700, 90200, 30100, 119100, 124300, 20500, 351000, 68700, 34400]
T2 = [1495900, 2698400, 2054900, 1829700, 2087500, 4387300, 2037700, 1608100, 1571500, 1573700, 1476000, 3112200, 1567100, 3156700, 2043800, 1879700, 1326900, 1175700, 1585600, 1185900, 1652600, 1481100, 1828900, 1276600, 9765200, 1186400, 1626800, 1787800, 1518600, 1459700]

id 4
F = [127, 30, 40, 69, 22, 46, 25, 17, 28, 14, 46, 55, 26, 92, 9, 13, 50, 129, 1, 14, 23, 19, 205, 80, 32, 72, 56, 56, 31, 52]
F2 = [0, 0, 0, 0, 0, 0, 0, 0, 0, 0, 0, 0, 0, 0, 0, 0, 0, 0, 0, 0, 0, 0, 0, 0, 0, 0, 0, 0, 0, 0]
T = [449700, 57300, 65800, 112000, 48500, 108700, 66700, 69900, 142400, 91600, 130200, 248800, 122100, 346300, 46700, 38700, 122900, 313400, 25300, 45800, 48400, 43400, 496600, 263100, 89100, 318200, 171900, 149200, 125700, 142400]
T2 = [1607600, 1191500, 1230000, 1177000, 1184600, 1307500, 2038800, 2452000, 2264500, 2219600, 2552200, 1849000, 1702800, 1856000, 1212900, 1432100, 1707400, 1350300, 2144600, 1209000, 3582200, 1481700, 1881100, 1644200, 2528000, 1471900, 2369300, 2739800, 1978500, 2413000]

id 5
F = [12, 90, 35, 4, 4, 79, 59, 12, 56, 62, 47, 59, 70, 103, 2, 156, 12, 109, 75, 76, 29, 40, 4, 32, 91, 92, 125, 14, 94, 62]
F2 = [0, 0, 0, 0, 0, 0, 0, 0, 0, 0, 0, 0, 0, 0, 0, 0, 0, 0, 0, 0, 0, 0, 0, 0, 0, 0, 0, 0, 0, 0]
T = [50100, 229900, 111900, 34400, 28000, 230500, 102600, 34800, 105900, 133100, 81200, 106800, 112100, 314500, 19100, 350500, 45100, 220900, 206200, 188000, 73600, 126200, 23100, 91100, 229200, 171800, 445700, 48800, 219100, 155900]
T2 = [1262500, 1947000, 2348900, 2305900, 1957200, 1978100, 1212300, 1313300, 1451600, 1239600, 1177000, 1220000, 1332200, 1723200, 1376100, 2548600, 1569100, 1453800, 1513000, 1479300, 2353300, 1433400, 1966300, 1384400, 1745400, 1183100, 1965400, 1603800, 1641100, 2143200]

id 6
F = [5, 9, 52, 38, 190, 160, 41, 12, 72, 89, 189, 13, 37, 30, 15, 40, 5, 13, 165, 27, 338, 95, 32, 29, 165, 10, 29, 152, 116, 67]
F2 = [0, 0, 0, 0, 0, 0, 0, 0, 0, 0, 0, 0, 0, 0, 0, 0, 0, 0, 0, 0, 0, 0, 0, 0, 0, 0, 0, 0, 0, 0]
T = [62800, 65700, 133200, 158300, 529800, 384200, 94800, 26700, 111600, 139000, 274800, 38900, 87200, 99200, 37900, 73200, 30000, 41000, 273000, 46600, 456700, 140700, 65900, 91900, 250800, 37500, 93700, 309600, 227800, 214600]
T2 = [2190200, 2605500, 2415300, 2103900, 1910000, 1754900, 1269700, 1177100, 1172000, 1174600, 1265100, 1396300, 1431200, 1639800, 1176600, 1222400, 1214700, 1248500, 1166700, 1176800, 1143400, 1175200, 1396400, 1214100, 1431300, 2272700, 1499100, 1424800, 1462200, 1530900]

id 7
F = [126, 150, 27, 17, 86, 2, 114, 9, 130, 30, 12, 5, 31, 31, 53, 83, 53, 49, 7, 11, 11, 12, 18, 11, 87, 78, 129, 44, 1, 21]
F2 = [0, 0, 0, 0, 0, 0, 0, 0, 0, 0, 0, 0, 0, 0, 0, 0, 0, 0, 0, 0, 0, 0, 0, 0, 0, 0, 0, 0, 0, 0]
T = [495900, 311600, 96500, 55600, 260200, 22200, 339900, 58200, 696000, 100200, 36000, 19800, 59400, 73700, 107200, 131000, 130300, 114500, 30400, 35500, 36500, 40600, 41200, 58200, 206300, 213500, 233600, 107500, 11800, 58400]
T2 = [2121500, 1327500, 1810200, 1847600, 1593200, 1863500, 4373600, 1605200, 1320200, 1321400, 1250000, 1213800, 1762700, 1214600, 1327400, 1193800, 1694000, 1652400, 1536900, 1616200, 1592500, 1396700, 1622700, 1850400, 1333900, 1824200, 1233600, 1221800, 1228800, 1224200]

id 8
F = [146, 70, 75, 82, 6, 10, 81, 3, 12, 96, 74, 112, 38, 83, 36, 86, 80, 212, 171, 9, 100, 44, 72, 7, 2, 55, 22, 58, 24, 37]
F2 = [0, 0, 0, 0, 0, 0, 0, 0, 0, 0, 0, 0, 0, 0, 0, 0, 0, 0, 0, 0, 0, 0, 0, 0, 0, 0, 0, 0, 0, 0]
T = [1269100, 229400, 272200, 256400, 43100, 44100, 225400, 17200, 46200, 274400, 224400, 227000, 77600, 328300, 132600, 312500, 298200, 661900, 362600, 57100, 181600, 68300, 154400, 67100, 10400, 84400, 38800, 110300, 42000, 59600]
T2 = [2487800, 5867000, 2012300, 1541300, 1405000, 1367500, 1279400, 1878700, 1640800, 3678300, 1380000, 1358600, 1367700, 1874700, 1831600, 1895700, 1813200, 1751500, 1813400, 1771000, 1778900, 1387000, 1466900, 1659300, 1147000, 1125300, 1183000, 1157000, 1134400, 1199900]

id 9
F = [37, 39, 49, 74, 10, 81, 84, 4, 53, 8, 11, 33, 2, 53, 37, 47, 34, 125, 70, 8, 22, 5, 83, 22, 76, 81, 58, 57, 195, 156]
F2 = [0, 0, 0, 0, 0, 0, 0, 0, 0, 0, 0, 0, 0, 0, 0, 0, 0, 0, 0, 0, 0, 0, 0, 0, 0, 0, 0, 0, 0, 0]
T = [200200, 147400, 139000, 207400, 33700, 181900, 373200, 268300, 162900, 49500, 34000, 99900, 39600, 162000, 79000, 288800, 98500, 355900, 288800, 33200, 110300, 38200, 153800, 83500, 132100, 400000, 129700, 90900, 277000, 222400]
T2 = [1558200, 1948100, 1787500, 1695800, 1663700, 2203700, 2796600, 2245100, 1757100, 1748800, 1390300, 1918300, 1554700, 2250100, 2179000, 1464700, 4845200, 2503300, 2211200, 2181700, 2455900, 1823300, 1193600, 1608000, 1471600, 1771300, 1534200, 1182100, 1186900, 1171600]

id 10
F = [47, 90, 51, 26, 75, 73, 251, 73, 33, 27, 57, 82, 144, 49, 3, 123, 86, 27, 2, 100, 10, 39, 12, 10, 36, 59, 141, 1, 120, 115]
F2 = [0, 0, 0, 0, 0, 0, 0, 0, 0, 0, 0, 0, 0, 0, 0, 0, 0, 0, 0, 0, 0, 0, 0, 0, 0, 0, 0, 0, 0, 0]
T = [105500, 187800, 92800, 83800, 260300, 176300, 617100, 191000, 319300, 74800, 138700, 195000, 378600, 120300, 32200, 292500, 373400, 120000, 25200, 230000, 45400, 73100, 33900, 34300, 288900, 119300, 288500, 13500, 188100, 645100]
T2 = [1781300, 1538500, 1390400, 2102500, 1851400, 1410200, 1677100, 1826900, 1997200, 1737600, 1933300, 2478300, 1498200, 2678700, 1662700, 2003700, 2608900, 1874800, 1792600, 1937300, 1280300, 1488500, 2056400, 1679400, 1579900, 1733300, 1648900, 2035500, 1389900, 7874100]

id 11
F = [69, 99, 24, 4, 22, 14, 92, 2, 66, 61, 23, 54, 72, 169, 32, 40, 67, 33, 59, 5, 57, 34, 70, 2, 7, 34, 168, 17, 27, 4]
F2 = [0, 0, 0, 0, 0, 0, 0, 0, 0, 0, 0, 0, 0, 0, 0, 0, 0, 0, 0, 0, 0, 0, 0, 0, 0, 0, 0, 0, 0, 0]
T = [201100, 220300, 71200, 23200, 57400, 51200, 195300, 15700, 151500, 99900, 50300, 81100, 109800, 338300, 89200, 69700, 134300, 64400, 163900, 22500, 167500, 84200, 307800, 40200, 37400, 115900, 259900, 35100, 86600, 45000]
T2 = [1387300, 1765800, 1500000, 1383300, 2259800, 1606900, 1686200, 1716200, 1285300, 1288900, 1197900, 1171700, 1172800, 1332300, 1637000, 1210800, 1197300, 1426300, 1701900, 1704500, 1440200, 1541900, 1863200, 1907500, 2073800, 3054500, 1211900, 1264500, 1465800, 1462200]

id 12
F = [51, 23, 16, 49, 33, 118, 121, 249, 122, 253, 88, 93, 179, 13, 25, 56, 14, 154, 14, 34, 67, 87, 68, 85, 13, 17, 21, 7, 12, 140]
F2 = [0, 0, 0, 0, 0, 0, 0, 0, 0, 0, 0, 0, 0, 0, 0, 0, 0, 0, 0, 0, 0, 0, 0, 0, 0, 0, 0, 0, 0, 0]
T = [285500, 45700, 37300, 102600, 93400, 2428500, 183500, 365200, 219800, 357900, 149400, 234800, 366200, 39500, 87900, 89100, 22000, 246500, 31500, 77600, 87400, 114900, 89600, 112900, 18600, 32200, 44600, 24800, 29200, 183700]
T2 = [1357700, 1163000, 1199300, 1597500, 1399600, 1404600, 1160500, 1186100, 1176300, 1160600, 1182400, 1521100, 1495700, 1277100, 1193400, 1173700, 1175300, 1164700, 1484700, 1234500, 1174600, 1195000, 1176400, 1171100, 1175500, 1191100, 1181000, 1309900, 1192700, 1169200]

id 13
F = [184, 5, 61, 13, 81, 79, 8, 11, 35, 164, 67, 70, 60, 2, 113, 5, 17, 43, 45, 20, 75, 25, 23, 121, 50, 229, 57, 77, 2, 83]
F2 = [0, 0, 0, 0, 0, 0, 0, 0, 0, 0, 0, 0, 0, 0, 0, 0, 0, 0, 0, 0, 0, 0, 0, 0, 0, 0, 0, 0, 0, 0]
T = [543200, 28100, 217500, 30100, 118500, 110700, 19600, 33200, 64500, 211900, 94000, 159300, 276000, 19100, 358000, 26900, 56100, 81100, 83700, 35300, 108600, 51200, 38200, 162600, 71300, 290700, 74800, 177000, 36600, 309000]
T2 = [1411400, 1364100, 1698500, 1218700, 1179600, 1427900, 1271400, 1446400, 1198500, 1178500, 1178000, 1436400, 2108800, 1861500, 1686600, 1747900, 1207000, 1221100, 1188000, 1201800, 1278100, 1188300, 1181400, 1161400, 1176400, 1149600, 1169600, 1361800, 2048200, 1912700]

id 14
F = [17, 39, 2, 4, 39, 49, 38, 11, 268, 59, 44, 186, 173, 122, 74, 152, 8, 41, 250, 44, 12, 134, 38, 25, 30, 52, 234, 26, 14, 81]
F2 = [0, 0, 0, 0, 0, 0, 0, 0, 0, 0, 0, 0, 0, 0, 0, 0, 0, 0, 0, 0, 0, 0, 0, 0, 0, 0, 0, 0, 0, 0]
T = [103000, 157100, 17100, 23400, 216900, 204700, 120900, 39700, 427400, 94400, 84800, 286400, 304800, 303100, 150700, 208200, 54600, 137900, 718600, 114800, 30800, 186700, 58600, 96700, 50700, 93800, 296700, 59700, 27200, 135400]
T2 = [2780600, 2957800, 2962700, 2998000, 4852600, 2887100, 1821500, 1799000, 1255000, 1169700, 1190000, 1507600, 1983800, 1563000, 1173100, 5375400, 2954800, 2711600, 1813400, 1296800, 1176600, 2371700, 1184000, 1226300, 1221600, 1189700, 1214800, 1190400, 1213100, 1186900]

id 15
F = [27, 49, 78, 25, 141, 20, 12, 12, 35, 12, 14, 24, 18, 72, 90, 123, 120, 9, 7, 52, 132, 74, 75, 28, 36, 2, 138, 81, 20, 190]
F2 = [0, 0, 0, 0, 0, 0, 0, 0, 0, 0, 0, 0, 0, 0, 0, 0, 0, 0, 0, 0, 0, 0, 0, 0, 0, 0, 0, 0, 0, 0]
T = [175600, 162300, 455300, 83000, 293400, 92500, 57800, 67000, 122100, 64200, 62200, 162700, 148600, 136900, 163000, 183700, 273500, 21700, 19300, 82300, 180900, 99000, 139600, 48600, 58700, 38900, 446700, 262600, 51100, 328500]
T2 = [2949200, 2922700, 2560800, 1357600, 1889200, 2955900, 2961200, 3135700, 2949300, 2978500, 2941800, 4050000, 2619200, 1406700, 1210900, 1236400, 1324600, 1215600, 1604600, 1167900, 1166900, 1180300, 1209500, 1211500, 1387300, 4864500, 2944900, 2946400, 1227800, 1376900]

id 16
F = [11, 38, 25, 42, 90, 29, 79, 152, 108, 74, 12, 47, 46, 28, 127, 193, 34, 84, 94, 6, 49, 8, 32, 10, 38, 1, 66, 226, 72, 8]
F2 = [0, 0, 0, 0, 0, 0, 0, 0, 0, 0, 0, 0, 0, 0, 0, 0, 0, 0, 0, 0, 0, 0, 0, 0, 0, 0, 0, 0, 0, 0]
T = [115100, 88500, 45000, 216000, 289700, 101700, 269100, 950300, 699900, 606400, 67200, 113800, 94700, 60800, 185100, 339500, 73700, 211100, 321400, 27400, 702300, 29600, 200800, 79600, 171600, 30900, 356900, 2039500, 3622200, 60000]
T2 = [2298800, 1202400, 2334700, 2096900, 2964400, 3016400, 3002300, 5086300, 5603300, 3295700, 1664600, 1322500, 1278900, 1213000, 1398200, 1216200, 1366400, 3191100, 2643800, 1322500, 1343200, 2053500, 3358500, 3198400, 2960400, 4063600, 5787800, 3307900, 3578200, 3033400]

id 17
F = [75, 274, 37, 9, 4, 26, 4, 27, 116, 39, 55, 101, 33, 2, 37, 3, 48, 27, 97, 6, 79, 2, 93, 80, 11, 145, 27, 21, 53, 38]
F2 = [0, 0, 0, 0, 0, 0, 0, 0, 0, 0, 0, 0, 0, 0, 0, 0, 0, 0, 0, 0, 0, 0, 0, 0, 0, 0, 0, 0, 0, 0]
T = [436900, 562900, 188700, 46500, 53300, 249400, 29100, 102800, 496000, 154100, 181900, 147100, 172700, 24300, 61900, 17500, 136800, 67200, 215700, 36600, 143800, 85300, 303600, 210500, 45200, 765300, 4796300, 125500, 343100, 210200]
T2 = [3050500, 3981600, 3455200, 3295700, 3202200, 2988300, 3866700, 3130300, 3225300, 3448600, 1788000, 1267900, 3835800, 1805200, 1411800, 1380200, 1476500, 1623400, 1589800, 1203500, 2812900, 3357400, 3332400, 9083200, 2657400, 17076600, 12417700, 5705300, 2043800, 2258500]

id 18
F = [48, 211, 136, 6, 13, 2, 50, 19, 22, 223, 46, 54, 21, 34, 150, 99, 102, 52, 27, 72, 36, 55, 60, 34, 104, 122, 340, 120, 22, 90]
F2 = [0, 0, 0, 0, 0, 0, 0, 0, 0, 0, 0, 0, 0, 0, 0, 0, 0, 0, 0, 0, 0, 0, 0, 0, 0, 0, 0, 0, 0, 0]
T = [586600, 547100, 657800, 26700, 49600, 19900, 307200, 74900, 52400, 1008100, 246600, 298400, 194600, 252500, 731000, 969300, 519300, 262800, 115900, 278700, 243300, 391200, 302000, 398700, 544100, 278500, 1940400, 558500, 105900, 444600]
T2 = [2430200, 3038100, 1807200, 2278900, 3709600, 2029200, 3584900, 2938100, 4265100, 3903600, 5609600, 4246700, 4117100, 4834100, 3539800, 3349900, 3939100, 3864500, 2949500, 8131600, 4083900, 2937400, 5330800, 3855000, 4037800, 1397000, 3555700, 5714200, 4963500, 3697600]

id 19
F = [57, 22, 75, 5, 17, 4, 60, 107, 43, 1, 12, 6, 94, 138, 278, 91, 65, 123, 112, 10, 13, 118, 71, 19, 156, 10, 265, 461, 217, 4]
F2 = [0, 0, 0, 0, 0, 0, 0, 0, 0, 0, 0, 0, 0, 0, 0, 0, 0, 0, 0, 0, 0, 0, 0, 0, 0, 0, 0, 0, 0, 0]
T = [340500, 65400, 172700, 33200, 74700, 35600, 150000, 166700, 156100, 12300, 32800, 20000, 312300, 540200, 925200, 139900, 95800, 453900, 315400, 42200, 31600, 177100, 113200, 56900, 288200, 25200, 548200, 969400, 286100, 15100]
T2 = [2282400, 1542000, 2238100, 2140300, 1901300, 1921300, 1329200, 2625800, 2851600, 1852300, 1177200, 1582300, 1680300, 2050600, 2038100, 1222500, 1520200, 1940200, 1952300, 1537900, 1431100, 1235300, 1171400, 1674800, 1264400, 1651000, 1632000, 1610000, 1227000, 1222500]

id 20
F = [144, 16, 45, 62, 54, 35, 55, 29, 32, 12, 39, 12, 16, 126, 146, 209, 20, 18, 19, 91, 80, 28, 25, 14, 107, 70, 25, 118, 48, 17]
F2 = [0, 0, 0, 0, 0, 0, 0, 0, 0, 0, 0, 0, 0, 0, 0, 0, 0, 0, 0, 0, 0, 0, 0, 0, 0, 0, 0, 0, 0, 0]
T = [566400, 67500, 153600, 201900, 179900, 107700, 212300, 85500, 128300, 31100, 69400, 53800, 41500, 260700, 315200, 296200, 50000, 47900, 72800, 228200, 130500, 81800, 55600, 29700, 179100, 120500, 115000, 255200, 73200, 41800]
T2 = [2288200, 1948700, 2517800, 2159400, 1504900, 2116700, 1827500, 2049200, 2614400, 1202400, 1311600, 1665500, 1955300, 1303400, 1701500, 1150700, 1186500, 2063800, 2143500, 1325500, 1843600, 1352300, 1375100, 1634300, 1168500, 1303300, 1234800, 1675600, 1194500, 1239200]

id 21
F = [60, 14, 92, 3, 106, 10, 90, 181, 36, 23, 149, 5, 11, 39, 93, 57, 30, 157, 32, 11, 18, 82, 38, 4, 2, 58, 50, 27, 11, 7]
F2 = [0, 0, 0, 0, 0, 0, 0, 0, 0, 0, 0, 0, 0, 0, 0, 0, 0, 0, 0, 0, 0, 0, 0, 0, 0, 0, 0, 0, 0, 0]
T = [555800, 68500, 131700, 20600, 157700, 30200, 122000, 291700, 94300, 47700, 376800, 21400, 31000, 68200, 145800, 100000, 56500, 261300, 85100, 50500, 54200, 220900, 67900, 19400, 20800, 166100, 123300, 48200, 32700, 32000]
T2 = [1331700, 1311700, 1203800, 1531800, 1192100, 1240100, 1293300, 1230500, 1172100, 1251600, 1294900, 1197300, 1248200, 1174000, 1178300, 1819200, 1624800, 1799200, 1325700, 1817000, 1518700, 1440400, 1193700, 1317800, 1327900, 1533000, 1245200, 1191900, 1594800, 1894600]

id 22
F = [137, 10, 65, 6, 9, 91, 6, 69, 289, 15, 6, 4, 34, 124, 89, 56, 68, 60, 333, 8, 48, 63, 116, 18, 96, 22, 122, 115, 33, 44]
F2 = [0, 0, 0, 0, 0, 0, 0, 0, 0, 0, 0, 0, 0, 0, 0, 0, 0, 0, 0, 0, 0, 0, 0, 0, 0, 0, 0, 0, 0, 0]
T = [585200, 48000, 130200, 26700, 69600, 144000, 25700, 212600, 666600, 39700, 82000, 20700, 74800, 347700, 189400, 278000, 167900, 218400, 641200, 26300, 92000, 121600, 195000, 38300, 193900, 56300, 163600, 161200, 53200, 145800]
T2 = [1250900, 1223800, 1321400, 1519500, 1717000, 1200100, 1972300, 1252400, 1410400, 1268200, 2180500, 1567700, 1928300, 1718300, 2645400, 3172800, 1576600, 2572800, 2222800, 1388700, 1322600, 1533800, 1653300, 1418900, 1546400, 1386800, 1134300, 1185300, 1178200, 1464800]

id 23
F = [59, 25, 2, 39, 159, 89, 113, 12, 76, 24, 58, 49, 231, 32, 20, 54, 34, 1, 7, 5, 104, 3, 12, 19, 17, 78, 18, 6, 57, 40]
F2 = [0, 0, 0, 0, 0, 0, 0, 0, 0, 0, 0, 0, 0, 0, 0, 0, 0, 0, 0, 0, 0, 0, 0, 0, 0, 0, 0, 0, 0, 0]
T = [365600, 59000, 15300, 86500, 235900, 721900, 239300, 48500, 162400, 93400, 162300, 98900, 684800, 81100, 38600, 206600, 94100, 9500, 22900, 29700, 456400, 17700, 24100, 49400, 113800, 182900, 32800, 21200, 87900, 75400]
T2 = [1516200, 1577800, 4434200, 1147500, 1120100, 2293200, 1563400, 1919400, 1259900, 1276700, 1149500, 2035900, 1929900, 1181700, 1632800, 1750000, 1490400, 1179800, 1299900, 1914800, 1805100, 1180200, 1312900, 1272500, 2061900, 1233200, 1539600, 1287900, 1393500, 1354700]

id 24
F = [92, 68, 21, 9, 63, 56, 85, 8, 28, 36, 17, 37, 41, 5, 341, 53, 163, 28, 91, 26, 116, 166, 3, 11, 59, 25, 3, 65, 203, 47]
F2 = [0, 0, 0, 0, 0, 0, 0, 0, 0, 0, 0, 0, 0, 0, 0, 0, 0, 0, 0, 0, 0, 0, 0, 0, 0, 0, 0, 0, 0, 0]
T = [243600, 96100, 37700, 30400, 92400, 80900, 120900, 21900, 49700, 52600, 39100, 94000, 85700, 28500, 530500, 99800, 345500, 45700, 207600, 55800, 179200, 386600, 17800, 23400, 120800, 66600, 24900, 86700, 747000, 177100]
T2 = [1166500, 1163600, 1294500, 1180800, 1119600, 1473400, 1210400, 1443000, 1143000, 1129400, 1177700, 1737700, 1569400, 1726700, 1370500, 1435800, 1519800, 1570500, 1355400, 1139600, 1417000, 1313700, 1500800, 1687100, 1884000, 2709100, 1528100, 1479700, 1822800, 1485100]

id 25
F = [95, 87, 17, 39, 23, 55, 147, 27, 11, 119, 77, 102, 141, 32, 41, 127, 182, 5, 1, 27, 66, 29, 93, 17, 14, 15, 7, 59, 12, 27]
F2 = [0, 0, 0, 0, 0, 0, 0, 0, 0, 0, 0, 0, 0, 0, 0, 0, 0, 0, 0, 0, 0, 0, 0, 0, 0, 0, 0, 0, 0, 0]
T = [375600, 252200, 37600, 104900, 56700, 78100, 864300, 57700, 30900, 154400, 100600, 153700, 207900, 66000, 76900, 203000, 288700, 30000, 6300, 36500, 79400, 126800, 187700, 29800, 29000, 25200, 17000, 80500, 36400, 42800]
T2 = [1517400, 1482400, 1787300, 1604400, 1144200, 1128300, 1376800, 1145400, 1258800, 1123000, 1152300, 1144200, 1130600, 1151200, 1279000, 1188100, 1123900, 1167500, 1127600, 1121700, 1124800, 1755400, 1128700, 1127900, 1122000, 1132400, 1145300, 1153100, 1128600, 1248800]

id 26
F = [2, 80, 30, 49, 58, 66, 59, 92, 61, 143, 37, 68, 35, 16, 175, 46, 30, 22, 49, 119, 120, 9, 37, 3, 6, 39, 132, 121, 35, 192]
F2 = [0, 0, 0, 0, 0, 0, 0, 0, 0, 0, 0, 0, 0, 0, 0, 0, 0, 0, 0, 0, 0, 0, 0, 0, 0, 0, 0, 0, 0, 0]
T = [35900, 191300, 63500, 106600, 126400, 130800, 114300, 170200, 140300, 352500, 231700, 189900, 115800, 55500, 261200, 127400, 59400, 94400, 144600, 320200, 405100, 117700, 65600, 62500, 27000, 129600, 197800, 222000, 114700, 324300]
T2 = [2328800, 1494700, 1358600, 1828200, 1221600, 1140700, 1667600, 1942300, 1594100, 1724200, 3655900, 3250900, 2731800, 1694000, 1124200, 1171700, 1548600, 1834700, 1480700, 1365200, 2942300, 1581800, 1332800, 2368200, 1953600, 1414300, 1399800, 1303400, 1161700, 1180800]

id 27
F = [60, 118, 240, 25, 30, 53, 110, 57, 16, 48, 16, 8, 20, 27, 34, 62, 49, 25, 132, 17, 92, 19, 68, 47, 233, 68, 33, 8, 19, 37]
F2 = [0, 0, 0, 0, 0, 0, 0, 0, 0, 0, 0, 0, 0, 0, 0, 0, 0, 0, 0, 0, 0, 0, 0, 0, 0, 0, 0, 0, 0, 0]
T = [169700, 153000, 806800, 63100, 48700, 79600, 141700, 82700, 29200, 72000, 29800, 22200, 47900, 73200, 58100, 181500, 79600, 46200, 384300, 72600, 251500, 47100, 112700, 81200, 303900, 228600, 88600, 30800, 75300, 114200]
T2 = [1171300, 1633300, 1890700, 1593000, 1141800, 1154700, 1409400, 1132400, 1161100, 1147200, 1200600, 1565800, 1448600, 1637300, 1816200, 1326500, 1187000, 1161900, 1713100, 1166100, 1360000, 1148700, 1390000, 1136300, 1271500, 1402700, 1377900, 1484900, 1868000, 1387300]

id 28
F = [4, 37, 80, 12, 63, 35, 134, 30, 32, 18, 50, 44, 36, 73, 92, 105, 128, 21, 42, 12, 38, 29, 9, 48, 152, 113, 45, 17, 295, 73]
F2 = [0, 0, 0, 0, 0, 0, 0, 0, 0, 0, 0, 0, 0, 0, 0, 0, 0, 0, 0, 0, 0, 0, 0, 0, 0, 0, 0, 0, 0, 0]
T = [36700, 125000, 228900, 44900, 114900, 89200, 277300, 58100, 129000, 36100, 71800, 62500, 77300, 131800, 299700, 246100, 3186800, 48100, 117200, 37100, 72200, 69300, 22600, 318900, 346400, 256300, 86500, 38100, 695300, 131700]
T2 = [2076700, 2383700, 1411800, 1430700, 1118100, 1837700, 1256600, 1990500, 1712900, 1290800, 1133800, 12069500, 1705500, 1354400, 1460200, 12654200, 16060700, 25224800, 2538600, 2836700, 7200400, 1180600, 4437100, 3773400, 1962100, 1833400, 1418500, 2418900, 1256100, 1487000]

id 29
F = [32, 32, 172, 75, 85, 24, 38, 18, 9, 14, 16, 22, 60, 103, 33, 150, 50, 5, 123, 6, 77, 8, 3, 9, 1, 13, 184, 42, 101, 15]
F2 = [0, 0, 0, 0, 0, 0, 0, 0, 0, 0, 0, 0, 0, 0, 0, 0, 0, 0, 0, 0, 0, 0, 0, 0, 0, 0, 0, 0, 0, 0]
T = [8354100, 150900, 674600, 168700, 200700, 78600, 166300, 42800, 31100, 39100, 37400, 40400, 149200, 258600, 77200, 209900, 91000, 20600, 221300, 31000, 163000, 556900, 97000, 55400, 12400, 54600, 396400, 93300, 199700, 40700]
T2 = [1800900, 2545500, 1496900, 2019900, 1916900, 4997800, 6466500, 4583500, 1969000, 4159200, 1371000, 1808800, 1680100, 3357300, 1263300, 1180600, 1199600, 8937800, 9988200, 2639200, 5823900, 9871800, 12826000, 4237900, 6163100, 3400100, 1371900, 1568400, 1401600, 1812100]

id 30
F = [48, 38, 92, 13, 112, 66, 22, 14, 37, 128, 74, 93, 25, 17, 10, 13, 239, 144, 46, 37, 136, 76, 45, 71, 83, 43, 276, 26, 55, 37]
F2 = [0, 0, 0, 0, 0, 0, 0, 0, 0, 0, 0, 0, 0, 0, 0, 0, 0, 0, 0, 0, 0, 0, 0, 0, 0, 0, 0, 0, 0, 0]
T = [146000, 272200, 181200, 65800, 315700, 145400, 104500, 42600, 97100, 254200, 146400, 262800, 74000, 68500, 38300, 51400, 590100, 327000, 152200, 91900, 1021000, 224600, 117900, 144500, 210100, 71200, 501000, 45000, 90800, 86000]
T2 = [1292000, 4223500, 1688800, 1705000, 1977600, 1504100, 2879500, 1395800, 1451400, 1957800, 1937000, 1425900, 2995500, 1921600, 2219000, 2736400, 2029700, 1910200, 2007600, 1605400, 3184700, 1868700, 1762300, 1885900, 1722300, 2293800, 1474900, 1148300, 1444200, 1286300]

id 31
F = [71, 2, 69, 61, 65, 5, 185, 148, 58, 122, 148, 6, 15, 95, 23, 26, 217, 94, 19, 13, 60, 67, 41, 40, 2, 86, 12, 7, 68, 34]
F2 = [0, 0, 0, 0, 0, 0, 0, 0, 0, 0, 0, 0, 0, 0, 0, 0, 0, 0, 0, 0, 0, 0, 0, 0, 0, 0, 0, 0, 0, 0]
T = [230600, 18000, 149200, 130900, 130400, 23200, 431300, 415400, 131800, 248300, 350800, 20200, 56000, 144200, 68300, 66200, 633500, 158900, 42300, 27700, 96200, 238600, 91300, 87500, 18500, 215100, 47600, 24300, 136000, 52400]
T2 = [1543700, 1840600, 1788900, 1460300, 1529400, 1649000, 2114900, 2411300, 1478700, 4751600, 1222300, 1149600, 3227400, 1118900, 2038400, 2621200, 2313200, 1753700, 1192600, 1247900, 2093100, 1836700, 1290500, 1673600, 1674000, 1514900, 1431100, 2319000, 1301800, 1301200]

id 32
F = [44, 34, 51, 153, 18, 7, 28, 11, 174, 15, 100, 47, 28, 9, 37, 58, 36, 125, 32, 54, 61, 3, 19, 18, 15, 77, 79, 14, 12, 30]
F2 = [0, 0, 0, 0, 0, 0, 0, 0, 0, 0, 0, 0, 0, 0, 0, 0, 0, 0, 0, 0, 0, 0, 0, 0, 0, 0, 0, 0, 0, 0]
T = [188700, 70800, 98000, 312400, 60400, 26300, 148300, 30200, 311700, 33500, 186800, 99500, 48900, 31600, 62600, 91400, 131800, 239400, 68300, 110300, 135100, 17900, 68800, 44700, 31100, 107500, 175900, 74700, 40300, 52200]
T2 = [1726600, 1472800, 1543900, 1731700, 1594100, 1582900, 1701600, 1293100, 1257800, 1341400, 1577500, 1157100, 1482300, 1682600, 1142300, 1214300, 1573200, 1478700, 1634500, 1216200, 1159000, 1395100, 1691300, 1247500, 1242600, 1202400, 1344800, 1456600, 1531600, 1255400]

id 33
F = [24, 8, 84, 29, 193, 29, 16, 98, 2, 5, 115, 101, 45, 77, 28, 139, 16, 228, 16, 65, 26, 42, 17, 69, 37, 69, 69, 49, 67, 15]
F2 = [0, 0, 0, 0, 0, 0, 0, 0, 0, 0, 0, 0, 0, 0, 0, 0, 0, 0, 0, 0, 0, 0, 0, 0, 0, 0, 0, 0, 0, 0]
T = [183200, 36300, 207300, 71700, 279200, 60700, 79500, 352300, 20000, 32800, 181200, 165100, 73900, 176300, 69500, 251400, 40600, 457100, 46200, 147700, 69200, 108800, 42600, 134600, 94900, 178500, 130000, 125800, 158000, 34400]
T2 = [1522300, 1866900, 1439100, 1268100, 1193400, 1890200, 1809900, 1304700, 1073000, 1444500, 1216600, 1096200, 1132400, 2127200, 1411400, 1118600, 1147900, 1230200, 1409200, 1605200, 1452800, 1327700, 1208000, 1097500, 1524700, 1415500, 1565100, 1562800, 1076800, 1085000]

id 34
F = [9, 29, 93, 1, 58, 224, 24, 51, 23, 44, 1, 42, 84, 102, 36, 104, 15, 2, 72, 4, 51, 31, 113, 301, 47, 11, 45, 93, 4, 26]
F2 = [0, 0, 0, 0, 0, 0, 0, 0, 0, 0, 0, 0, 0, 0, 0, 0, 0, 0, 0, 0, 0, 0, 0, 0, 0, 0, 0, 0, 0, 0]
T = [44800, 80500, 220400, 18700, 92700, 388400, 73900, 113800, 61400, 95400, 13200, 1384000, 131000, 196100, 68500, 143300, 38200, 25300, 152500, 14700, 70700, 98200, 215800, 628200, 108100, 26000, 70200, 209100, 22700, 47800]
T2 = [1711200, 1451700, 1303300, 1427100, 1030400, 1392300, 1080400, 1306200, 1386200, 1160800, 1885800, 1470100, 2154200, 1051200, 1124500, 1066200, 1335400, 1140800, 1116400, 1069300, 8040300, 1495900, 1091600, 1501300, 1139000, 1039500, 1538200, 1297100, 1185600, 1384900]

id 35
F = [265, 37, 29, 27, 14, 22, 1, 25, 70, 67, 63, 34, 12, 5, 39, 135, 49, 26, 2, 99, 132, 90, 167, 7, 5, 30, 197, 107, 26, 166]
F2 = [0, 0, 0, 0, 0, 0, 0, 0, 0, 0, 0, 0, 0, 0, 0, 0, 0, 0, 0, 0, 0, 0, 0, 0, 0, 0, 0, 0, 0, 0]
T = [511100, 89500, 73700, 61200, 43100, 40400, 9700, 51100, 100700, 160200, 135300, 72500, 33000, 22200, 82300, 169500, 70800, 41200, 18500, 148500, 211900, 159500, 327500, 36800, 19300, 63000, 306300, 201200, 61800, 213500]
T2 = [1035400, 1234700, 1261400, 1270500, 1150900, 1042400, 1056300, 1224200, 1313600, 1257600, 1221000, 1238100, 1244600, 1297700, 1082500, 1025200, 1031400, 1040000, 1040100, 2174400, 1065500, 1056600, 1025300, 1049300, 1150300, 1062700, 1048700, 1027900, 1123600, 1044100]

id 36
F = [13, 81, 84, 7, 93, 22, 100, 130, 23, 61, 101, 73, 21, 6, 31, 85, 1, 112, 29, 36, 103, 6, 5, 30, 187, 392, 57, 300, 47, 179]
F2 = [0, 0, 0, 0, 0, 0, 0, 0, 0, 0, 0, 0, 0, 0, 0, 0, 0, 0, 0, 0, 0, 0, 0, 0, 0, 0, 0, 0, 0, 0]
T = [33200, 114500, 170700, 38000, 194500, 51600, 156500, 288700, 81100, 112600, 134600, 166000, 62400, 26000, 49600, 111900, 11900, 273900, 54800, 54700, 159500, 27100, 17600, 48600, 271900, 525000, 80800, 366200, 88500, 225900]
T2 = [1034200, 1076000, 1972300, 1282000, 1471300, 1036600, 1992500, 1595800, 1126400, 1154700, 1042900, 1033200, 1058700, 1076600, 1068600, 1040800, 1070800, 1409000, 1059200, 1107400, 1188400, 1212000, 1059200, 1039200, 1025300, 1027600, 1038100, 1229900, 1156300, 1435400]

id 37
F = [88, 167, 4, 159, 50, 159, 22, 69, 24, 32, 186, 55, 21, 73, 6, 67, 58, 33, 112, 21, 27, 19, 95, 26, 247, 9, 7, 157, 9, 168]
F2 = [0, 0, 0, 0, 0, 0, 0, 0, 0, 0, 0, 0, 0, 0, 0, 0, 0, 0, 0, 0, 0, 0, 0, 0, 0, 0, 0, 0, 0, 0]
T = [224800, 351100, 32000, 223500, 118700, 310500, 70600, 187900, 70400, 91900, 295800, 108900, 40500, 102700, 17400, 159000, 93000, 70800, 174500, 55000, 51700, 114700, 138300, 88300, 317900, 39300, 42600, 268200, 29600, 498000]
T2 = [1559300, 1327800, 1428400, 1190300, 1334400, 1269900, 1232700, 1399200, 1285900, 1775300, 1031800, 1038100, 1059200, 1022300, 1043300, 1029600, 1041800, 1257500, 1081200, 1734000, 1102200, 1620400, 1044700, 1120800, 1417200, 1441000, 1084200, 1024000, 1088200, 1585200]

id 38
F = [4, 10, 35, 138, 13, 106, 92, 20, 76, 87, 69, 51, 39, 104, 27, 165, 11, 18, 1, 19, 97, 72, 31, 51, 41, 4, 63, 154, 25, 43]
F2 = [0, 0, 0, 0, 0, 0, 0, 0, 0, 0, 0, 0, 0, 0, 0, 0, 0, 0, 0, 0, 0, 0, 0, 0, 0, 0, 0, 0, 0, 0]
T = [20900, 22200, 80900, 185400, 48500, 256300, 123300, 33700, 143000, 121200, 182800, 262200, 65100, 154200, 45300, 257800, 24000, 34600, 25100, 45900, 265400, 324200, 129700, 192700, 78600, 15500, 148600, 301800, 63700, 102400]
T2 = [1457700, 1127400, 1062400, 1161400, 1350900, 1105300, 1030200, 1210500, 1040000, 1051400, 1616400, 1607100, 1039900, 1021700, 1038400, 1023500, 1048200, 1072900, 1050400, 1120000, 1650700, 3940700, 2340300, 2062300, 1085400, 1086800, 1165900, 1234900, 1290600, 1303800]

id 39
F = [38, 4, 66, 141, 35, 34, 35, 23, 60, 18, 23, 15, 18, 71, 32, 106, 181, 106, 109, 29, 7, 43, 49, 101, 26, 3, 43, 98, 27, 73]
F2 = [0, 0, 0, 0, 0, 0, 0, 0, 0, 0, 0, 0, 0, 0, 0, 0, 0, 0, 0, 0, 0, 0, 0, 0, 0, 0, 0, 0, 0, 0]
T = [149600, 32900, 92600, 234700, 97800, 74800, 69900, 109200, 177300, 50300, 40100, 35700, 62300, 118100, 53200, 147700, 230400, 148600, 142500, 46700, 25300, 62700, 93000, 274300, 188800, 14700, 61700, 848000, 53300, 140000]
T2 = [1372300, 1085900, 1128000, 1053800, 1055500, 1053300, 1050900, 2106700, 1316100, 1039200, 1039400, 1136500, 1144100, 1052800, 1047300, 1022200, 1015000, 2223300, 1130700, 1202400, 1163600, 1293400, 1219300, 2788800, 1946600, 1165800, 1444500, 1245500, 1274300, 1149000]

id 40
F = [44, 11, 10, 3, 11, 44, 65, 16, 71, 39, 168, 196, 2, 202, 27, 11, 55, 4, 144, 140, 161, 90, 3, 85, 4, 13, 17, 37, 128, 23]
F2 = [0, 0, 0, 0, 0, 0, 0, 0, 0, 0, 0, 0, 0, 0, 0, 0, 0, 0, 0, 0, 0, 0, 0, 0, 0, 0, 0, 0, 0, 0]
T = [158900, 166500, 33500, 23300, 47100, 124300, 160000, 63000, 169400, 95500, 268300, 450700, 11300, 247200, 40900, 198500, 79000, 17700, 276400, 257700, 344600, 113800, 88800, 169800, 23300, 29800, 41100, 83600, 526200, 82500]
T2 = [1773200, 3081000, 2163700, 2932700, 2390000, 2012800, 1696700, 1693100, 1452500, 1361200, 1526700, 1257200, 1153000, 1108600, 1267200, 3029600, 1781000, 1402200, 1386800, 1449800, 1273600, 1319000, 1643400, 1185800, 1163200, 1407800, 1164200, 1824100, 1812600, 1303000]

id 41
F = [57, 50, 110, 72, 44, 121, 160, 37, 7, 20, 63, 9, 26, 20, 35, 150, 129, 54, 67, 21, 103, 13, 50, 60, 64, 211, 31, 36, 17, 240]
F2 = [0, 0, 0, 0, 0, 0, 0, 0, 0, 0, 0, 0, 0, 0, 0, 0, 0, 0, 0, 0, 0, 0, 0, 0, 0, 0, 0, 0, 0, 0]
T = [227600, 112900, 232200, 166000, 152600, 185900, 384200, 81900, 45000, 58100, 174900, 30600, 93800, 61200, 109200, 341400, 338100, 84300, 98700, 58600, 226400, 49800, 78800, 97000, 91600, 360300, 58600, 73900, 52200, 483200]
T2 = [1615800, 1561400, 2229800, 1651600, 1410200, 1191900, 1475400, 3526400, 1761900, 1870100, 1661100, 1686100, 2037600, 2183200, 2486000, 2347100, 1781500, 1198800, 1499000, 1535600, 1519200, 1405400, 1208600, 1195200, 1203800, 1182800, 1485200, 1240100, 1827900, 2546900]

id 42
F = [51, 73, 11, 67, 124, 27, 49, 111, 6, 178, 13, 4, 1, 83, 54, 10, 4, 75, 45, 48, 54, 48, 195, 23, 9, 8, 5, 70, 84, 5]
F2 = [0, 0, 0, 0, 0, 0, 0, 0, 0, 0, 0, 0, 0, 0, 0, 0, 0, 0, 0, 0, 0, 0, 0, 0, 0, 0, 0, 0, 0, 0]
T = [95600, 146000, 35200, 144500, 201600, 72100, 95000, 155300, 29000, 372300, 26400, 25300, 15500, 124000, 157500, 27300, 28200, 121600, 77000, 79300, 87400, 80500, 435100, 60700, 32800, 34800, 32200, 162700, 149300, 22600]
T2 = [1261200, 1241800, 1453100, 1510200, 1402600, 2356000, 1221400, 1249500, 2395500, 1188600, 1211900, 1488400, 1763800, 1892500, 1387500, 1407600, 1556600, 1202900, 1198300, 1201700, 1546300, 1248400, 1606100, 1581500, 1621600, 1802200, 1590400, 2496000, 1204700, 1201900]

id 43
F = [57, 56, 3, 103, 136, 73, 200, 30, 109, 67, 8, 6, 22, 14, 138, 91, 25, 138, 127, 37, 46, 115, 3, 20, 56, 66, 115, 52, 6, 4]
F2 = [0, 0, 0, 0, 0, 0, 0, 0, 0, 0, 0, 0, 0, 0, 0, 0, 0, 0, 0, 0, 0, 0, 0, 0, 0, 0, 0, 0, 0, 0]
T = [215900, 103700, 18800, 300500, 384300, 172400, 659200, 143300, 245300, 127500, 22700, 19000, 61900, 34500, 254700, 348800, 51300, 202100, 351300, 69700, 77100, 189300, 18700, 37200, 99100, 108000, 240600, 87500, 28300, 19200]
T2 = [1614900, 1566100, 1830300, 1760300, 1930400, 1899500, 1925700, 1949800, 1421600, 1235700, 1210100, 1366300, 1225400, 1224600, 1197100, 2491000, 1242700, 1285500, 1240400, 1246100, 1210700, 1396400, 1246800, 1302300, 1339900, 1208900, 1246500, 1211800, 1223300, 1337900]

id 44
F = [31, 219, 19, 37, 290, 26, 19, 9, 76, 142, 136, 205, 7, 8, 91, 10, 9, 160, 118, 56, 33, 21, 15, 1, 18, 25, 141, 71, 90, 1]
F2 = [0, 0, 0, 0, 0, 0, 0, 0, 0, 0, 0, 0, 0, 0, 0, 0, 0, 0, 0, 0, 0, 0, 0, 0, 0, 0, 0, 0, 0, 0]
T = [62600, 331000, 63300, 106900, 859300, 93800, 113100, 36400, 165500, 319300, 321600, 416500, 25900, 44400, 133800, 31600, 24500, 282300, 169100, 196600, 118000, 79000, 41300, 12300, 41400, 58200, 205500, 204900, 489300, 23600]
T2 = [1209500, 1314100, 2255100, 2066400, 2078700, 2339400, 1923700, 1969200, 1704200, 1971700, 1533600, 1918300, 1509700, 1542100, 1215600, 1209300, 1290000, 1205500, 1846800, 3013600, 2983800, 2094900, 1404900, 1637000, 1208700, 1358800, 1194100, 1257500, 2707500, 1275200]

id 45
F = [33, 25, 35, 18, 23, 16, 48, 23, 23, 147, 13, 10, 9, 174, 62, 176, 81, 39, 108, 44, 185, 13, 164, 27, 13, 38, 50, 51, 72, 27]
F2 = [0, 0, 0, 0, 0, 0, 0, 0, 0, 0, 0, 0, 0, 0, 0, 0, 0, 0, 0, 0, 0, 0, 0, 0, 0, 0, 0, 0, 0, 0]
T = [62200, 49600, 77000, 84600, 84400, 114700, 97100, 50600, 52000, 224700, 78400, 37000, 33700, 927000, 212500, 279900, 139500, 182800, 195200, 82000, 796000, 76100, 877900, 227900, 72100, 243300, 255300, 239500, 320100, 122700]
T2 = [1207600, 1236000, 1269600, 2999500, 3023200, 1695500, 1200100, 1211400, 1205400, 1286100, 2075100, 1380000, 3449300, 2986100, 2734800, 1194300, 1468200, 1753700, 1494100, 1521100, 4000800, 3961600, 4093600, 4012400, 4007700, 4092000, 4607300, 3962200, 3950900, 5218400]

id 46
F = [43, 18, 65, 9, 50, 9, 31, 105, 8, 68, 49, 35, 28, 91, 3, 195, 153, 73, 129, 42, 72, 77, 76, 46, 138, 56, 66, 167, 37, 57]
F2 = [0, 0, 0, 0, 0, 0, 0, 0, 0, 0, 0, 0, 0, 0, 0, 0, 0, 0, 0, 0, 0, 0, 0, 0, 0, 0, 0, 0, 0, 0]
T = [414200, 99400, 306200, 78600, 191100, 59300, 146400, 432300, 45900, 269300, 174400, 128100, 175900, 368200, 44800, 1201400, 507500, 255800, 485000, 147300, 252500, 269600, 263100, 164300, 466100, 201600, 234100, 569400, 263700, 377800]
T2 = [3502600, 3678500, 3069600, 2924900, 2798500, 2946300, 2860300, 3670300, 2932900, 2979800, 3368400, 3213900, 3774500, 3072300, 2881800, 2827500, 2820900, 3023300, 2786100, 2864200, 2763500, 2801200, 2838400, 2852600, 2879400, 2780300, 2767300, 3470200, 3027200, 3252800]

id 47
F = [24, 66, 63, 13, 146, 54, 10, 22, 45, 36, 33, 16, 69, 37, 105, 50, 31, 29, 48, 48, 121, 26, 157, 58, 24, 13, 19, 134, 22, 7]
F2 = [0, 0, 0, 0, 0, 0, 0, 0, 0, 0, 0, 0, 0, 0, 0, 0, 0, 0, 0, 0, 0, 0, 0, 0, 0, 0, 0, 0, 0, 0]
T = [111700, 390200, 219300, 59000, 853900, 206400, 87700, 93400, 175100, 133300, 121200, 76800, 388900, 147500, 374400, 187000, 126700, 134200, 242800, 231900, 524800, 133000, 904100, 288900, 199600, 163300, 102600, 717500, 106700, 41600]
T2 = [2871900, 3259300, 2953800, 2799700, 2751500, 3193100, 2834200, 2792000, 3037800, 2783000, 2800900, 2914700, 3769500, 2820600, 3056900, 2792000, 3084600, 5687000, 3567400, 3487200, 3650000, 3576000, 3802700, 2790400, 4005100, 3863200, 3884900, 4148000, 3437700, 3454600]

id 48
F = [65, 4, 191, 31, 48, 11, 11, 94, 90, 168, 3, 31, 31, 19, 9, 205, 7, 27, 71, 19, 22, 124, 6, 100, 29, 166, 26, 48, 4, 24]
F2 = [0, 0, 0, 0, 0, 0, 0, 0, 0, 0, 0, 0, 0, 0, 0, 0, 0, 0, 0, 0, 0, 0, 0, 0, 0, 0, 0, 0, 0, 0]
T = [429800, 44600, 803200, 135700, 225800, 81000, 134100, 361800, 558100, 888400, 47000, 170500, 209500, 126300, 65600, 2157800, 44700, 170300, 325000, 91400, 106000, 587800, 90500, 564000, 173900, 719300, 174000, 255000, 41100, 126600]
T2 = [3923100, 4114300, 3360500, 3454900, 3561100, 4641500, 4953700, 3251600, 6779900, 2966700, 3150900, 3602900, 3578000, 4106000, 3573300, 4374900, 3450600, 3580100, 3426700, 3589700, 3509200, 4073900, 5082400, 4124500, 3646500, 3498400, 17163700, 3648700, 3603400, 3443400]

id 49
F = [3, 15, 112, 116, 28, 66, 48, 56, 259, 82, 19, 26, 57, 38, 27, 24, 18, 11, 52, 83, 23, 1, 29, 167, 50, 331, 112, 55, 5, 99]
F2 = [0, 0, 0, 0, 0, 0, 0, 0, 0, 0, 0, 0, 0, 0, 0, 0, 0, 0, 0, 0, 0, 0, 0, 0, 0, 0, 0, 0, 0, 0]
T = [35100, 108500, 531300, 560700, 100900, 280500, 142800, 128100, 478100, 159600, 78000, 94000, 282800, 136000, 95100, 102700, 71000, 52200, 190100, 298400, 84600, 11500, 116800, 356500, 434700, 2793600, 400400, 190900, 47800, 330800]
T2 = [3461900, 3814100, 3190900, 2680700, 2215900, 2633200, 1441200, 1266300, 1365700, 2552600, 2648600, 2709000, 2838000, 2615100, 2832900, 2723300, 2632400, 2819300, 2640200, 2306800, 1334600, 1406100, 1323800, 3009700, 3930600, 2835700, 2623100, 2725700, 2663000, 2615600]

