rpt id 48
F = [2, 4, 4, 51, 38, 10, 55, 11, 16, 72, 16, 93, 16, 124, 51, 44, 18, 20, 90, 30, 2, 60, 4, 112, 76, 51, 18, 12, 10, 49]
F2 = [0, 0, 0, 0, 0, 0, 0, 0, 0, 0, 0, 0, 0, 0, 0, 0, 0, 0, 0, 0, 0, 0, 0, 0, 0, 0, 0, 0, 0, 0]
T = [36100, 60800, 33900, 251800, 189400, 61000, 246900, 66500, 126100, 313500, 83800, 398100, 83300, 667300, 242500, 221200, 92200, 105000, 378700, 144700, 25600, 339400, 28200, 489700, 421700, 232500, 132300, 63400, 60200, 227400]
T2 = [3575400, 3244600, 3452800, 3664400, 3512600, 3325200, 3408900, 3869300, 3693500, 3839600, 3480600, 3299900, 3293700, 3547900, 3326000, 3202600, 3229300, 3179000, 3074500, 3002900, 3039400, 3139900, 3130300, 3488900, 3141500, 3195200, 3129600, 3061100, 3172800, 2964600]

drt id 34
F = [86, 17, 20, 50, 28, 2, 19, 27, 52, 65, 13, 4, 55, 36, 39, 13, 27, 5, 42, 8, 20, 18, 5, 24, 1, 89, 42, 11, 9, 5]
F2 = [0, 0, 0, 0, 0, 0, 0, 0, 0, 0, 0, 0, 0, 0, 0, 0, 0, 0, 0, 0, 0, 0, 0, 0, 0, 0, 0, 0, 0, 0]
T = [215400, 77600, 76600, 205200, 117700, 21200, 81000, 96800, 175200, 229200, 70800, 31700, 197900, 100300, 135900, 60200, 116100, 31300, 134300, 34300, 74700, 64900, 34300, 64100, 14300, 191500, 230900, 79500, 43900, 35000]
T2 = [2359700, 2109100, 3163500, 2020600, 4994700, 6873600, 4339500, 2497300, 6510500, 3218200, 1717000, 1725700, 2988600, 1563500, 3267500, 2246700, 3123100, 2770400, 2013300, 2056900, 1576800, 1442100, 1728200, 1490300, 1408300, 1408300, 2785900, 2286400, 2472900, 2416600]

mapt id 19
F = [33, 5, 36, 34, 16, 42, 14, 9, 121, 33, 92, 26, 7, 35, 6, 1, 4, 5, 33, 20, 12, 7, 7, 12, 22, 17, 7, 73, 2, 4]
F2 = [0, 0, 0, 0, 0, 0, 0, 0, 0, 0, 0, 0, 0, 0, 0, 0, 0, 0, 0, 0, 0, 0, 0, 0, 0, 0, 0, 0, 0, 0]
T = [248600, 42100, 93000, 90400, 60300, 113900, 43500, 60600, 296700, 213300, 264600, 85600, 35500, 97200, 42300, 17400, 31700, 64100, 161100, 90000, 58900, 87400, 59700, 90300, 179300, 85500, 43300, 183100, 12400, 14600]
T2 = [5313200, 1587900, 1422500, 1383200, 1425500, 1525100, 1464200, 1783500, 1593800, 1769100, 1657300, 1640600, 1644000, 2202400, 3660900, 3625700, 3491700, 3622700, 2596400, 2503900, 5017400, 3636300, 4472200, 4331500, 3976700, 3264900, 3279600, 1417400, 1332500, 1335300]

rapt id 24
F = [14, 7, 26, 25, 17, 71, 62, 37, 12, 26, 4, 5, 2, 9, 13, 67, 35, 1, 23, 3, 10, 25, 50, 11, 8, 13, 28, 3, 18, 2]
F2 = [0, 0, 0, 0, 0, 0, 0, 0, 0, 0, 0, 0, 0, 0, 0, 0, 0, 0, 0, 0, 0, 0, 0, 0, 0, 0, 0, 0, 0, 0]
T = [64300, 54300, 92400, 93800, 58400, 241700, 269500, 107800, 54600, 116600, 35100, 38500, 17800, 38000, 144000, 281000, 121500, 14700, 83300, 26300, 42900, 89500, 184500, 51600, 63100, 63900, 130200, 22600, 109100, 43800]
T2 = [1950200, 3395800, 1886600, 1769700, 1918900, 2628900, 1951700, 2641100, 2149500, 3986800, 3062500, 2615600, 8045300, 2874400, 4400700, 3024400, 5266900, 2193500, 2194600, 2550300, 1934500, 2395500, 1760300, 2038100, 2397700, 4049100, 2304900, 2708800, 2527200, 3594600]

rlaptq id 42
F = [11, 7, 46, 14, 19, 49, 1, 1, 19, 31, 2, 3, 10, 8, 16, 28, 10, 2, 24, 2, 47, 32, 33, 9, 5, 22, 3, 19, 35, 17]
F2 = [0, 0, 0, 0, 0, 0, 0, 0, 0, 0, 0, 0, 0, 0, 0, 0, 0, 0, 0, 0, 0, 0, 0, 0, 0, 0, 0, 0, 0, 0]
T = [73200, 51100, 205300, 95000, 84500, 131600, 15700, 35000, 69700, 145800, 24900, 26800, 45900, 37100, 72900, 113600, 81300, 28200, 108500, 26100, 194300, 137000, 81700, 37300, 33800, 50700, 18500, 35600, 71500, 88200]
T2 = [2688800, 2749800, 2742000, 2793900, 2534200, 1621500, 1862100, 1721800, 1516900, 2791600, 2664500, 2699700, 2670500, 2666800, 2694000, 2790000, 3184200, 3683100, 3532700, 3585600, 4017300, 1927400, 1176000, 1476700, 1229100, 1160500, 1131000, 1116300, 2044000, 2766600]

rlapts id 24
F = [22, 21, 2, 25, 29, 3, 31, 1, 11, 17, 16, 31, 9, 18, 7, 7, 18, 21, 6, 18, 29, 21, 4, 8, 4, 27, 11, 3, 34, 19]
F2 = [0, 0, 0, 0, 0, 0, 0, 0, 0, 0, 0, 0, 0, 0, 0, 0, 0, 0, 0, 0, 0, 0, 0, 0, 0, 0, 0, 0, 0, 0]
T = [115700, 120600, 36100, 112300, 154100, 23900, 127100, 22000, 76000, 95000, 87100, 142000, 56200, 88800, 35300, 45100, 88800, 105700, 36900, 115300, 138400, 90200, 28100, 60100, 25900, 129100, 66400, 26000, 159600, 83600]
T2 = [3024700, 2838800, 3026700, 3131000, 2959600, 2882000, 2975900, 2923700, 2956500, 2882500, 2906200, 2900700, 2866700, 2858100, 2832700, 2907300, 3104000, 2957300, 2840500, 2934500, 2836600, 2875500, 3191100, 2858800, 2886500, 2974800, 2875500, 2906900, 2852300, 2824100]
