id 0
F = [35, 4, 8, 3, 5, 7, 32, 6, 32, 19, 1, 8, 46, 1, 7, 11, 59, 8, 27, 9, 10, 34, 14, 6, 87, 35, 6, 26, 5, 11]
F2 = [0, 0, 0, 0, 0, 0, 0, 0, 0, 0, 0, 0, 0, 0, 0, 0, 0, 0, 0, 0, 0, 0, 0, 0, 0, 0, 0, 0, 0, 0]
T = [12417400, 409600, 539500, 273100, 925900, 558700, 2561200, 578800, 2232200, 1119100, 225400, 1798700, 2449700, 157900, 390600, 668800, 12118900, 244900, 669500, 492600, 427800, 536500, 363200, 183000, 1407300, 779000, 160700, 1228400, 117700, 171600]
T2 = [7668000, 4586900, 3103400, 3515200, 3680200, 5219300, 3630500, 4125100, 5233300, 2378300, 3311700, 3342500, 3288900, 3298600, 5108400, 2938800, 13511000, 3588400, 3227300, 3154700, 2958400, 2544000, 2470800, 2782700, 2463600, 2448900, 2563400, 3287200, 4626100, 2872700]

id 1
F = [15, 4, 5, 15, 10, 30, 20, 43, 32, 38, 1, 1, 25, 32, 17, 39, 47, 16, 19, 39, 6, 24, 25, 12, 5, 11, 5, 33, 30, 2]
F2 = [0, 0, 0, 0, 0, 0, 0, 0, 0, 0, 0, 0, 0, 0, 0, 0, 0, 0, 0, 0, 0, 0, 0, 0, 0, 0, 0, 0, 0, 0]
T = [1022500, 80600, 90000, 221900, 226900, 293800, 180300, 492300, 385800, 707300, 48100, 52300, 215100, 417600, 331400, 924400, 598000, 297300, 238200, 532600, 147100, 373000, 548800, 167900, 147700, 209300, 150800, 479100, 509500, 68000]
T2 = [2611700, 1968200, 2153600, 1715100, 1858100, 1507100, 2582300, 1845700, 2240500, 1832500, 2017100, 1658300, 1797600, 1715400, 1899900, 1982800, 1734700, 2193800, 1767000, 2254800, 1983400, 2537200, 2372200, 3212100, 2878500, 2183900, 3658100, 1858600, 2600200, 2062300]

id 2
F = [17, 20, 3, 42, 45, 34, 3, 21, 8, 15, 12, 23, 33, 17, 7, 24, 9, 1, 22, 84, 8, 4, 49, 14, 5, 16, 4, 4, 46, 39]
F2 = [0, 0, 0, 0, 0, 0, 0, 0, 0, 0, 0, 0, 0, 0, 0, 0, 0, 0, 0, 0, 0, 0, 0, 0, 0, 0, 0, 0, 0, 0]
T = [564700, 367200, 75000, 515700, 535200, 364000, 67800, 284400, 197600, 211300, 197000, 3428600, 671300, 188500, 103800, 223200, 145100, 58300, 242200, 1049100, 130000, 95500, 672700, 202600, 135800, 255100, 129800, 107800, 401200, 565100]
T2 = [5663600, 4120000, 2817300, 2636100, 2972700, 2679200, 2213200, 3738900, 2920600, 2192600, 5800700, 3081300, 2820700, 2355700, 3047300, 3393800, 4405200, 3579600, 7856800, 4611700, 6522100, 3218000, 11956800, 2769600, 4655200, 4067200, 2479400, 2837600, 2353700, 2574800]

id 3
F = [34, 13, 4, 49, 2, 13, 5, 7, 8, 11, 1, 43, 41, 11, 6, 41, 47, 6, 27, 14, 13, 2, 4, 47, 4, 18, 22, 1, 7, 36]
F2 = [0, 0, 0, 0, 0, 0, 0, 0, 0, 0, 0, 0, 0, 0, 0, 0, 0, 0, 0, 0, 0, 0, 0, 0, 0, 0, 0, 0, 0, 0]
T = [845700, 127400, 109700, 504900, 94100, 135100, 388100, 92900, 216600, 120800, 47700, 3684200, 236300, 124500, 83500, 300200, 541000, 74800, 244100, 141200, 146500, 119300, 78200, 333000, 69700, 162000, 217300, 39600, 95600, 282400]
T2 = [2650500, 3473400, 2465900, 2812500, 2946100, 2952700, 3036000, 2291300, 4606800, 1941700, 1896100, 2353700, 1928800, 2770800, 3138400, 3495800, 2560700, 1742400, 2158000, 2308100, 2351700, 2230300, 1846600, 1489300, 2170000, 2556900, 2623700, 2639500, 2136100, 3101600]

id 4
F = [62, 7, 62, 26, 17, 16, 7, 24, 6, 8, 1, 24, 4, 11, 25, 14, 16, 59, 14, 7, 10, 7, 11, 2, 14, 23, 25, 3, 25, 19]
F2 = [0, 0, 0, 0, 0, 0, 0, 0, 0, 0, 0, 0, 0, 0, 0, 0, 0, 0, 0, 0, 0, 0, 0, 0, 0, 0, 0, 0, 0, 0]
T = [766600, 1357800, 451800, 308000, 184400, 155400, 119700, 274500, 82700, 3450700, 82300, 271400, 63200, 127400, 1092800, 249500, 138500, 13478000, 133200, 75900, 98100, 131800, 194800, 77900, 129700, 224700, 884100, 114400, 177600, 941700]
T2 = [3524400, 10123200, 18900400, 3475600, 4539800, 7056400, 5559200, 3817500, 3401300, 3411000, 3025300, 66651700, 12362200, 2304000, 19626000, 3785900, 5297500, 28868200, 5941100, 2055200, 3278800, 2858100, 2481900, 2858000, 3383100, 11902200, 4556500, 2112100, 2643300, 3753200]

id 5
F = [48, 24, 9, 5, 14, 14, 4, 13, 38, 1, 20, 10, 111, 33, 30, 10, 65, 22, 11, 46, 10, 44, 13, 26, 2, 61, 4, 27, 30, 16]
F2 = [0, 0, 0, 0, 0, 0, 0, 0, 0, 0, 0, 0, 0, 0, 0, 0, 0, 0, 0, 0, 0, 0, 0, 0, 0, 0, 0, 0, 0, 0]
T = [2075400, 1833000, 146900, 67400, 125000, 154600, 51500, 184200, 281200, 93300, 190200, 83700, 2961400, 190300, 184900, 81600, 486200, 8515800, 135600, 545700, 98300, 11566500, 241600, 425600, 66700, 4499400, 67700, 332600, 993300, 139700]
T2 = [5975600, 8705900, 3514100, 5234900, 6330400, 19392400, 15456800, 3173200, 3658000, 3505800, 2748000, 2313200, 3385100, 3988500, 2112300, 2024700, 2149900, 3188100, 2430300, 2171400, 9211400, 16426500, 4209700, 2538600, 2614300, 3294300, 2788100, 4359500, 2111400, 1860500]

id 6
F = [5, 10, 15, 31, 45, 27, 5, 10, 2, 11, 5, 2, 9, 65, 30, 43, 10, 32, 17, 15, 2, 6, 44, 5, 37, 10, 7, 28, 59, 59]
F2 = [0, 0, 0, 0, 0, 0, 0, 0, 0, 0, 0, 0, 0, 0, 0, 0, 0, 0, 0, 0, 0, 0, 0, 0, 0, 0, 0, 0, 0, 0]
T = [90600, 95300, 416800, 219300, 327400, 136100, 45500, 66300, 39500, 83600, 76100, 33000, 57400, 251000, 144800, 164400, 65000, 130000, 100900, 85600, 33800, 52200, 219900, 70700, 148900, 58900, 60000, 122500, 204700, 209400]
T2 = [3954800, 3082900, 3956400, 1985100, 2355400, 1554500, 1577800, 3820500, 1971000, 3019100, 2017700, 1766000, 2444000, 1714800, 2394500, 3247700, 1650600, 3073700, 1669100, 2435100, 2154800, 1908700, 3171600, 2087500, 1662500, 1534000, 1386800, 1373500, 1370500, 1692800]

id 7
F = [14, 19, 7, 41, 2, 13, 10, 70, 14, 22, 2, 15, 15, 67, 8, 30, 7, 46, 6, 10, 23, 11, 17, 18, 8, 7, 6, 27, 30, 15]
F2 = [0, 0, 0, 0, 0, 0, 0, 0, 0, 0, 0, 0, 0, 0, 0, 0, 0, 0, 0, 0, 0, 0, 0, 0, 0, 0, 0, 0, 0, 0]
T = [286200, 158600, 47700, 183400, 44500, 87400, 75100, 330300, 148300, 114800, 72200, 108400, 102200, 327500, 66300, 230400, 81400, 1072400, 56000, 69800, 114900, 76600, 115100, 117400, 102600, 63100, 341400, 162300, 175100, 135800]
T2 = [2504200, 2237800, 2613600, 1814600, 9851300, 2140100, 3159300, 2196800, 1742000, 2482800, 2225700, 2186400, 2105700, 2466400, 2712600, 2240700, 2398600, 2909100, 1862000, 2137500, 1861400, 2386800, 3845500, 2305100, 1795400, 2208800, 2584000, 3919400, 2417400, 2381700]

id 8
F = [27, 2, 8, 42, 23, 54, 34, 2, 18, 36, 6, 7, 6, 32, 1, 11, 25, 50, 11, 77, 42, 34, 23, 19, 12, 2, 6, 16, 102, 39]
F2 = [0, 0, 0, 0, 0, 0, 0, 0, 0, 0, 0, 0, 0, 0, 0, 0, 0, 0, 0, 0, 0, 0, 0, 0, 0, 0, 0, 0, 0, 0]
T = [364800, 64800, 55800, 209700, 150300, 176900, 361800, 62200, 117500, 319300, 90800, 85700, 44700, 260500, 42400, 96400, 450600, 277300, 61000, 340500, 213100, 198200, 265500, 105500, 75100, 46800, 51100, 90500, 1331000, 252500]
T2 = [2676600, 2704500, 2285100, 2440300, 1477500, 1910400, 2931600, 2332700, 2574700, 3023900, 2118100, 2960500, 2303200, 2936200, 2345100, 2150500, 1891400, 2332200, 1462800, 2448500, 3797000, 3870400, 2346400, 2715500, 2469500, 2137400, 1506100, 1673300, 2841800, 1647200]

id 9
F = [6, 31, 30, 16, 17, 10, 12, 1, 8, 1, 29, 5, 30, 25, 6, 3, 57, 53, 11, 3, 13, 28, 12, 52, 2, 13, 17, 23, 38, 28]
F2 = [0, 0, 0, 0, 0, 0, 0, 0, 0, 0, 0, 0, 0, 0, 0, 0, 0, 0, 0, 0, 0, 0, 0, 0, 0, 0, 0, 0, 0, 0]
T = [110500, 257300, 147400, 99900, 102300, 46300, 58600, 19800, 41900, 23500, 281600, 34800, 144200, 218200, 37400, 57700, 207000, 189000, 52500, 23500, 72600, 126900, 79500, 592100, 103600, 127900, 354600, 83600, 165100, 114800]
T2 = [2278000, 3307000, 4616500, 2666700, 3099300, 2062700, 2387100, 2518900, 3090900, 4887800, 2591400, 8046900, 3563200, 4649900, 2277000, 3253600, 2926300, 2283400, 2923900, 3387800, 2411900, 8916100, 3459900, 4002000, 7921100, 3320000, 2420400, 3399300, 2638300, 4033600]

id 10
F = [21, 3, 5, 24, 23, 7, 4, 52, 14, 42, 15, 8, 16, 6, 46, 70, 3, 4, 31, 1, 8, 28, 51, 55, 8, 32, 12, 3, 11, 13]
F2 = [0, 0, 0, 0, 0, 0, 0, 0, 0, 0, 0, 0, 0, 0, 0, 0, 0, 0, 0, 0, 0, 0, 0, 0, 0, 0, 0, 0, 0, 0]
T = [124900, 40300, 38300, 95600, 103700, 39600, 62900, 189900, 66700, 152600, 109500, 42900, 66100, 37000, 144100, 245100, 25900, 39000, 558500, 19600, 44700, 112200, 209200, 647800, 49200, 104700, 65500, 49500, 100000, 189200]
T2 = [2821200, 6267900, 3369600, 2517900, 2290500, 13400600, 2818600, 2588400, 2425400, 2507300, 2792300, 8246600, 3118200, 1879500, 2667100, 1934700, 2461900, 2466000, 3939800, 3452100, 2115300, 6615100, 4137900, 4904600, 4314700, 2809400, 2865800, 5746100, 2437500, 2653200]

id 11
F = [86, 31, 28, 24, 1, 19, 4, 27, 28, 1, 13, 7, 18, 8, 37, 2, 37, 8, 13, 18, 33, 5, 18, 20, 7, 5, 14, 2, 11, 30]
F2 = [0, 0, 0, 0, 0, 0, 0, 0, 0, 0, 0, 0, 0, 0, 0, 0, 0, 0, 0, 0, 0, 0, 0, 0, 0, 0, 0, 0, 0, 0]
T = [380500, 125900, 67700, 76500, 19400, 82600, 24300, 111200, 105800, 22400, 55600, 47500, 59600, 39700, 409900, 17500, 119400, 74600, 76300, 59400, 123200, 82500, 137900, 100900, 28400, 23800, 124200, 27500, 47400, 87200]
T2 = [5421400, 2109700, 1587700, 1912800, 3528800, 2597900, 2090600, 2192700, 7651100, 3403800, 2948600, 1903400, 1635300, 8319500, 2799800, 1510600, 2036100, 15324100, 2466600, 3072300, 4341900, 2224000, 2445700, 6460600, 1570800, 2087000, 2769100, 2336400, 1690500, 1698400]

id 12
F = [17, 1, 3, 4, 4, 21, 7, 23, 10, 1, 87, 4, 40, 1, 16, 12, 3, 36, 13, 32, 14, 61, 9, 31, 2, 58, 17, 8, 11, 58]
F2 = [0, 0, 0, 0, 0, 0, 0, 0, 0, 0, 0, 0, 0, 0, 0, 0, 0, 0, 0, 0, 0, 0, 0, 0, 0, 0, 0, 0, 0, 0]
T = [107800, 25600, 30200, 31600, 49100, 72000, 52400, 80500, 38200, 18600, 313400, 38700, 1469600, 20500, 532700, 55600, 41900, 113200, 65900, 113500, 57900, 621500, 58300, 91100, 15500, 146000, 55900, 39500, 43000, 156700]
T2 = [2114400, 2110600, 2564300, 4521400, 2017700, 3126500, 2788600, 3461600, 2112700, 2232100, 8575700, 3987400, 11158400, 2875200, 3230800, 2717600, 2948700, 2614500, 4986600, 2998900, 3117100, 2110200, 2388900, 3147400, 2145100, 1860300, 3459300, 1654900, 1419200, 1730900]

id 13
F = [28, 9, 37, 34, 57, 16, 33, 58, 53, 45, 14, 1, 1, 5, 15, 1, 19, 8, 16, 5, 51, 2, 3, 17, 45, 19, 10, 2, 5, 10]
F2 = [0, 0, 0, 0, 0, 0, 0, 0, 0, 0, 0, 0, 0, 0, 0, 0, 0, 0, 0, 0, 0, 0, 0, 0, 0, 0, 0, 0, 0, 0]
T = [119400, 37100, 115700, 114000, 162000, 59100, 122500, 166200, 192500, 148600, 56700, 20600, 13700, 53400, 74600, 23700, 86400, 44400, 70000, 43700, 156300, 16800, 27100, 55100, 168400, 90900, 45000, 32500, 50000, 41600]
T2 = [2348300, 2766800, 2285600, 1596100, 2242100, 3609600, 2529100, 2484600, 2657800, 2005100, 2131400, 2166300, 2873600, 2607500, 3730100, 2728500, 2842600, 5110900, 4054700, 2788100, 3122600, 2356100, 2154500, 3187300, 2704800, 2236600, 2788500, 2589900, 1709800, 2651900]

id 14
F = [7, 1, 13, 14, 12, 17, 14, 12, 20, 25, 5, 8, 5, 2, 2, 8, 23, 1, 13, 8, 8, 4, 1, 41, 3, 4, 8, 50, 35, 18]
F2 = [0, 0, 0, 0, 0, 0, 0, 0, 0, 0, 0, 0, 0, 0, 0, 0, 0, 0, 0, 0, 0, 0, 0, 0, 0, 0, 0, 0, 0, 0]
T = [64200, 24100, 54000, 47500, 66500, 44400, 36600, 125600, 61800, 77700, 31700, 40600, 32900, 20700, 22200, 62400, 99500, 15400, 52100, 39400, 88000, 24800, 15900, 120000, 21200, 26700, 76600, 171600, 98200, 419600]
T2 = [3120300, 2478800, 2815400, 1552700, 1872900, 1544100, 1500600, 2101700, 2111500, 2008800, 3206700, 4398500, 2301300, 2433800, 5321700, 7159200, 3088100, 2482300, 3804300, 6424300, 6329600, 2672100, 4854800, 1606800, 2176500, 1774500, 2879700, 1779500, 1878400, 2098900]

id 15
F = [14, 37, 20, 25, 21, 15, 22, 2, 60, 36, 7, 40, 20, 1, 3, 50, 2, 19, 22, 15, 46, 3, 1, 10, 43, 14, 29, 23, 26, 56]
F2 = [0, 0, 0, 0, 0, 0, 0, 0, 0, 0, 0, 0, 0, 0, 0, 0, 0, 0, 0, 0, 0, 0, 0, 0, 0, 0, 0, 0, 0, 0]
T = [56100, 91100, 61500, 74100, 71000, 69700, 91100, 16000, 143500, 86200, 41400, 101600, 100700, 19000, 22400, 148900, 29700, 64200, 92800, 61300, 166200, 25200, 11800, 31100, 88900, 82000, 70100, 74500, 89700, 119600]
T2 = [2183200, 1642200, 1673000, 1398700, 2341600, 2416700, 1671800, 1558000, 1538100, 2109800, 1586100, 1806500, 1528100, 1249300, 1695500, 2022500, 1533600, 1953700, 1909400, 2006700, 1980700, 1657700, 1996000, 1321600, 1563800, 1776600, 1795600, 1674900, 1909400, 1536700]

id 16
F = [9, 34, 1, 37, 78, 48, 1, 10, 40, 4, 22, 26, 6, 2, 6, 22, 15, 41, 12, 24, 2, 5, 66, 5, 31, 68, 13, 6, 22, 6]
F2 = [0, 0, 0, 0, 0, 0, 0, 0, 0, 0, 0, 0, 0, 0, 0, 0, 0, 0, 0, 0, 0, 0, 0, 0, 0, 0, 0, 0, 0, 0]
T = [266300, 143400, 21900, 152500, 581200, 165400, 61700, 55300, 384800, 53500, 102800, 81000, 56500, 43600, 74000, 74500, 73800, 140200, 112100, 95600, 17400, 29900, 221400, 31300, 883200, 285100, 69500, 75300, 124000, 37800]
T2 = [5921200, 2342300, 2045100, 2085500, 2649900, 3387000, 4547500, 2967600, 3570800, 2952500, 2313500, 9318300, 2377600, 2472800, 2043500, 1941800, 2145600, 2137700, 5236200, 1910200, 1730100, 1849700, 2127400, 7048400, 4223600, 3261100, 4847800, 10333200, 1868600, 2696900]

id 17
F = [42, 1, 44, 2, 52, 15, 62, 5, 18, 2, 2, 2, 2, 13, 2, 1, 14, 11, 41, 4, 19, 13, 7, 94, 21, 8, 13, 2, 3, 30]
F2 = [0, 0, 0, 0, 0, 0, 0, 0, 0, 0, 0, 0, 0, 0, 0, 0, 0, 0, 0, 0, 0, 0, 0, 0, 0, 0, 0, 0, 0, 0]
T = [163000, 20000, 202800, 24000, 206300, 64700, 296100, 22200, 66400, 21100, 20800, 19700, 19100, 58400, 30700, 24600, 62100, 42800, 117600, 38600, 62900, 42500, 25200, 229500, 71100, 46600, 59900, 18400, 10300, 91800]
T2 = [3754700, 3039400, 2051200, 4293400, 2824500, 2515900, 1742300, 5839300, 2443200, 2522700, 3288400, 1895000, 2369300, 2519700, 1868200, 1491800, 1493300, 1994000, 1508800, 1453700, 1488600, 1565000, 1262000, 1542900, 1556200, 1700100, 1681200, 1320000, 11343000, 1627900]

id 18
F = [54, 7, 2, 60, 9, 1, 11, 38, 11, 5, 19, 18, 31, 29, 5, 2, 10, 6, 7, 15, 18, 30, 71, 3, 9, 31, 2, 8, 11, 4]
F2 = [0, 0, 0, 0, 0, 0, 0, 0, 0, 0, 0, 0, 0, 0, 0, 0, 0, 0, 0, 0, 0, 0, 0, 0, 0, 0, 0, 0, 0, 0]
T = [210900, 72800, 24900, 286800, 39300, 14400, 92700, 109500, 59400, 24200, 73500, 82100, 341900, 123100, 42600, 22300, 46600, 30800, 41200, 73500, 64800, 86300, 215000, 19000, 42200, 101600, 16400, 30900, 35700, 19200]
T2 = [9431900, 3196800, 3260200, 2981600, 1658300, 2062500, 2084000, 1826700, 1746000, 1405800, 2143600, 2320100, 1970800, 2490500, 2088900, 2142400, 1797400, 1790400, 1699000, 2637700, 1563000, 1739400, 1635700, 1622000, 1817800, 1707700, 1844600, 1581600, 1476600, 1527400]

id 19
F = [50, 17, 18, 36, 16, 4, 28, 6, 43, 126, 65, 24, 11, 29, 11, 7, 3, 16, 10, 3, 4, 9, 14, 14, 38, 34, 5, 117, 34, 25]
F2 = [0, 0, 0, 0, 0, 0, 0, 0, 0, 0, 0, 0, 0, 0, 0, 0, 0, 0, 0, 0, 0, 0, 0, 0, 0, 0, 0, 0, 0, 0]
T = [144900, 51500, 54700, 131000, 64500, 22900, 84300, 36200, 159100, 294500, 214900, 94000, 42400, 107500, 49600, 43800, 38000, 74400, 33400, 22600, 30400, 69000, 80500, 64500, 127000, 99200, 29100, 278500, 95400, 91500]
T2 = [1642500, 1318000, 3008600, 1928600, 1700900, 1644100, 1667800, 1810100, 1602200, 1561800, 1926600, 1910900, 1668100, 1960600, 1936600, 1571800, 1735400, 1771600, 3924900, 1900800, 2628700, 2443200, 2169700, 3072800, 1564500, 1682000, 1567300, 1633000, 1603500, 3186200]

id 20
F = [1, 14, 31, 27, 3, 16, 12, 53, 29, 12, 25, 110, 25, 10, 24, 18, 29, 37, 7, 16, 94, 21, 24, 33, 10, 12, 11, 27, 42, 49]
F2 = [0, 0, 0, 0, 0, 0, 0, 0, 0, 0, 0, 0, 0, 0, 0, 0, 0, 0, 0, 0, 0, 0, 0, 0, 0, 0, 0, 0, 0, 0]
T = [14700, 99300, 81900, 87200, 39600, 57400, 63100, 180900, 101100, 60200, 73700, 357100, 73300, 70200, 103500, 94600, 109700, 140300, 40200, 73700, 238400, 94300, 94500, 225900, 45400, 43100, 65700, 72300, 338800, 129800]
T2 = [2335900, 1939300, 1553800, 2130200, 2197000, 2007100, 1970300, 1972500, 1869900, 2098900, 1628300, 2175900, 2298800, 3025300, 2435800, 2349100, 2326000, 2616100, 2163900, 2543300, 1867800, 2132900, 2599800, 1778000, 1814000, 1829500, 2037900, 1554500, 2442100, 1843500]

id 21
F = [10, 14, 3, 8, 17, 44, 31, 42, 11, 4, 10, 10, 52, 6, 5, 5, 12, 4, 63, 48, 9, 13, 11, 5, 28, 9, 57, 18, 20, 30]
F2 = [0, 0, 0, 0, 0, 0, 0, 0, 0, 0, 0, 0, 0, 0, 0, 0, 0, 0, 0, 0, 0, 0, 0, 0, 0, 0, 0, 0, 0, 0]
T = [67100, 63500, 23800, 31200, 47600, 112000, 103400, 166200, 62500, 25600, 50900, 42700, 227900, 26300, 35500, 23500, 43000, 21800, 199800, 194500, 41200, 50300, 59100, 47700, 181300, 40500, 175400, 65000, 101400, 73200]
T2 = [2633100, 2419400, 2179000, 1655600, 1500200, 1865000, 2047400, 2095300, 1972000, 2127200, 1685200, 1633000, 1795200, 2420500, 1759600, 1855700, 1841300, 1978900, 2081700, 1971300, 1943100, 2055000, 1699400, 2078300, 2219600, 2238100, 1948100, 2276300, 2545200, 1523900]

id 22
F = [20, 4, 31, 17, 11, 31, 6, 26, 12, 121, 26, 15, 34, 5, 18, 8, 2, 31, 1, 77, 13, 6, 5, 2, 43, 1, 14, 71, 2, 8]
F2 = [0, 0, 0, 0, 0, 0, 0, 0, 0, 0, 0, 0, 0, 0, 0, 0, 0, 0, 0, 0, 0, 0, 0, 0, 0, 0, 0, 0, 0, 0]
T = [76900, 27200, 207800, 68000, 43900, 100500, 25600, 86000, 80200, 245000, 64100, 42800, 113500, 40200, 125400, 43300, 16800, 132600, 13400, 281200, 115100, 41800, 13613200, 4225100, 15478500, 13800, 75100, 220200, 42600, 38200]
T2 = [1635500, 1887900, 2859500, 2601500, 4036900, 1667300, 1435300, 1872300, 1780100, 1452000, 1447200, 1871100, 1852100, 15014700, 2137700, 1492800, 1736800, 2043800, 2873800, 14433900, 87764600, 2450800, 2439800, 1826100, 1792100, 5618600, 5806200, 3491500, 2032800, 5623100]

id 23
F = [11, 11, 4, 27, 3, 21, 45, 29, 36, 9, 6, 4, 25, 18, 32, 4, 20, 2, 3, 6, 24, 37, 17, 36, 1, 3, 2, 28, 10, 24]
F2 = [0, 0, 0, 0, 0, 0, 0, 0, 0, 0, 0, 0, 0, 0, 0, 0, 0, 0, 0, 0, 0, 0, 0, 0, 0, 0, 0, 0, 0, 0]
T = [56100, 45300, 29500, 114600, 20700, 60500, 111900, 72600, 140200, 45500, 32700, 39400, 76400, 56900, 95200, 22400, 75800, 20900, 26800, 35300, 99400, 1114900, 62800, 131800, 36000, 56700, 60000, 145600, 67300, 102400]
T2 = [2429300, 2005000, 3347400, 2067100, 1776100, 1800200, 1911300, 2289900, 3191200, 2569900, 2227200, 1775400, 1588400, 1602200, 1504600, 2319000, 2312500, 2070800, 2426800, 6789600, 1971000, 1990000, 1864800, 1884800, 13707000, 4396200, 3825800, 2291200, 2308100, 3934800]

id 24
F = [15, 56, 12, 37, 6, 24, 28, 18, 21, 1, 16, 25, 23, 6, 15, 21, 92, 7, 58, 26, 66, 10, 17, 28, 17, 29, 30, 20, 8, 11]
F2 = [0, 0, 0, 0, 0, 0, 0, 0, 0, 0, 0, 0, 0, 0, 0, 0, 0, 0, 0, 0, 0, 0, 0, 0, 0, 0, 0, 0, 0, 0]
T = [77500, 233500, 55600, 183000, 39300, 89100, 117800, 76500, 87900, 18500, 61800, 82300, 98100, 39100, 243200, 83400, 278100, 39800, 182100, 94400, 190500, 40000, 60000, 114700, 82500, 143200, 247700, 91400, 48100, 64800]
T2 = [2514200, 2723900, 1793000, 2469800, 4615900, 2352900, 5305400, 2143900, 2389200, 1941300, 1551800, 2129400, 1846200, 1872700, 2433500, 1767800, 1764700, 2668500, 1730600, 1896500, 1639200, 1674400, 1766700, 2584600, 2131600, 2311300, 2739000, 2195500, 2648800, 2011100]

id 25
F = [9, 69, 4, 74, 20, 7, 9, 35, 1, 19, 7, 54, 15, 16, 5, 3, 7, 34, 29, 7, 27, 2, 20, 28, 63, 8, 21, 3, 43, 45]
F2 = [0, 0, 0, 0, 0, 0, 0, 0, 0, 0, 0, 0, 0, 0, 0, 0, 0, 0, 0, 0, 0, 0, 0, 0, 0, 0, 0, 0, 0, 0]
T = [110100, 194800, 23300, 224300, 71200, 29300, 32300, 150900, 15700, 74300, 40400, 129700, 48200, 121900, 35800, 21200, 34700, 103000, 220400, 41400, 118400, 28600, 75000, 102700, 150400, 59000, 103300, 24600, 140400, 180900]
T2 = [2218700, 3008800, 1810100, 2133500, 1412200, 1374500, 1324300, 1701400, 2282900, 2318400, 1430800, 1335900, 1398600, 2778500, 1770900, 2506100, 2290600, 1938800, 3667300, 3466700, 2341900, 2344000, 2041800, 3776500, 1457500, 2092500, 2451600, 2465100, 2564200, 2678100]

id 26
F = [15, 34, 67, 22, 85, 1, 55, 66, 28, 9, 27, 2, 1, 75, 17, 27, 48, 31, 6, 59, 4, 5, 2, 31, 11, 41, 4, 29, 3, 18]
F2 = [0, 0, 0, 0, 0, 0, 0, 0, 0, 0, 0, 0, 0, 0, 0, 0, 0, 0, 0, 0, 0, 0, 0, 0, 0, 0, 0, 0, 0, 0]
T = [88700, 113500, 1531300, 85500, 1846000, 68500, 155600, 196800, 186400, 77500, 99900, 23500, 30700, 287200, 68500, 96400, 171600, 281700, 51900, 194100, 26600, 28600, 27700, 122000, 53200, 127000, 28200, 116400, 28500, 152500]
T2 = [6095400, 1919000, 2064200, 1858600, 1922300, 3075400, 1640900, 1622000, 4209900, 2264500, 7158800, 2514700, 1859100, 3148200, 1926600, 2568300, 2344700, 2201100, 6318900, 4817600, 1920200, 2217800, 1789800, 2925500, 1894300, 1703000, 1810800, 6790300, 5470000, 2359600]

id 27
F = [5, 7, 14, 49, 13, 12, 7, 49, 28, 29, 15, 4, 25, 9, 19, 29, 20, 24, 1, 6, 10, 46, 3, 55, 43, 26, 3, 12, 17, 1]
F2 = [0, 0, 0, 0, 0, 0, 0, 0, 0, 0, 0, 0, 0, 0, 0, 0, 0, 0, 0, 0, 0, 0, 0, 0, 0, 0, 0, 0, 0, 0]
T = [35000, 47100, 54400, 158200, 64000, 53500, 33800, 175300, 76300, 110600, 59300, 21900, 88400, 39600, 85400, 95100, 262700, 159900, 12900, 29000, 38900, 140600, 16300, 195300, 328600, 101800, 50100, 47000, 64200, 15700]
T2 = [2228300, 2440100, 3761000, 2128500, 1933400, 2138000, 1742300, 2374100, 1422200, 1725700, 1841400, 2272800, 1771200, 1869200, 2115300, 1914700, 2433200, 2092300, 1541000, 1828500, 3477600, 1839500, 1638400, 3215800, 2812800, 2212400, 1740500, 1988400, 2814700, 3840100]

id 28
F = [6, 4, 8, 30, 16, 7, 51, 30, 20, 8, 11, 16, 13, 2, 3, 12, 68, 4, 8, 19, 2, 11, 24, 10, 9, 21, 8, 8, 1, 13]
F2 = [0, 0, 0, 0, 0, 0, 0, 0, 0, 0, 0, 0, 0, 0, 0, 0, 0, 0, 0, 0, 0, 0, 0, 0, 0, 0, 0, 0, 0, 0]
T = [197200, 27400, 42100, 94100, 65900, 171300, 736400, 131000, 85200, 33600, 49300, 56000, 38200, 23300, 22600, 36700, 146700, 26500, 32800, 51900, 22200, 43700, 77600, 44300, 45100, 65300, 27900, 32600, 17600, 50200]
T2 = [6294300, 1767700, 1780700, 3325100, 8515200, 5866900, 2889500, 1798300, 1686300, 1767800, 1891800, 1434400, 1261900, 1962100, 1286400, 1332600, 1307100, 1471200, 1640900, 1867100, 1753600, 1633700, 2069300, 1897500, 1741600, 1315800, 1391300, 1524400, 1882000, 1701200]

id 29
F = [47, 6, 7, 7, 23, 1, 8, 5, 6, 8, 94, 16, 9, 4, 9, 5, 67, 10, 11, 43, 12, 66, 15, 18, 10, 1, 26, 39, 3, 3]
F2 = [0, 0, 0, 0, 0, 0, 0, 0, 0, 0, 0, 0, 0, 0, 0, 0, 0, 0, 0, 0, 0, 0, 0, 0, 0, 0, 0, 0, 0, 0]
T = [99900, 45200, 36200, 25100, 91800, 16200, 30100, 18800, 22900, 35600, 275800, 59500, 42400, 17800, 30900, 27800, 190700, 67300, 44500, 106500, 40100, 381000, 44900, 53400, 59000, 17400, 64000, 83200, 16200, 15900]
T2 = [1793800, 2568200, 2920900, 1667400, 2558100, 1315500, 1363500, 1415100, 1550300, 1479100, 1726300, 1879200, 1563600, 1244300, 1974400, 1818700, 1784700, 2034900, 1656300, 1392900, 2086500, 2202200, 1324000, 1768100, 1871800, 1338800, 1288000, 1288500, 1283500, 1336100]

id 30
F = [16, 2, 21, 31, 25, 3, 15, 8, 45, 101, 26, 5, 11, 5, 89, 2, 20, 15, 18, 40, 7, 2, 14, 16, 12, 76, 7, 4, 4, 10]
F2 = [0, 0, 0, 0, 0, 0, 0, 0, 0, 0, 0, 0, 0, 0, 0, 0, 0, 0, 0, 0, 0, 0, 0, 0, 0, 0, 0, 0, 0, 0]
T = [56800, 16500, 59700, 93000, 60600, 23700, 56100, 40000, 142900, 258500, 107000, 25100, 47500, 30100, 335800, 23000, 65600, 45900, 48700, 104600, 36600, 15100, 44200, 45400, 52300, 218200, 96200, 24300, 19500, 37100]
T2 = [1554300, 1892800, 1509900, 1710300, 1685000, 1583100, 1651100, 2070100, 2132100, 3054300, 2620900, 1359700, 1421400, 2007200, 2787000, 1690500, 1560300, 1357400, 2161400, 1662300, 1329800, 1437000, 1368000, 1883700, 1916500, 1828700, 1667700, 1732000, 1813700, 1928300]

id 31
F = [22, 46, 18, 15, 117, 17, 19, 32, 27, 5, 3, 16, 4, 6, 13, 44, 70, 14, 2, 19, 29, 6, 3, 13, 30, 22, 18, 20, 14, 12]
F2 = [0, 0, 0, 0, 0, 0, 0, 0, 0, 0, 0, 0, 0, 0, 0, 0, 0, 0, 0, 0, 0, 0, 0, 0, 0, 0, 0, 0, 0, 0]
T = [82400, 134500, 72100, 56800, 345400, 199000, 74900, 94600, 104600, 39600, 40700, 68600, 21600, 50200, 54600, 98000, 195800, 52700, 18800, 70900, 83300, 32000, 27600, 53300, 311400, 88200, 93100, 98300, 65100, 67600]
T2 = [1937200, 2392400, 1646100, 1792600, 2720400, 3059000, 2056700, 1768800, 1630500, 1968900, 1880100, 1440500, 2346700, 1422800, 1678200, 1835700, 1930700, 2331300, 3820300, 2320900, 2734000, 2214400, 2087900, 2675500, 3987100, 2648200, 2616900, 3011300, 2243300, 2597900]

id 32
F = [13, 27, 24, 25, 3, 43, 17, 1, 17, 50, 74, 43, 70, 40, 16, 1, 48, 14, 13, 15, 71, 14, 37, 1, 90, 11, 40, 19, 34, 2]
F2 = [0, 0, 0, 0, 0, 0, 0, 0, 0, 0, 0, 0, 0, 0, 0, 0, 0, 0, 0, 0, 0, 0, 0, 0, 0, 0, 0, 0, 0, 0]
T = [91100, 139600, 79400, 197100, 22600, 217800, 155700, 16900, 154300, 179100, 986800, 125000, 216500, 163700, 66100, 18800, 137700, 109900, 67300, 169100, 211900, 51600, 188500, 15600, 255400, 58200, 124200, 201600, 124300, 20800]
T2 = [2549600, 2126300, 2440100, 2415700, 2747500, 4383900, 3465300, 3187100, 3454100, 2662300, 3278800, 6140600, 6419300, 4186000, 3627800, 2645200, 2993500, 3863500, 4395500, 3317900, 1802500, 2080100, 2531000, 2311900, 4961200, 8812900, 6390000, 1914300, 2400200, 1842300]

id 33
F = [34, 6, 7, 13, 5, 36, 5, 1, 15, 16, 6, 1, 42, 34, 5, 71, 41, 6, 3, 16, 2, 7, 53, 7, 2, 13, 50, 1, 19, 16]
F2 = [0, 0, 0, 0, 0, 0, 0, 0, 0, 0, 0, 0, 0, 0, 0, 0, 0, 0, 0, 0, 0, 0, 0, 0, 0, 0, 0, 0, 0, 0]
T = [138500, 48300, 50700, 66500, 34300, 167100, 31500, 21800, 72000, 69500, 37800, 25700, 125600, 100900, 33500, 162300, 277800, 39000, 18300, 44700, 19600, 31300, 189600, 33800, 22100, 56400, 123000, 21300, 54100, 62000]
T2 = [2707900, 2347700, 3199100, 5967500, 2543900, 10598900, 6739100, 5741600, 4802700, 3302400, 2429300, 4037400, 1544000, 2092300, 3104600, 3042700, 2033800, 1802800, 1429800, 2307500, 1377900, 1655900, 8581600, 3771700, 2183400, 3387500, 1416500, 2093200, 2283800, 2425500]

id 34
F = [86, 17, 20, 50, 28, 2, 19, 27, 52, 65, 13, 4, 55, 36, 39, 13, 27, 5, 42, 8, 20, 18, 5, 24, 1, 89, 42, 11, 9, 5]
F2 = [0, 0, 0, 0, 0, 0, 0, 0, 0, 0, 0, 0, 0, 0, 0, 0, 0, 0, 0, 0, 0, 0, 0, 0, 0, 0, 0, 0, 0, 0]
T = [215400, 77600, 76600, 205200, 117700, 21200, 81000, 96800, 175200, 229200, 70800, 31700, 197900, 100300, 135900, 60200, 116100, 31300, 134300, 34300, 74700, 64900, 34300, 64100, 14300, 191500, 230900, 79500, 43900, 35000]
T2 = [2359700, 2109100, 3163500, 2020600, 4994700, 6873600, 4339500, 2497300, 6510500, 3218200, 1717000, 1725700, 2988600, 1563500, 3267500, 2246700, 3123100, 2770400, 2013300, 2056900, 1576800, 1442100, 1728200, 1490300, 1408300, 1408300, 2785900, 2286400, 2472900, 2416600]

id 35
F = [10, 50, 23, 21, 36, 28, 53, 26, 26, 11, 34, 26, 1, 15, 5, 33, 35, 1, 17, 15, 39, 13, 15, 11, 30, 43, 8, 42, 83, 33]
F2 = [0, 0, 0, 0, 0, 0, 0, 0, 0, 0, 0, 0, 0, 0, 0, 0, 0, 0, 0, 0, 0, 0, 0, 0, 0, 0, 0, 0, 0, 0]
T = [43800, 145500, 77900, 68700, 121600, 104700, 249500, 97400, 87400, 58800, 161300, 130500, 13100, 69100, 28200, 100900, 131500, 15600, 69800, 69800, 229000, 36600, 63600, 49200, 108600, 139300, 54300, 155500, 208900, 93000]
T2 = [1523000, 1937100, 1590700, 1610600, 1855300, 2668700, 2421600, 2048800, 2681900, 2200700, 2046600, 3386800, 1606000, 1405100, 1717500, 5807700, 1761900, 2077700, 2293000, 1604200, 2123200, 1726700, 2208100, 2083000, 2463900, 2392100, 2178900, 2267800, 1687300, 2163300]

id 36
F = [3, 3, 7, 27, 4, 53, 5, 17, 6, 5, 18, 48, 3, 3, 48, 10, 22, 9, 5, 14, 22, 20, 82, 51, 26, 7, 25, 6, 43, 5]
F2 = [0, 0, 0, 0, 0, 0, 0, 0, 0, 0, 0, 0, 0, 0, 0, 0, 0, 0, 0, 0, 0, 0, 0, 0, 0, 0, 0, 0, 0, 0]
T = [23600, 69300, 34300, 86700, 23900, 181800, 34400, 58000, 35000, 29800, 97400, 287800, 24100, 32300, 163500, 64800, 91900, 46500, 33300, 53500, 77600, 87000, 277700, 182000, 591600, 50200, 84300, 33000, 138300, 28000]
T2 = [3366200, 1920400, 1561600, 1599100, 1860000, 1739500, 2949500, 1556300, 1679300, 1952700, 3311800, 2816500, 2008200, 2474700, 2051100, 2606500, 2607600, 2133000, 1842800, 1809600, 1847800, 1963700, 2384400, 17554200, 21380200, 2157500, 1892000, 1883900, 2905500, 5952200]

id 37
F = [5, 34, 3, 14, 16, 3, 19, 26, 18, 26, 3, 12, 3, 3, 24, 13, 3, 23, 30, 12, 39, 28, 6, 16, 11, 7, 66, 21, 4, 15]
F2 = [0, 0, 0, 0, 0, 0, 0, 0, 0, 0, 0, 0, 0, 0, 0, 0, 0, 0, 0, 0, 0, 0, 0, 0, 0, 0, 0, 0, 0, 0]
T = [31400, 161700, 22400, 66400, 61300, 21800, 105100, 265000, 124400, 88100, 21500, 62100, 25500, 22800, 83000, 48800, 21900, 77100, 103700, 50300, 127800, 90100, 27200, 71200, 42200, 33700, 237400, 77500, 42600, 57600]
T2 = [3287800, 3433900, 3162400, 5700100, 2026200, 1924200, 2883800, 2737900, 2588200, 3408600, 4302100, 1965500, 2379000, 1857900, 1702100, 2454500, 1648700, 2257500, 1658700, 4971700, 2217300, 1463600, 1447000, 3071500, 1579100, 1542000, 3304100, 3512100, 1532000, 1894800]

id 38
F = [10, 7, 7, 8, 19, 21, 1, 14, 5, 11, 34, 17, 2, 41, 23, 3, 32, 68, 3, 1, 108, 27, 20, 35, 7, 18, 27, 8, 18, 2]
F2 = [0, 0, 0, 0, 0, 0, 0, 0, 0, 0, 0, 0, 0, 0, 0, 0, 0, 0, 0, 0, 0, 0, 0, 0, 0, 0, 0, 0, 0, 0]
T = [41700, 25600, 24800, 27100, 47200, 71800, 17400, 151000, 43800, 56600, 126700, 91800, 19400, 176400, 202800, 28600, 145100, 229300, 26600, 13300, 639000, 101800, 72400, 251700, 51100, 116900, 109500, 38300, 63700, 20100]
T2 = [1696800, 1354700, 1469600, 1426900, 1790900, 1812400, 1810400, 2944800, 1676800, 4418500, 1920200, 2082400, 1740400, 2187400, 4033800, 2061800, 3498000, 1976600, 2129400, 1996400, 6539700, 1959200, 2224300, 2454900, 1951500, 2489000, 2076400, 1813300, 2418400, 1837200]

id 39
F = [10, 5, 2, 9, 40, 3, 24, 13, 4, 14, 11, 6, 29, 33, 3, 8, 3, 2, 10, 22, 27, 6, 8, 36, 21, 1, 38, 7, 15, 6]
F2 = [0, 0, 0, 0, 0, 0, 0, 0, 0, 0, 0, 0, 0, 0, 0, 0, 0, 0, 0, 0, 0, 0, 0, 0, 0, 0, 0, 0, 0, 0]
T = [56100, 30300, 20400, 48900, 140100, 26700, 93300, 64500, 29100, 48100, 57700, 30500, 100000, 99300, 25000, 59600, 35300, 24200, 44500, 80400, 244600, 27500, 31000, 97000, 81700, 32000, 104900, 37100, 66400, 34200]
T2 = [2581800, 2400100, 1967700, 2097600, 2372000, 2976400, 1819600, 2071900, 1752700, 2207800, 3884500, 1723400, 3620800, 1603300, 2260000, 2530300, 2233400, 3754200, 6421800, 1986500, 2712800, 1469200, 1407600, 2694200, 2327100, 2410600, 1588600, 2196000, 1811600, 1913800]

id 40
F = [12, 7, 30, 22, 27, 33, 5, 18, 1, 48, 23, 1, 17, 4, 10, 1, 2, 14, 1, 27, 15, 15, 7, 10, 15, 10, 14, 14, 3, 69]
F2 = [0, 0, 0, 0, 0, 0, 0, 0, 0, 0, 0, 0, 0, 0, 0, 0, 0, 0, 0, 0, 0, 0, 0, 0, 0, 0, 0, 0, 0, 0]
T = [64500, 92900, 71500, 65200, 81400, 110300, 29800, 74300, 21000, 219000, 75700, 15800, 70600, 28000, 51000, 19800, 20100, 63700, 20400, 95300, 126700, 155400, 44300, 44900, 62400, 42600, 314000, 45100, 29000, 365900]
T2 = [1892400, 1715300, 1426500, 1400100, 1428900, 1740100, 2351200, 16701500, 17874700, 25575500, 2239300, 4173600, 1996400, 3039000, 2789300, 2065600, 2935400, 2140500, 2169800, 2194500, 1825600, 3577500, 4968500, 1971500, 3828800, 4138700, 10852700, 1653200, 2767000, 4798200]

id 41
F = [21, 24, 23, 25, 30, 61, 1, 2, 11, 9, 5, 32, 3, 5, 18, 2, 49, 13, 22, 14, 7, 43, 3, 8, 16, 1, 4, 38, 11, 3]
F2 = [0, 0, 0, 0, 0, 0, 0, 0, 0, 0, 0, 0, 0, 0, 0, 0, 0, 0, 0, 0, 0, 0, 0, 0, 0, 0, 0, 0, 0, 0]
T = [103300, 78900, 83200, 137800, 97200, 180000, 24200, 21600, 48800, 42200, 32100, 121800, 25300, 38400, 70700, 19000, 212800, 70100, 73400, 73900, 38700, 139600, 23000, 49500, 216300, 16400, 29800, 120800, 42400, 22000]
T2 = [2070000, 2229800, 4440900, 2227200, 10270800, 1666700, 2186800, 2052100, 2707200, 7671000, 4175500, 2122700, 2738900, 9394100, 2383200, 2603600, 1955300, 2674600, 2154900, 3895100, 2029300, 3349400, 1796800, 2050400, 2919900, 2398400, 22019000, 2390500, 30842400, 2167600]

id 42
F = [11, 63, 26, 33, 1, 35, 6, 12, 52, 25, 6, 37, 18, 42, 23, 16, 14, 3, 17, 12, 24, 22, 8, 35, 9, 44, 1, 32, 18, 33]
F2 = [0, 0, 0, 0, 0, 0, 0, 0, 0, 0, 0, 0, 0, 0, 0, 0, 0, 0, 0, 0, 0, 0, 0, 0, 0, 0, 0, 0, 0, 0]
T = [47800, 520400, 102300, 106300, 13000, 177700, 32900, 52500, 167900, 86600, 42900, 186600, 156200, 242100, 77300, 60500, 57100, 21100, 64200, 68900, 101000, 78500, 39800, 4193300, 47500, 200300, 17800, 172400, 70500, 130800]
T2 = [3533100, 2706300, 1545700, 1584300, 2108900, 1603600, 2068900, 5204100, 1788200, 5008800, 3812900, 4377900, 6191100, 1989900, 4602300, 2338200, 1958700, 1531600, 9061100, 2386000, 5687300, 8123000, 31672200, 2055000, 23512900, 5248200, 2657400, 4796700, 3982400, 2560800]

id 43
F = [30, 8, 36, 28, 7, 5, 1, 47, 29, 14, 4, 28, 48, 5, 32, 28, 56, 6, 34, 21, 25, 5, 57, 7, 1, 64, 3, 14, 18, 1]
F2 = [0, 0, 0, 0, 0, 0, 0, 0, 0, 0, 0, 0, 0, 0, 0, 0, 0, 0, 0, 0, 0, 0, 0, 0, 0, 0, 0, 0, 0, 0]
T = [121300, 43200, 168800, 102100, 32500, 36300, 26200, 128900, 177100, 54600, 25700, 82000, 707100, 28800, 122400, 184400, 262400, 59000, 148400, 120700, 95200, 62000, 145300, 28800, 15600, 3386200, 20100, 54100, 67500, 19200]
T2 = [4760300, 2163000, 2004300, 1515500, 2807500, 1907600, 1586100, 1780200, 2716900, 1681200, 1648900, 4487300, 2862700, 2527800, 2365300, 6006200, 6140800, 3739100, 4127100, 2004100, 3765000, 3252600, 1690100, 57037100, 4905600, 2540100, 1909600, 2283300, 1758600, 2906200]

id 44
F = [41, 33, 35, 47, 30, 35, 33, 10, 12, 21, 78, 42, 104, 18, 23, 5, 10, 45, 27, 23, 18, 27, 27, 1, 22, 4, 10, 23, 1, 3]
F2 = [0, 0, 0, 0, 0, 0, 0, 0, 0, 0, 0, 0, 0, 0, 0, 0, 0, 0, 0, 0, 0, 0, 0, 0, 0, 0, 0, 0, 0, 0]
T = [225400, 92000, 98900, 146300, 125800, 128700, 96100, 40600, 50300, 141500, 424200, 161100, 3081200, 98000, 78900, 32200, 55900, 1084700, 175000, 80100, 80900, 88900, 81400, 13700, 73100, 25700, 43700, 81400, 17700, 29100]
T2 = [1922000, 1879100, 2422800, 2457700, 3418100, 1874600, 2142400, 2220400, 2525200, 3085600, 4386800, 2740200, 3297200, 2658700, 8520700, 14513600, 2268200, 12964300, 3106300, 2231000, 44894300, 1756500, 1714800, 2723000, 2280800, 1835000, 1636500, 7649600, 2626000, 1750400]

id 45
F = [23, 50, 13, 6, 5, 23, 24, 21, 2, 8, 3, 98, 13, 7, 13, 15, 7, 1, 3, 44, 16, 27, 37, 5, 12, 37, 3, 35, 4, 65]
F2 = [0, 0, 0, 0, 0, 0, 0, 0, 0, 0, 0, 0, 0, 0, 0, 0, 0, 0, 0, 0, 0, 0, 0, 0, 0, 0, 0, 0, 0, 0]
T = [190600, 309000, 49400, 22800, 28000, 97800, 99100, 78100, 29800, 44800, 30500, 340300, 52700, 37300, 126200, 109600, 31000, 14300, 36200, 169800, 63500, 91300, 109200, 36700, 53500, 127800, 35100, 140200, 28900, 167200]
T2 = [3523600, 1571800, 1613400, 2889400, 2284500, 1951900, 3372000, 2995900, 2162000, 3557900, 3052900, 3038000, 3551100, 2613500, 3284700, 3698400, 2495200, 2170800, 2338200, 2610900, 2150200, 2016300, 10246300, 4239700, 3811000, 2394000, 2097200, 1813200, 1617300, 18063000]

id 46
F = [14, 4, 18, 15, 14, 14, 2, 2, 19, 8, 36, 3, 17, 45, 14, 33, 7, 18, 41, 2, 37, 24, 11, 23, 6, 15, 54, 52, 8, 25]
F2 = [0, 0, 0, 0, 0, 0, 0, 0, 0, 0, 0, 0, 0, 0, 0, 0, 0, 0, 0, 0, 0, 0, 0, 0, 0, 0, 0, 0, 0, 0]
T = [181600, 28100, 64300, 58800, 52300, 50800, 20900, 20400, 87100, 37100, 101200, 37800, 67200, 144800, 310400, 105700, 39000, 68900, 213500, 19300, 328000, 188500, 49800, 96000, 39200, 62500, 242700, 408400, 42700, 91900]
T2 = [3023800, 3710500, 2043000, 1672100, 1903200, 5021600, 3075200, 3436600, 1672300, 1924500, 1918000, 3306000, 2247800, 3642600, 2041100, 4037700, 3133300, 48046700, 2879400, 5032300, 2747100, 5806800, 5947800, 6804900, 3767200, 2910700, 4470900, 2527600, 19017200, 2533700]

id 47
F = [63, 91, 15, 8, 5, 22, 29, 5, 26, 8, 39, 23, 17, 38, 13, 5, 57, 12, 14, 14, 102, 4, 2, 25, 73, 31, 1, 10, 43, 37]
F2 = [0, 0, 0, 0, 0, 0, 0, 0, 0, 0, 0, 0, 0, 0, 0, 0, 0, 0, 0, 0, 0, 0, 0, 0, 0, 0, 0, 0, 0, 0]
T = [187900, 258700, 56400, 51000, 30200, 99000, 107400, 30300, 84800, 96700, 143400, 73400, 62800, 121700, 44200, 28500, 170600, 51800, 78400, 60600, 232800, 23800, 18400, 120200, 172400, 90900, 14300, 80700, 243800, 112700]
T2 = [1777600, 3272600, 2867800, 2652100, 3099500, 2890700, 1625600, 2426600, 1845500, 2472700, 1943700, 1884600, 1915000, 1768000, 2263800, 2227100, 2085800, 2124500, 1792100, 1662600, 2752600, 1807900, 2406900, 2117500, 2243000, 2258500, 1926900, 3310800, 2905000, 2194300]

id 48
F = [24, 33, 21, 31, 3, 10, 54, 21, 9, 14, 26, 8, 3, 22, 19, 5, 12, 27, 29, 7, 14, 14, 35, 5, 1, 22, 1, 51, 23, 4]
F2 = [0, 0, 0, 0, 0, 0, 0, 0, 0, 0, 0, 0, 0, 0, 0, 0, 0, 0, 0, 0, 0, 0, 0, 0, 0, 0, 0, 0, 0, 0]
T = [146800, 102100, 74600, 89400, 19600, 50800, 345400, 77700, 39700, 64700, 98500, 39300, 36500, 85700, 68800, 34200, 55300, 11380300, 101800, 37800, 72600, 69800, 101000, 27500, 32300, 63900, 18300, 179100, 90700, 36200]
T2 = [2499600, 2076500, 5133900, 1852900, 4393600, 8314500, 3515700, 7098500, 5024700, 26682700, 5614300, 5125800, 47119300, 3599000, 2213400, 7574800, 2579000, 2203300, 3866600, 1983300, 2062800, 3906400, 1651500, 1870600, 2421600, 1698500, 2982600, 2726700, 1901300, 2164200]

id 49
F = [31, 10, 10, 11, 2, 47, 10, 17, 9, 49, 3, 107, 2, 16, 14, 12, 32, 14, 2, 4, 4, 3, 5, 1, 9, 47, 32, 30, 37, 29]
F2 = [0, 0, 0, 0, 0, 0, 0, 0, 0, 0, 0, 0, 0, 0, 0, 0, 0, 0, 0, 0, 0, 0, 0, 0, 0, 0, 0, 0, 0, 0]
T = [182500, 43000, 71300, 64400, 17000, 156500, 66500, 60700, 39700, 186500, 23900, 358800, 31800, 64500, 67400, 49900, 147900, 45400, 19500, 30700, 25600, 46500, 33200, 18800, 31000, 123700, 128400, 74100, 127000, 111200]
T2 = [1863900, 1680200, 2553200, 2122200, 2432200, 3042300, 1819100, 2043800, 3135900, 2823700, 4161000, 2901800, 2312100, 4078100, 2643900, 2135300, 2110100, 3112600, 2152200, 4713000, 3002700, 3402200, 2036200, 3180400, 1338700, 3885400, 2107900, 1677700, 1943600, 2625900]

