id 0
F = [1, 5, 3, 82, 35, 4, 55, 76, 16, 111, 35, 26, 4, 23, 36, 45, 6, 35, 31, 7, 7, 13, 25, 8, 11, 9, 82, 5, 18, 19]
F2 = [0, 0, 0, 0, 0, 0, 0, 0, 0, 0, 0, 0, 0, 0, 0, 0, 0, 0, 0, 0, 0, 0, 0, 0, 0, 0, 0, 0, 0, 0]
T = [17963500, 680900, 433400, 17895600, 6970700, 2387000, 11511300, 9207300, 2554200, 6388200, 1343900, 862400, 241900, 720700, 1485100, 2250100, 443000, 972200, 677600, 762200, 564100, 138000, 951600, 123700, 311000, 89900, 830900, 185200, 488900, 133100]
T2 = [31284200, 8516300, 7138400, 10923500, 11203500, 9582500, 6955400, 6340600, 7564100, 5001600, 8671600, 6281800, 7108600, 9235300, 5704500, 6160100, 6275400, 6574800, 9830400, 6386700, 3406100, 5520200, 5639900, 3463800, 5960000, 2324000, 6969000, 6721100, 10956500, 1595700]

id 1
F = [18, 29, 17, 12, 19, 8, 19, 26, 10, 65, 30, 4, 3, 32, 11, 54, 7, 35, 17, 9, 31, 17, 3, 8, 50, 17, 39, 1, 72, 10]
F2 = [0, 0, 0, 0, 0, 0, 0, 0, 0, 0, 0, 0, 0, 0, 0, 0, 0, 0, 0, 0, 0, 0, 0, 0, 0, 0, 0, 0, 0, 0]
T = [779900, 315400, 269100, 158100, 311700, 87200, 190300, 240200, 86800, 392700, 239600, 138600, 71900, 262100, 123200, 545800, 261900, 279800, 260200, 131800, 315400, 252700, 99400, 166800, 823100, 162700, 463000, 74600, 664500, 141500]
T2 = [4452400, 2895400, 2274500, 2149100, 2725600, 1563300, 2190400, 2291200, 1567000, 3522800, 1722900, 1628900, 1883300, 3728600, 2314000, 2295800, 3563400, 1977200, 1954400, 2046400, 93400100, 10954700, 2594400, 2416800, 12300400, 83052200, 3076700, 2786900, 3229000, 5241400]

id 2
F = [12, 16, 5, 22, 45, 15, 9, 17, 6, 8, 8, 5, 29, 14, 5, 46, 18, 20, 35, 1, 5, 9, 9, 38, 12, 6, 2, 20, 43, 82]
F2 = [0, 0, 0, 0, 0, 0, 0, 0, 0, 0, 0, 0, 0, 0, 0, 0, 0, 0, 0, 0, 0, 0, 0, 0, 0, 0, 0, 0, 0, 0]
T = [238900, 221500, 78800, 232100, 385800, 195400, 92900, 198800, 74400, 112400, 139800, 72900, 273800, 104400, 66000, 432400, 220800, 234600, 251600, 36200, 72000, 73500, 74900, 198400, 89900, 66500, 50000, 167800, 231000, 354600]
T2 = [3940100, 3221700, 3975400, 2699100, 3516900, 2700400, 2776600, 2764600, 2520300, 8224400, 2728000, 3665200, 2222600, 2178500, 4188000, 3543500, 3060600, 2839100, 3135600, 1615400, 1586200, 1830200, 1593400, 1742600, 1654400, 1585000, 1717900, 2058500, 1534000, 1944900]

id 3
F = [24, 5, 11, 50, 18, 90, 17, 18, 7, 12, 4, 54, 2, 34, 82, 23, 1, 92, 24, 20, 17, 6, 79, 52, 34, 85, 4, 13, 12, 7]
F2 = [0, 0, 0, 0, 0, 0, 0, 0, 0, 0, 0, 0, 0, 0, 0, 0, 0, 0, 0, 0, 0, 0, 0, 0, 0, 0, 0, 0, 0, 0]
T = [247700, 96100, 93700, 415400, 277800, 646700, 159800, 146300, 102100, 113500, 61000, 322800, 40700, 203000, 535000, 200300, 37900, 601500, 199200, 154000, 6503900, 106500, 749200, 722900, 316900, 694900, 93200, 129800, 237900, 124300]
T2 = [2561800, 1414700, 1656700, 85722800, 3946600, 2585900, 2210400, 3036400, 2588800, 8401900, 7516100, 7782500, 2106800, 5041400, 2562200, 2932700, 3672300, 2164200, 2786600, 2157800, 9628900, 2365900, 2466000, 4506700, 3126700, 2049000, 2767600, 3581900, 4750200, 2811100]

id 4
F = [4, 11, 9, 7, 8, 19, 3, 14, 1, 17, 24, 32, 4, 67, 21, 9, 14, 6, 66, 45, 33, 11, 48, 8, 42, 38, 28, 17, 33, 8]
F2 = [0, 0, 0, 0, 0, 0, 0, 0, 0, 0, 0, 0, 0, 0, 0, 0, 0, 0, 0, 0, 0, 0, 0, 0, 0, 0, 0, 0, 0, 0]
T = [84500, 111900, 99400, 94900, 88000, 128500, 70700, 203500, 49000, 129300, 171400, 327700, 220800, 444200, 114900, 84400, 161900, 74400, 455800, 363600, 236100, 99500, 317900, 123500, 342500, 463900, 335300, 114500, 210500, 83700]
T2 = [15901400, 4398900, 3033600, 7528700, 3155400, 3284000, 3467100, 4122200, 3469200, 3321400, 3098900, 3219600, 2588500, 2912100, 1887200, 2394300, 2522400, 2528900, 2887900, 4372400, 3033400, 3285900, 2650100, 3858900, 2846400, 4007600, 4009300, 3369800, 2006200, 1981400]

id 5
F = [35, 9, 2, 8, 4, 45, 3, 7, 36, 31, 43, 54, 35, 21, 16, 22, 22, 37, 5, 4, 19, 6, 3, 3, 2, 5, 45, 2, 29, 26]
F2 = [0, 0, 0, 0, 0, 0, 0, 0, 0, 0, 0, 0, 0, 0, 0, 0, 0, 0, 0, 0, 0, 0, 0, 0, 0, 0, 0, 0, 0, 0]
T = [216900, 84000, 32800, 93800, 78500, 375600, 67000, 61100, 173600, 307700, 399600, 727900, 616000, 193400, 214800, 173500, 198300, 455900, 93200, 135500, 163900, 66100, 239700, 53100, 39800, 113700, 272300, 44400, 215000, 188000]
T2 = [3365000, 1833900, 3273900, 3931100, 3350100, 3602000, 2633900, 2067000, 2295900, 3864600, 4386600, 5224000, 7973600, 4467600, 3635000, 3532000, 4581800, 3986300, 5953800, 3523500, 3726100, 3005000, 8274600, 3176100, 3251100, 5202200, 3379900, 3472600, 3156300, 2917400]

id 6
F = [107, 15, 36, 2, 32, 41, 3, 52, 23, 45, 56, 28, 71, 13, 28, 13, 47, 7, 40, 5, 5, 34, 12, 4, 71, 33, 1, 2, 3, 2]
F2 = [0, 0, 0, 0, 0, 0, 0, 0, 0, 0, 0, 0, 0, 0, 0, 0, 0, 0, 0, 0, 0, 0, 0, 0, 0, 0, 0, 0, 0, 0]
T = [724300, 461600, 324200, 43700, 215800, 204900, 103200, 259900, 198900, 241500, 279900, 148200, 433100, 66400, 167500, 71700, 165400, 84900, 138900, 40900, 37800, 262300, 120700, 54400, 325100, 169900, 43900, 40200, 62200, 42700]
T2 = [3657200, 4938300, 4082200, 3262000, 3328600, 3026600, 2903700, 3145100, 3598100, 2356200, 2153600, 2209200, 1957900, 2076300, 2395100, 1551600, 1757800, 4340600, 1585100, 1511000, 1866300, 2756000, 2493700, 2850900, 1800400, 2853400, 3119900, 2518800, 2115300, 3054800]

id 7
F = [5, 22, 111, 35, 16, 34, 16, 4, 5, 16, 37, 4, 88, 14, 4, 67, 3, 54, 11, 7, 23, 8, 13, 6, 32, 36, 4, 7, 24, 7]
F2 = [0, 0, 0, 0, 0, 0, 0, 0, 0, 0, 0, 0, 0, 0, 0, 0, 0, 0, 0, 0, 0, 0, 0, 0, 0, 0, 0, 0, 0, 0]
T = [65600, 152700, 458500, 276500, 94700, 235100, 76500, 61100, 60500, 89000, 127900, 45600, 373100, 102900, 53200, 208700, 52900, 316900, 98500, 86200, 132200, 4177000, 73500, 93900, 142400, 202000, 47000, 82700, 176100, 58000]
T2 = [2488400, 3231100, 3024000, 3141600, 2992400, 2562600, 3320500, 2338300, 2481100, 2098400, 1792900, 2363300, 2463300, 2263000, 2158500, 1906600, 3648300, 2139700, 4646900, 4805900, 5305800, 3310900, 6359500, 4420100, 4628000, 51406900, 4436600, 2678600, 4362400, 2983800]

id 8
F = [4, 4, 108, 6, 12, 2, 12, 60, 3, 8, 35, 38, 2, 113, 1, 30, 74, 5, 1, 62, 17, 58, 15, 16, 13, 32, 20, 58, 2, 8]
F2 = [0, 0, 0, 0, 0, 0, 0, 0, 0, 0, 0, 0, 0, 0, 0, 0, 0, 0, 0, 0, 0, 0, 0, 0, 0, 0, 0, 0, 0, 0]
T = [272300, 36400, 539700, 104200, 99100, 110200, 60900, 241000, 39700, 74100, 302300, 140800, 56600, 369100, 37000, 144800, 312400, 56400, 21900, 218000, 102900, 221900, 70200, 115600, 78900, 153300, 100900, 198300, 30100, 52200]
T2 = [2193400, 2133000, 3342500, 3893300, 3660500, 2380900, 4871600, 2183400, 3080900, 3003200, 16313800, 2086900, 2653200, 2181900, 2227300, 2280500, 2252000, 3299800, 2242300, 2463300, 2604000, 2194300, 2930000, 2251100, 2602700, 2666400, 3114300, 1854700, 1819600, 2832500]

id 9
F = [2, 1, 10, 23, 5, 12, 15, 11, 26, 6, 2, 7, 29, 16, 10, 34, 20, 11, 7, 38, 27, 27, 60, 15, 56, 23, 3, 10, 33, 32]
F2 = [0, 0, 0, 0, 0, 0, 0, 0, 0, 0, 0, 0, 0, 0, 0, 0, 0, 0, 0, 0, 0, 0, 0, 0, 0, 0, 0, 0, 0, 0]
T = [27300, 21700, 614500, 126600, 41000, 73400, 62800, 46500, 86500, 40600, 21300, 44700, 111200, 73400, 46200, 121100, 15903400, 70300, 38600, 205900, 95000, 88400, 159000, 75000, 265800, 115600, 24200, 46700, 105400, 194800]
T2 = [3218800, 2501600, 3574200, 3807600, 2156200, 3230400, 3268200, 1823400, 1970100, 2207100, 4416800, 2697300, 3634600, 4067300, 5898100, 3532200, 7623200, 3110400, 5885800, 2323800, 1951800, 1887600, 4139600, 2518000, 2414900, 3451500, 2301900, 24317700, 4301200, 6678800]

id 10
F = [62, 10, 4, 12, 81, 22, 22, 38, 39, 17, 15, 9, 20, 5, 7, 30, 74, 4, 43, 41, 20, 35, 2, 4, 34, 52, 77, 3, 18, 87]
F2 = [0, 0, 0, 0, 0, 0, 0, 0, 0, 0, 0, 0, 0, 0, 0, 0, 0, 0, 0, 0, 0, 0, 0, 0, 0, 0, 0, 0, 0, 0]
T = [324100, 49500, 60100, 69100, 547200, 136400, 109100, 159000, 149000, 65900, 83400, 55600, 67400, 26800, 30300, 151900, 384300, 28000, 96700, 111100, 67500, 114400, 25700, 28600, 227600, 197400, 372500, 65400, 81900, 1250400]
T2 = [2449500, 2684700, 2710300, 2282500, 4332300, 2771100, 2742100, 2832000, 2321600, 2607600, 2501900, 2424500, 1683700, 1985100, 2671100, 2921600, 2358800, 1519300, 2426500, 1648300, 1993100, 2371900, 2572300, 2600200, 3015300, 4510500, 2817700, 6351600, 6493000, 3832900]

id 11
F = [5, 57, 12, 63, 27, 61, 4, 44, 5, 7, 30, 14, 5, 15, 58, 47, 5, 9, 86, 6, 26, 24, 1, 2, 51, 35, 35, 21, 41, 9]
F2 = [0, 0, 0, 0, 0, 0, 0, 0, 0, 0, 0, 0, 0, 0, 0, 0, 0, 0, 0, 0, 0, 0, 0, 0, 0, 0, 0, 0, 0, 0]
T = [47600, 350000, 63200, 370000, 148300, 319500, 38100, 457800, 59900, 74800, 159800, 83800, 53900, 77000, 263400, 226800, 51500, 76700, 516100, 45400, 221200, 133400, 22600, 29700, 981300, 302600, 275500, 118800, 179100, 52800]
T2 = [2340600, 2882500, 3059100, 3921600, 3953700, 11162900, 3212100, 2659100, 3069500, 3765500, 7533200, 3045800, 3069300, 3469600, 4240200, 2941600, 2769700, 4061300, 3510900, 4621300, 3963300, 3228800, 4612100, 2941000, 4159800, 3188400, 4106400, 2637900, 2630800, 2499000]

id 12
F = [8, 3, 27, 30, 13, 7, 25, 1, 3, 7, 5, 11, 9, 3, 34, 35, 10, 27, 47, 34, 36, 12, 41, 16, 95, 22, 26, 32, 1, 21]
F2 = [0, 0, 0, 0, 0, 0, 0, 0, 0, 0, 0, 0, 0, 0, 0, 0, 0, 0, 0, 0, 0, 0, 0, 0, 0, 0, 0, 0, 0, 0]
T = [51900, 27000, 124800, 160000, 62300, 47200, 210400, 18200, 42100, 40500, 50700, 131100, 91000, 52700, 216500, 272700, 77100, 132600, 290500, 389900, 146100, 138600, 184400, 80200, 508300, 421300, 164700, 222000, 20200, 108800]
T2 = [2362200, 2719700, 2427700, 2279900, 2286800, 3925400, 3473000, 3612600, 3095900, 3708200, 5119100, 3546500, 4278800, 3250500, 3338100, 3583600, 2598000, 2064000, 3582600, 3532100, 2128700, 3354800, 2602400, 2801000, 3273100, 5132100, 4736900, 2820500, 3121600, 2200300]

id 13
F = [11, 34, 13, 1, 12, 9, 29, 14, 4, 35, 50, 29, 2, 4, 40, 21, 7, 5, 48, 13, 7, 67, 24, 80, 5, 8, 52, 10, 4, 3]
F2 = [0, 0, 0, 0, 0, 0, 0, 0, 0, 0, 0, 0, 0, 0, 0, 0, 0, 0, 0, 0, 0, 0, 0, 0, 0, 0, 0, 0, 0, 0]
T = [781300, 82100, 42600, 20600, 50500, 77100, 103400, 75500, 33600, 162700, 207200, 113100, 47900, 37400, 102400, 296400, 47700, 32500, 218400, 55100, 47700, 216000, 107000, 241400, 31800, 42400, 158700, 47100, 21800, 27600]
T2 = [6572700, 1646100, 2185800, 3243300, 3333900, 2487100, 2122600, 2583500, 4080300, 2467200, 2874700, 3037700, 1846200, 1482300, 1719300, 1812900, 3939500, 3908700, 2206500, 2636800, 3306500, 3530100, 2464000, 2493700, 3019000, 2086300, 2096200, 1975400, 1533500, 1571500]

id 14
F = [9, 33, 12, 58, 26, 3, 68, 5, 4, 31, 18, 10, 33, 62, 22, 32, 13, 40, 12, 9, 6, 5, 57, 38, 5, 1, 24, 54, 45, 3]
F2 = [0, 0, 0, 0, 0, 0, 0, 0, 0, 0, 0, 0, 0, 0, 0, 0, 0, 0, 0, 0, 0, 0, 0, 0, 0, 0, 0, 0, 0, 0]
T = [59700, 105100, 55300, 378100, 104500, 18800, 227700, 25800, 20600, 92200, 83100, 30900, 139600, 181200, 85500, 117100, 79600, 140600, 43500, 43400, 26900, 40800, 195500, 122600, 30900, 17500, 96200, 120700, 96900, 25300]
T2 = [2388400, 3725200, 2302200, 2577300, 2462300, 2127800, 2558000, 1892800, 1796300, 2305700, 1416200, 2521700, 3300400, 2262600, 2144400, 3211400, 2232500, 2254100, 2474400, 1972200, 2999600, 3241800, 3880500, 2762000, 3012600, 1732300, 3099900, 1458100, 1782500, 2003900]

id 15
F = [4, 38, 16, 43, 15, 35, 8, 3, 16, 43, 21, 41, 33, 11, 18, 31, 8, 13, 12, 11, 2, 28, 21, 28, 40, 11, 22, 16, 14, 18]
F2 = [0, 0, 0, 0, 0, 0, 0, 0, 0, 0, 0, 0, 0, 0, 0, 0, 0, 0, 0, 0, 0, 0, 0, 0, 0, 0, 0, 0, 0, 0]
T = [31000, 131600, 59300, 90200, 40500, 78400, 26700, 28800, 77300, 112800, 108200, 95500, 99800, 60200, 50500, 65000, 23200, 34200, 44900, 36600, 32900, 71400, 67800, 108100, 134100, 51900, 103500, 70400, 48100, 58400]
T2 = [2083700, 1946900, 1893800, 1379000, 1644700, 1452500, 1439000, 2005100, 1459400, 1418200, 1839700, 1335500, 2288300, 2709800, 1505700, 1329100, 1315200, 1646100, 1448400, 1593100, 1579600, 1640600, 2123100, 3894100, 3085400, 2387500, 2409600, 1777800, 1802800, 2001800]

id 16
F = [11, 3, 23, 8, 83, 16, 24, 15, 38, 27, 22, 27, 17, 17, 29, 1, 32, 14, 23, 21, 32, 24, 1, 4, 56, 32, 77, 132, 20, 13]
F2 = [0, 0, 0, 0, 0, 0, 0, 0, 0, 0, 0, 0, 0, 0, 0, 0, 0, 0, 0, 0, 0, 0, 0, 0, 0, 0, 0, 0, 0, 0]
T = [41400, 11100, 65500, 26000, 162600, 49500, 87900, 58600, 79800, 93700, 92900, 80000, 43400, 76200, 59800, 58600, 89800, 53400, 88300, 52500, 63100, 52900, 13300, 58000, 313200, 103200, 181100, 296100, 83600, 38200]
T2 = [1546600, 1511100, 1498100, 1405200, 1348700, 1516100, 1707900, 1471900, 1906800, 1892100, 1419700, 2090300, 1433700, 1516700, 1802600, 2049800, 1663600, 2283900, 1391000, 1316400, 1281000, 1555400, 1492800, 1519300, 1535400, 1741900, 1501300, 1529000, 1602500, 2238400]

id 17
F = [53, 13, 3, 21, 6, 11, 2, 97, 11, 3, 30, 25, 44, 13, 37, 1, 7, 12, 34, 14, 18, 17, 29, 10, 2, 28, 14, 21, 7, 36]
F2 = [0, 0, 0, 0, 0, 0, 0, 0, 0, 0, 0, 0, 0, 0, 0, 0, 0, 0, 0, 0, 0, 0, 0, 0, 0, 0, 0, 0, 0, 0]
T = [167000, 76400, 60100, 58200, 23400, 30000, 18700, 192100, 30800, 25100, 59500, 52600, 79100, 50100, 87200, 16900, 24100, 57400, 72600, 31600, 43000, 31600, 118600, 48700, 15500, 72100, 69500, 62100, 28200, 131600]
T2 = [1541200, 2729100, 1557100, 1402100, 1399000, 1409300, 1547500, 1393500, 1564400, 1389200, 1239700, 1251800, 1773500, 3651200, 1328500, 1407900, 1353100, 1520800, 1308100, 1426800, 1311500, 1428800, 1941100, 1870200, 1392300, 1654400, 1811700, 1580400, 1520800, 1445000]

id 18
F = [9, 7, 41, 3, 15, 28, 11, 10, 92, 48, 1, 8, 7, 17, 6, 8, 67, 45, 8, 2, 17, 43, 31, 6, 5, 11, 35, 17, 18, 20]
F2 = [0, 0, 0, 0, 0, 0, 0, 0, 0, 0, 0, 0, 0, 0, 0, 0, 0, 0, 0, 0, 0, 0, 0, 0, 0, 0, 0, 0, 0, 0]
T = [30800, 30500, 105500, 18300, 100600, 131300, 43000, 28700, 266700, 226300, 11000, 29500, 23100, 41800, 29500, 49500, 132100, 94100, 23900, 19500, 43200, 123000, 190500, 37800, 31800, 36700, 72700, 39100, 92800, 81200]
T2 = [1488300, 1441500, 1364800, 1349300, 2367700, 2209100, 1273600, 1295500, 2520800, 2234300, 2160300, 1361000, 1249300, 1339600, 1319400, 1258300, 1236100, 1368600, 1308300, 1512400, 1258600, 1526700, 2427100, 2465500, 1856500, 1445600, 1311700, 1581900, 2128300, 1930800]

id 19
F = [33, 5, 36, 34, 16, 42, 14, 9, 121, 33, 92, 26, 7, 35, 6, 1, 4, 5, 33, 20, 12, 7, 7, 12, 22, 17, 7, 73, 2, 4]
F2 = [0, 0, 0, 0, 0, 0, 0, 0, 0, 0, 0, 0, 0, 0, 0, 0, 0, 0, 0, 0, 0, 0, 0, 0, 0, 0, 0, 0, 0, 0]
T = [248600, 42100, 93000, 90400, 60300, 113900, 43500, 60600, 296700, 213300, 264600, 85600, 35500, 97200, 42300, 17400, 31700, 64100, 161100, 90000, 58900, 87400, 59700, 90300, 179300, 85500, 43300, 183100, 12400, 14600]
T2 = [5313200, 1587900, 1422500, 1383200, 1425500, 1525100, 1464200, 1783500, 1593800, 1769100, 1657300, 1640600, 1644000, 2202400, 3660900, 3625700, 3491700, 3622700, 2596400, 2503900, 5017400, 3636300, 4472200, 4331500, 3976700, 3264900, 3279600, 1417400, 1332500, 1335300]

id 20
F = [4, 9, 1, 6, 1, 112, 1, 3, 56, 45, 58, 4, 33, 8, 30, 41, 36, 17, 38, 22, 36, 8, 20, 13, 11, 49, 47, 15, 38, 3]
F2 = [0, 0, 0, 0, 0, 0, 0, 0, 0, 0, 0, 0, 0, 0, 0, 0, 0, 0, 0, 0, 0, 0, 0, 0, 0, 0, 0, 0, 0, 0]
T = [35600, 56500, 17000, 89100, 16200, 656600, 25500, 48100, 412500, 198000, 629600, 40200, 174600, 114000, 144900, 196100, 244900, 150400, 258400, 115200, 159400, 45900, 94000, 84200, 67600, 291800, 221300, 97400, 179200, 29200]
T2 = [3352200, 3243400, 3770800, 4844200, 4968000, 3444700, 5569900, 3711000, 5810100, 3996300, 3468600, 3890900, 5126200, 4509500, 3158600, 3295800, 3489800, 3923800, 3965700, 3487800, 3187700, 3143000, 3102300, 3504000, 3643700, 3318400, 3923300, 3954800, 3428100, 4030400]

id 21
F = [24, 15, 36, 24, 16, 4, 7, 20, 4, 12, 6, 11, 60, 11, 25, 18, 1, 7, 5, 1, 106, 24, 30, 11, 2, 9, 12, 43, 85, 52]
F2 = [0, 0, 0, 0, 0, 0, 0, 0, 0, 0, 0, 0, 0, 0, 0, 0, 0, 0, 0, 0, 0, 0, 0, 0, 0, 0, 0, 0, 0, 0]
T = [171900, 84000, 139700, 169300, 175300, 38900, 59800, 109100, 41400, 52100, 54400, 45200, 197900, 86100, 126500, 87100, 18000, 56400, 43500, 36900, 483400, 115000, 134100, 36000, 21500, 28500, 41400, 115400, 339200, 162700]
T2 = [3792900, 4583500, 2897000, 3276000, 4347000, 3293200, 3194400, 3426700, 2500000, 2192700, 2811500, 1899400, 2055100, 3290700, 3144200, 3289100, 3842400, 3060000, 3788600, 4138700, 3214600, 3263600, 2868600, 1365400, 1961600, 1350100, 1417900, 2209700, 1387400, 1842100]

id 22
F = [11, 20, 71, 31, 8, 11, 14, 6, 13, 28, 6, 17, 21, 46, 11, 96, 48, 9, 9, 7, 19, 10, 27, 20, 17, 50, 5, 27, 7, 27]
F2 = [0, 0, 0, 0, 0, 0, 0, 0, 0, 0, 0, 0, 0, 0, 0, 0, 0, 0, 0, 0, 0, 0, 0, 0, 0, 0, 0, 0, 0, 0]
T = [67900, 86000, 331700, 241200, 34900, 39400, 52000, 30700, 84200, 178000, 50000, 102500, 201000, 189500, 45500, 316800, 151100, 35600, 37700, 51100, 94300, 73200, 167800, 90100, 92700, 211100, 25400, 85600, 34300, 93200]
T2 = [2458200, 2034700, 3996400, 2594000, 1734200, 1765000, 1748800, 2067200, 2428400, 2387900, 2721200, 2496400, 2398600, 2001800, 1874600, 1836400, 1719900, 1744300, 2085800, 2606300, 2669900, 2411400, 1991400, 3180800, 1916600, 1781500, 1724300, 1801800, 1770500, 2004300]

id 23
F = [4, 7, 12, 9, 4, 17, 12, 4, 11, 14, 1, 34, 31, 20, 41, 4, 11, 11, 14, 58, 29, 1, 3, 7, 19, 13, 31, 4, 2, 14]
F2 = [0, 0, 0, 0, 0, 0, 0, 0, 0, 0, 0, 0, 0, 0, 0, 0, 0, 0, 0, 0, 0, 0, 0, 0, 0, 0, 0, 0, 0, 0]
T = [56500, 58600, 83100, 71600, 43700, 93600, 75200, 105200, 67000, 76500, 20800, 231100, 251000, 136700, 142500, 27400, 90800, 63100, 90100, 193800, 99300, 53200, 36100, 74000, 147300, 73900, 111200, 25400, 24400, 56200]
T2 = [3181000, 2439800, 2361600, 2426900, 2402500, 2374300, 2352200, 3060400, 2293600, 2481900, 4190600, 5020600, 5555200, 2508700, 2525300, 4106200, 3521200, 2629000, 2144100, 1939600, 2047500, 4673300, 3797500, 4452100, 4500700, 2004800, 2241900, 3331700, 2015000, 2023900]

id 24
F = [181, 39, 4, 8, 24, 1, 19, 6, 19, 37, 37, 13, 11, 5, 33, 70, 14, 9, 6, 4, 47, 7, 3, 15, 15, 28, 29, 18, 9, 22]
F2 = [0, 0, 0, 0, 0, 0, 0, 0, 0, 0, 0, 0, 0, 0, 0, 0, 0, 0, 0, 0, 0, 0, 0, 0, 0, 0, 0, 0, 0, 0]
T = [750500, 192200, 61900, 78100, 206500, 24000, 224700, 65500, 150200, 397900, 302500, 135700, 124800, 56500, 277200, 673700, 164900, 92500, 53500, 44300, 374500, 97600, 49500, 147800, 126000, 201800, 395900, 151900, 102100, 290700]
T2 = [3888500, 2896500, 5440400, 5221800, 4909600, 5197200, 5483600, 4920800, 6436000, 5243800, 6210700, 4752100, 5053500, 4787000, 5661400, 7169800, 5631500, 4829200, 4564900, 4744300, 5398200, 4672100, 4858600, 4832200, 4564500, 4862600, 6293200, 5421000, 6003900, 7145900]

id 25
F = [28, 44, 24, 10, 29, 7, 22, 8, 15, 113, 64, 44, 36, 3, 8, 6, 40, 18, 5, 118, 59, 27, 2, 9, 8, 18, 21, 17, 19, 7]
F2 = [0, 0, 0, 0, 0, 0, 0, 0, 0, 0, 0, 0, 0, 0, 0, 0, 0, 0, 0, 0, 0, 0, 0, 0, 0, 0, 0, 0, 0, 0]
T = [271400, 354300, 294100, 132800, 210200, 53600, 138800, 62700, 125100, 1001300, 571000, 349700, 358300, 54300, 85600, 67100, 371600, 325400, 89700, 1185400, 669600, 446300, 30700, 130300, 111500, 171300, 224300, 241100, 227700, 67400]
T2 = [4600800, 7367000, 6545600, 5597300, 3886300, 3560400, 4017100, 4068800, 5198600, 5871900, 4898500, 6310700, 5997200, 5769600, 4668000, 4954800, 6099100, 6642500, 6199100, 6735800, 6750400, 5672600, 5337400, 7222400, 6782000, 6270800, 6005700, 7409200, 6452900, 4815900]

id 26
F = [44, 21, 19, 13, 12, 2, 26, 48, 35, 4, 3, 13, 21, 8, 10, 6, 12, 27, 2, 19, 22, 98, 88, 9, 9, 28, 20, 16, 46, 5]
F2 = [0, 0, 0, 0, 0, 0, 0, 0, 0, 0, 0, 0, 0, 0, 0, 0, 0, 0, 0, 0, 0, 0, 0, 0, 0, 0, 0, 0, 0, 0]
T = [350900, 100600, 93200, 61500, 154100, 27600, 129500, 502500, 148900, 34300, 38300, 121900, 149300, 66600, 83100, 189600, 50400, 122200, 24200, 62200, 172800, 426300, 308500, 40900, 39700, 108200, 62600, 51900, 122900, 43200]
T2 = [6385100, 2560900, 3884200, 5513000, 6536000, 2309400, 3013500, 4237400, 2150400, 7151800, 5834600, 14149100, 4677500, 7157100, 11515400, 3733900, 3596600, 2675200, 1926800, 2660500, 4180100, 6477700, 4410100, 5279100, 4431300, 3249600, 3759000, 1583300, 2772200, 3499000]

id 27
F = [1, 64, 10, 11, 35, 31, 30, 12, 14, 4, 9, 80, 4, 6, 33, 38, 4, 38, 32, 27, 76, 8, 9, 23, 12, 6, 2, 11, 25, 20]
F2 = [0, 0, 0, 0, 0, 0, 0, 0, 0, 0, 0, 0, 0, 0, 0, 0, 0, 0, 0, 0, 0, 0, 0, 0, 0, 0, 0, 0, 0, 0]
T = [19100, 159100, 35400, 68000, 157600, 142600, 136000, 33900, 71200, 48600, 43300, 175800, 22100, 26600, 97200, 179200, 36200, 273200, 144600, 135700, 843500, 161900, 89700, 60500, 33700, 22600, 30100, 34300, 78800, 87800]
T2 = [2534400, 1679500, 3866600, 3670100, 3188800, 2502800, 2195900, 1417700, 2084500, 2961000, 1641800, 1460400, 1428100, 1425300, 3468800, 2768700, 3317500, 4349600, 3446800, 3847600, 3228800, 4176700, 2745400, 1663200, 1370700, 3118200, 3260200, 1463100, 1744600, 2334700]

id 28
F = [14, 59, 32, 51, 14, 9, 16, 8, 60, 10, 49, 71, 1, 9, 140, 41, 9, 51, 47, 31, 19, 4, 80, 12, 16, 15, 35, 46, 20, 19]
F2 = [0, 0, 0, 0, 0, 0, 0, 0, 0, 0, 0, 0, 0, 0, 0, 0, 0, 0, 0, 0, 0, 0, 0, 0, 0, 0, 0, 0, 0, 0]
T = [41000, 114700, 176500, 138300, 36300, 24600, 42700, 37200, 121100, 64000, 124200, 193600, 12600, 56200, 260100, 77000, 36600, 95200, 101000, 70300, 51600, 18500, 137000, 50700, 54500, 69900, 92600, 86400, 46500, 34700]
T2 = [1433100, 1536100, 1430100, 1514400, 1245200, 1262800, 1377400, 1507300, 1871900, 2093300, 1611700, 1602700, 1444700, 2283800, 1351900, 1345700, 1410500, 1311900, 1372700, 1225400, 1344200, 1258400, 1251900, 1868900, 1786900, 1513300, 1369200, 1312500, 1303600, 1573600]

id 29
F = [6, 47, 3, 13, 24, 5, 4, 15, 14, 26, 40, 3, 35, 21, 66, 35, 1, 7, 33, 74, 1, 26, 9, 9, 3, 43, 98, 6, 28, 30]
F2 = [0, 0, 0, 0, 0, 0, 0, 0, 0, 0, 0, 0, 0, 0, 0, 0, 0, 0, 0, 0, 0, 0, 0, 0, 0, 0, 0, 0, 0, 0]
T = [23900, 119400, 22900, 37800, 75900, 31300, 42200, 40300, 40500, 60200, 130400, 26500, 171800, 65400, 217700, 130200, 23800, 28900, 85100, 506600, 26600, 82600, 70000, 84800, 26900, 111500, 228800, 24700, 134800, 189200]
T2 = [1891200, 1682500, 1737600, 1405200, 1582200, 2175300, 1728600, 1423800, 1499800, 1477400, 2100600, 1596800, 2467100, 1755700, 2091600, 2223400, 2025900, 1702400, 3255300, 3789400, 3550800, 2613600, 4145400, 3393800, 2951200, 1642700, 1547800, 1881500, 3519900, 2670000]

id 30
F = [26, 4, 17, 7, 56, 3, 1, 6, 8, 27, 20, 28, 20, 11, 15, 8, 7, 4, 4, 39, 30, 13, 3, 18, 58, 48, 11, 54, 1, 8]
F2 = [0, 0, 0, 0, 0, 0, 0, 0, 0, 0, 0, 0, 0, 0, 0, 0, 0, 0, 0, 0, 0, 0, 0, 0, 0, 0, 0, 0, 0, 0]
T = [81600, 23600, 77100, 44800, 137400, 21400, 16600, 47800, 86900, 80800, 109900, 137300, 130100, 46400, 57200, 64900, 47200, 39800, 31100, 88900, 60100, 29500, 36500, 61600, 130900, 106000, 96300, 234800, 30800, 27700]
T2 = [1748600, 2339100, 1724500, 1800100, 1656300, 2318600, 4196400, 1796200, 1652000, 1617100, 4625600, 3571600, 3560800, 1463200, 1634100, 3718800, 4783600, 3293700, 2256200, 1425300, 1260300, 1516800, 1855900, 1468200, 1891700, 1856300, 2692600, 3190500, 3750400, 1325200]

id 31
F = [9, 2, 25, 14, 15, 8, 33, 19, 18, 8, 28, 4, 51, 7, 65, 29, 2, 5, 39, 17, 42, 8, 45, 34, 10, 6, 52, 22, 21, 3]
F2 = [0, 0, 0, 0, 0, 0, 0, 0, 0, 0, 0, 0, 0, 0, 0, 0, 0, 0, 0, 0, 0, 0, 0, 0, 0, 0, 0, 0, 0, 0]
T = [31200, 11600, 51600, 27700, 58100, 36600, 208800, 136200, 152000, 61600, 188000, 34100, 229200, 54800, 159900, 78600, 27400, 49500, 246400, 67800, 105200, 26100, 193300, 111500, 50500, 37000, 114500, 60400, 121700, 43600]
T2 = [1347000, 1238500, 1229800, 2997200, 1449700, 3092900, 3693700, 3888600, 1798400, 4168900, 3856800, 3652500, 3168100, 2724400, 1372900, 1349200, 1410900, 2799200, 3423800, 1769300, 1568000, 1537100, 3258400, 1487800, 1774000, 1259000, 1297500, 1755000, 3149400, 3446600]

id 32
F = [3, 7, 45, 16, 15, 30, 19, 104, 8, 40, 10, 20, 36, 93, 21, 34, 64, 21, 28, 14, 1, 38, 5, 2, 42, 17, 1, 6, 4, 26]
F2 = [0, 0, 0, 0, 0, 0, 0, 0, 0, 0, 0, 0, 0, 0, 0, 0, 0, 0, 0, 0, 0, 0, 0, 0, 0, 0, 0, 0, 0, 0]
T = [37100, 67600, 275200, 105700, 149800, 152300, 91100, 592800, 64700, 226000, 75300, 141000, 219600, 481400, 138100, 211100, 408900, 199300, 176300, 141000, 26000, 231100, 45400, 29500, 235800, 159200, 28100, 56600, 48300, 109800]
T2 = [3665700, 4279000, 4157800, 4079500, 3872900, 2920100, 2897200, 4182200, 4100200, 4275500, 4149400, 4407200, 4456600, 4179500, 4217900, 4045100, 4985900, 4251600, 4500300, 5646600, 4892200, 5049800, 3166800, 3325400, 4963200, 4903300, 5370900, 4610300, 3083000, 2721500]

id 33
F = [53, 2, 15, 8, 16, 4, 15, 42, 19, 11, 40, 75, 25, 2, 1, 13, 2, 9, 15, 6, 14, 45, 51, 70, 34, 3, 4, 14, 31, 3]
F2 = [0, 0, 0, 0, 0, 0, 0, 0, 0, 0, 0, 0, 0, 0, 0, 0, 0, 0, 0, 0, 0, 0, 0, 0, 0, 0, 0, 0, 0, 0]
T = [338300, 38400, 99500, 74000, 134900, 32000, 141800, 339300, 152500, 135900, 244900, 502300, 155300, 32000, 26200, 96700, 29800, 72400, 142800, 96000, 127900, 283500, 319200, 551000, 231500, 44700, 55200, 97600, 216600, 30400]
T2 = [4773100, 4771400, 3374300, 4518700, 6269700, 3966300, 5138000, 4978100, 4278800, 5174500, 4430000, 4310000, 4520200, 4602000, 4254500, 4641300, 3858200, 4749400, 5150700, 3996600, 4956100, 4348700, 5031600, 5852400, 4962400, 4092300, 4349300, 4337300, 4257000, 3794200]

id 34
F = [46, 2, 24, 4, 5, 20, 2, 36, 41, 27, 7, 61, 3, 11, 15, 9, 7, 13, 11, 2, 22, 65, 51, 1, 10, 70, 14, 20, 5, 18]
F2 = [0, 0, 0, 0, 0, 0, 0, 0, 0, 0, 0, 0, 0, 0, 0, 0, 0, 0, 0, 0, 0, 0, 0, 0, 0, 0, 0, 0, 0, 0]
T = [326600, 34200, 176500, 46300, 49300, 118900, 30100, 188200, 197900, 136500, 55600, 299100, 36100, 114700, 158100, 99700, 89200, 79400, 74100, 30100, 118800, 393700, 319600, 25200, 67200, 543400, 109200, 194100, 40700, 147800]
T2 = [3938300, 3767500, 4276200, 3613800, 3785500, 3940700, 4174400, 3650600, 3468500, 3375600, 3646700, 3902200, 3783000, 4637300, 4320400, 3960400, 3969100, 3958900, 3407400, 3795200, 3944400, 3699900, 3538700, 4068000, 4082100, 3748100, 4089000, 3779300, 4290800, 4370000]

id 35
F = [2, 1, 25, 5, 77, 5, 12, 25, 14, 20, 18, 9, 4, 56, 21, 3, 205, 16, 13, 9, 39, 20, 2, 27, 20, 15, 2, 13, 26, 34]
F2 = [0, 0, 0, 0, 0, 0, 0, 0, 0, 0, 0, 0, 0, 0, 0, 0, 0, 0, 0, 0, 0, 0, 0, 0, 0, 0, 0, 0, 0, 0]
T = [33600, 27100, 215700, 44400, 380500, 41000, 96300, 166900, 91300, 103600, 129600, 185900, 42400, 291800, 167000, 36900, 955000, 110600, 85400, 94300, 268100, 112100, 47400, 152700, 107800, 87100, 32800, 103600, 194300, 207600]
T2 = [3630800, 3659200, 3485100, 5608600, 3856700, 3648900, 4443400, 4440000, 3470500, 3348800, 3912600, 4375400, 4373600, 3740400, 4019200, 3813700, 3808600, 3580300, 3755300, 4209100, 3821300, 3592800, 4210400, 3460000, 3590000, 3841600, 3686800, 3778400, 3671700, 3519600]

id 36
F = [22, 14, 5, 6, 38, 22, 32, 37, 9, 29, 12, 54, 5, 7, 1, 15, 16, 8, 15, 43, 19, 6, 70, 29, 41, 12, 10, 10, 3, 15]
F2 = [0, 0, 0, 0, 0, 0, 0, 0, 0, 0, 0, 0, 0, 0, 0, 0, 0, 0, 0, 0, 0, 0, 0, 0, 0, 0, 0, 0, 0, 0]
T = [178200, 109700, 55100, 47000, 193500, 150300, 211900, 316600, 97400, 171400, 100100, 383200, 40100, 111900, 38700, 113500, 222800, 60200, 113100, 277700, 176400, 60300, 487300, 148000, 251100, 70300, 91200, 111800, 40300, 182400]
T2 = [4908800, 4623800, 4424900, 3507700, 3943700, 5502700, 5084400, 5301700, 5015100, 5063200, 5208900, 4897200, 5502900, 4534100, 4653300, 4253900, 5003800, 5912600, 4207900, 3790100, 4135600, 4311800, 3817000, 5304700, 4696400, 3866600, 4370700, 4875300, 4505600, 4495900]

id 37
F = [85, 135, 21, 15, 11, 38, 5, 2, 1, 1, 3, 18, 5, 65, 29, 48, 37, 21, 30, 40, 6, 23, 17, 13, 24, 12, 94, 79, 3, 21]
F2 = [0, 0, 0, 0, 0, 0, 0, 0, 0, 0, 0, 0, 0, 0, 0, 0, 0, 0, 0, 0, 0, 0, 0, 0, 0, 0, 0, 0, 0, 0]
T = [620400, 1331700, 134700, 97100, 96800, 272400, 44400, 44700, 23800, 70500, 42800, 146900, 55200, 337100, 244400, 258400, 227000, 253700, 346900, 624500, 60000, 135900, 201200, 124600, 130800, 87400, 854600, 443700, 47000, 141900]
T2 = [4278900, 7576300, 4239300, 5242800, 6615800, 5747300, 4472700, 5121000, 6315600, 5205800, 4988300, 4792900, 5665000, 3283900, 4610100, 7016200, 4027200, 9798000, 5685100, 6795700, 3909100, 8731400, 5792600, 5020700, 5567100, 6352500, 6107100, 3382300, 3510100, 6031000]

id 38
F = [17, 22, 33, 6, 10, 14, 24, 6, 16, 15, 22, 1, 8, 38, 6, 18, 10, 17, 31, 16, 6, 8, 26, 2, 67, 5, 26, 5, 27, 3]
F2 = [0, 0, 0, 0, 0, 0, 0, 0, 0, 0, 0, 0, 0, 0, 0, 0, 0, 0, 0, 0, 0, 0, 0, 0, 0, 0, 0, 0, 0, 0]
T = [115700, 105400, 138300, 41600, 111700, 76400, 146300, 52900, 117600, 81400, 146400, 17100, 92300, 154200, 36300, 131200, 76200, 83500, 130600, 99100, 43800, 42000, 171500, 28300, 247200, 30700, 109000, 53000, 127900, 32300]
T2 = [3797400, 3097200, 3573900, 3338700, 3806500, 3702800, 4017800, 4891200, 4328400, 3002800, 3381200, 3561600, 4239300, 3626200, 2871100, 3692400, 3498600, 3041400, 2821600, 3250400, 2930100, 4069000, 3818400, 3043300, 2779900, 2826500, 3214800, 3271000, 3385800, 3999400]

id 39
F = [61, 10, 2, 7, 19, 88, 2, 2, 17, 13, 1, 6, 1, 58, 19, 52, 26, 9, 1, 33, 5, 42, 2, 2, 1, 10, 3, 1, 2, 14]
F2 = [0, 0, 0, 0, 0, 0, 0, 0, 0, 0, 0, 0, 0, 0, 0, 0, 0, 0, 0, 0, 0, 0, 0, 0, 0, 0, 0, 0, 0, 0]
T = [242800, 81400, 31000, 92600, 195200, 878300, 54500, 30100, 141000, 85700, 23900, 71800, 23500, 227800, 91900, 209200, 168200, 80700, 15100, 136900, 30400, 242500, 48300, 26900, 18900, 72200, 29600, 14900, 19400, 124700]
T2 = [2848100, 3008900, 4714700, 4574500, 4976000, 4605200, 4342600, 4550300, 4499300, 4493600, 3512400, 6046300, 3631800, 3080000, 3480900, 3314700, 4912900, 3363200, 2788300, 2752600, 3527600, 4132300, 3438700, 3080500, 3281300, 2952100, 2682800, 2716900, 4591100, 4059600]

id 40
F = [13, 7, 57, 19, 26, 6, 13, 24, 54, 8, 48, 35, 68, 6, 5, 13, 45, 3, 15, 1, 22, 28, 41, 18, 12, 2, 1, 27, 39, 2]
F2 = [0, 0, 0, 0, 0, 0, 0, 0, 0, 0, 0, 0, 0, 0, 0, 0, 0, 0, 0, 0, 0, 0, 0, 0, 0, 0, 0, 0, 0, 0]
T = [113100, 55100, 432000, 117000, 209200, 41100, 67700, 139600, 288500, 50200, 189100, 190600, 343400, 40200, 44900, 77100, 235900, 45100, 102400, 16200, 138600, 166100, 238500, 130400, 94800, 29800, 22100, 178600, 319300, 35800]
T2 = [4653400, 5027600, 4885700, 4321100, 4964800, 3114700, 3454400, 3407700, 3150400, 3023200, 3191500, 3355200, 3297400, 2828000, 3167900, 3308700, 3205900, 4736900, 3274900, 3394900, 4152400, 4269900, 4216800, 4659400, 4327100, 4111700, 4252800, 4143200, 4993200, 4506500]

id 41
F = [12, 7, 12, 14, 14, 3, 6, 10, 5, 6, 20, 4, 33, 23, 23, 9, 24, 4, 36, 7, 85, 6, 9, 48, 17, 8, 7, 11, 29, 4]
F2 = [0, 0, 0, 0, 0, 0, 0, 0, 0, 0, 0, 0, 0, 0, 0, 0, 0, 0, 0, 0, 0, 0, 0, 0, 0, 0, 0, 0, 0, 0]
T = [101100, 61500, 155700, 181000, 88200, 64800, 67100, 98900, 53000, 49200, 104100, 44300, 219400, 126100, 127200, 77600, 173800, 34500, 174100, 105900, 381200, 74900, 65600, 235000, 168500, 57100, 66300, 71300, 178200, 33400]
T2 = [3558600, 4274700, 4409000, 3780300, 4402700, 3673700, 4247800, 4881600, 3969000, 3458600, 3927900, 4438200, 3636000, 3737900, 4286100, 3604500, 3380900, 3553600, 3383600, 3783400, 3646800, 3586800, 3467400, 3639200, 4230900, 3872500, 3498200, 4145200, 3608900, 3516000]

id 42
F = [27, 16, 18, 1, 30, 9, 92, 1, 3, 13, 8, 11, 17, 31, 2, 9, 83, 12, 26, 8, 6, 20, 3, 14, 2, 38, 49, 18, 16, 38]
F2 = [0, 0, 0, 0, 0, 0, 0, 0, 0, 0, 0, 0, 0, 0, 0, 0, 0, 0, 0, 0, 0, 0, 0, 0, 0, 0, 0, 0, 0, 0]
T = [154300, 93000, 98900, 21600, 152800, 63100, 461500, 40700, 50300, 96300, 62700, 124900, 106400, 212300, 29100, 80300, 520900, 97100, 145500, 58300, 53200, 108000, 40700, 118100, 23300, 262300, 304400, 126200, 126800, 222700]
T2 = [3410000, 3387500, 3438300, 3413500, 3992700, 3609300, 3736600, 3325900, 3980400, 3735100, 3410300, 3641200, 3850600, 4086700, 3638100, 4183500, 3972000, 3871200, 3888000, 4136800, 3631900, 3577700, 3801200, 3765300, 3367800, 3962600, 3781700, 4632900, 4080500, 3390800]

id 43
F = [12, 33, 6, 18, 12, 17, 2, 46, 8, 15, 24, 16, 4, 4, 12, 14, 11, 41, 42, 3, 27, 21, 11, 8, 8, 9, 1, 35, 69, 3]
F2 = [0, 0, 0, 0, 0, 0, 0, 0, 0, 0, 0, 0, 0, 0, 0, 0, 0, 0, 0, 0, 0, 0, 0, 0, 0, 0, 0, 0, 0, 0]
T = [79800, 230500, 54900, 109600, 97100, 98100, 68300, 262800, 55000, 94100, 127200, 138000, 53000, 55000, 93300, 74900, 141500, 196400, 1795800, 32100, 135700, 155400, 86500, 55300, 43900, 75400, 20300, 286000, 344000, 40400]
T2 = [4203700, 3978100, 4138200, 4241400, 4129000, 3779500, 5372100, 3958500, 3988700, 4234900, 4142000, 4128200, 4499200, 3543300, 3514600, 3732200, 3876300, 3796300, 3504200, 3407900, 3561400, 3728400, 4106200, 3308300, 3372200, 3761600, 3496100, 3589800, 3598400, 3675100]

id 44
F = [8, 6, 1, 28, 3, 109, 20, 28, 3, 18, 10, 41, 41, 19, 12, 16, 11, 50, 33, 67, 26, 18, 11, 28, 30, 1, 39, 53, 11, 14]
F2 = [0, 0, 0, 0, 0, 0, 0, 0, 0, 0, 0, 0, 0, 0, 0, 0, 0, 0, 0, 0, 0, 0, 0, 0, 0, 0, 0, 0, 0, 0]
T = [56800, 42700, 20100, 128700, 22900, 513600, 203500, 123300, 44100, 179800, 106500, 166800, 170400, 81100, 56500, 117800, 59700, 278400, 193600, 320000, 137100, 85300, 60400, 164400, 145800, 20100, 153100, 244100, 58000, 74500]
T2 = [3053700, 2967600, 3195500, 2899900, 2891900, 4463300, 3325900, 4272100, 5107300, 5210200, 5410800, 4154300, 2777200, 2776700, 2748700, 3387200, 3380300, 3693300, 3269000, 2810400, 2861700, 2876900, 2929300, 3446200, 3979400, 2961800, 2854400, 2981200, 3063500, 3768100]

id 45
F = [9, 14, 20, 25, 6, 7, 48, 7, 65, 20, 1, 5, 49, 9, 22, 3, 32, 67, 48, 3, 26, 9, 48, 34, 25, 46, 2, 91, 6, 8]
F2 = [0, 0, 0, 0, 0, 0, 0, 0, 0, 0, 0, 0, 0, 0, 0, 0, 0, 0, 0, 0, 0, 0, 0, 0, 0, 0, 0, 0, 0, 0]
T = [129500, 74200, 221700, 155200, 45600, 87200, 397700, 93000, 344200, 169700, 19700, 43800, 399100, 74100, 178000, 35200, 196800, 545200, 200600, 57300, 147300, 105400, 304500, 156000, 166000, 473000, 23000, 467100, 68400, 103000]
T2 = [3502100, 3454400, 4674800, 3402700, 5407400, 5088100, 5175300, 5158600, 5038700, 5837800, 6662100, 6146600, 4820500, 6850000, 6697600, 4996500, 3936200, 5814200, 5353700, 4501000, 4528500, 4977400, 4871800, 3167100, 3447300, 4557200, 4801900, 3465100, 3983000, 3491900]

id 46
F = [51, 18, 9, 13, 43, 29, 3, 58, 10, 71, 4, 39, 14, 1, 10, 87, 14, 6, 8, 11, 29, 23, 33, 32, 8, 1, 26, 2, 7, 8]
F2 = [0, 0, 0, 0, 0, 0, 0, 0, 0, 0, 0, 0, 0, 0, 0, 0, 0, 0, 0, 0, 0, 0, 0, 0, 0, 0, 0, 0, 0, 0]
T = [298200, 127500, 65400, 130100, 259800, 309000, 34300, 641500, 71800, 375100, 72000, 198500, 107100, 72900, 69000, 374500, 151000, 48200, 49300, 55200, 158600, 122700, 184200, 193900, 61600, 26200, 259400, 15200, 30000, 39400]
T2 = [3909700, 3584800, 3672700, 4031900, 3546200, 3705500, 4021000, 4023800, 3603000, 3593700, 4156600, 5234000, 3649700, 4033100, 3240700, 3686400, 4265300, 4405100, 2844900, 3261500, 3017700, 3924300, 10685400, 3895100, 5757200, 7909300, 3755100, 1780200, 1706300, 1632000]

id 47
F = [21, 48, 46, 24, 17, 37, 3, 3, 27, 20, 8, 4, 12, 14, 46, 15, 54, 30, 21, 24, 15, 14, 43, 22, 7, 28, 11, 3, 13, 12]
F2 = [0, 0, 0, 0, 0, 0, 0, 0, 0, 0, 0, 0, 0, 0, 0, 0, 0, 0, 0, 0, 0, 0, 0, 0, 0, 0, 0, 0, 0, 0]
T = [90100, 116100, 103300, 97200, 52900, 158700, 55000, 30200, 78500, 73400, 76900, 22900, 45800, 46100, 124500, 47600, 112900, 202300, 79300, 75400, 147500, 44000, 116900, 67100, 31400, 82900, 39600, 19300, 39000, 48100]
T2 = [1683500, 1577400, 2373600, 1903900, 1504800, 2339400, 1958100, 1633900, 1602800, 1732900, 2890800, 1538400, 2081900, 2488900, 2187700, 1805700, 2339300, 2280500, 2384500, 1963200, 1934500, 1831500, 1732600, 1742800, 1937000, 1674500, 1656200, 1608000, 2279800, 2427800]

id 48
F = [19, 22, 3, 1, 47, 2, 10, 13, 11, 1, 28, 33, 37, 22, 25, 2, 31, 11, 1, 12, 70, 20, 19, 5, 51, 9, 15, 18, 4, 7]
F2 = [0, 0, 0, 0, 0, 0, 0, 0, 0, 0, 0, 0, 0, 0, 0, 0, 0, 0, 0, 0, 0, 0, 0, 0, 0, 0, 0, 0, 0, 0]
T = [71000, 77000, 30400, 13900, 87700, 12200, 26500, 32400, 37200, 13500, 56600, 70700, 72500, 76300, 69200, 22200, 96300, 48400, 15100, 42600, 191300, 57600, 53700, 21400, 147400, 37200, 102100, 54700, 21700, 54700]
T2 = [1581900, 2316200, 1583500, 1278500, 1267500, 1311700, 1293000, 1340400, 1433300, 1303000, 1324500, 1282300, 1437000, 1512400, 1467600, 1366400, 1466100, 1760000, 1701000, 1684200, 1774700, 1653600, 1511200, 1604500, 2477700, 2170500, 1966400, 1282800, 1489400, 2160200]

id 49
F = [7, 19, 36, 15, 1, 1, 2, 5, 14, 16, 1, 1, 41, 10, 3, 10, 36, 5, 19, 12, 66, 37, 34, 17, 14, 19, 7, 5, 11, 33]
F2 = [0, 0, 0, 0, 0, 0, 0, 0, 0, 0, 0, 0, 0, 0, 0, 0, 0, 0, 0, 0, 0, 0, 0, 0, 0, 0, 0, 0, 0, 0]
T = [45300, 54600, 116300, 48900, 24200, 32100, 27100, 37800, 73200, 75900, 11800, 18400, 83100, 33300, 16600, 64400, 197600, 28700, 62900, 103900, 366100, 86700, 89100, 45700, 65200, 60400, 24300, 19400, 69600, 227800]
T2 = [1836900, 1862200, 1434100, 1340700, 2973900, 2237400, 1588000, 3386500, 3245600, 2598700, 3419300, 4034300, 1534300, 1502700, 1721600, 1733700, 1742600, 1619300, 2855600, 3749400, 1797700, 1470500, 1650400, 1668100, 1451200, 1331000, 1293900, 1353000, 1772600, 3558400]

