id 0
F = [6, 24, 11, 37, 2, 5, 14, 9, 56, 3, 19, 25, 2, 24, 1, 12, 10, 5, 29, 20, 72, 8, 11, 13, 16, 6, 30, 9, 5, 13]
F2 = [0, 0, 0, 0, 0, 0, 0, 0, 0, 0, 0, 0, 0, 0, 0, 0, 0, 0, 0, 0, 0, 0, 0, 0, 0, 0, 0, 0, 0, 0]
T = [6678900, 4308600, 674900, 2409500, 6873300, 440300, 1809400, 488000, 4137500, 285200, 1090200, 1291500, 226300, 6986400, 212500, 773000, 5731600, 318500, 3635500, 454800, 1885000, 305100, 244100, 388900, 422100, 109000, 512100, 442600, 2062700, 267800]
T2 = [7372100, 4767300, 7363200, 4335500, 4295400, 4202600, 2144500, 3812800, 3013100, 4130700, 4423800, 4183100, 4789100, 3100000, 3464400, 5083200, 2732300, 3665000, 4788000, 2388600, 3066100, 2522000, 3373200, 4248000, 3260100, 2142200, 2704600, 3625700, 2453200, 2463300]

id 1
F = [22, 6, 13, 18, 68, 7, 67, 1, 47, 38, 33, 2, 4, 4, 14, 20, 56, 35, 18, 26, 2, 8, 21, 13, 45, 24, 9, 79, 2, 14]
F2 = [0, 0, 0, 0, 0, 0, 0, 0, 0, 0, 0, 0, 0, 0, 0, 0, 0, 0, 0, 0, 0, 0, 0, 0, 0, 0, 0, 0, 0, 0]
T = [1552400, 305100, 386600, 480000, 947500, 383000, 943500, 75300, 569900, 520300, 457300, 81700, 113400, 88600, 190200, 188800, 451900, 481700, 276800, 293900, 67700, 160500, 349800, 200000, 420500, 389000, 150500, 2094400, 1175800, 968400]
T2 = [6331400, 3352300, 4987900, 4119200, 3458100, 2798200, 3573900, 2909200, 2380900, 2727800, 2649200, 2650300, 2682400, 1984500, 2954300, 1504000, 3990500, 3113300, 2422000, 2525000, 2129400, 2210500, 2542300, 2861100, 2650600, 2451100, 3530800, 3595500, 5055800, 5164300]

id 2
F = [24, 15, 2, 62, 26, 22, 15, 70, 2, 15, 16, 14, 5, 1, 18, 7, 24, 10, 40, 16, 46, 33, 44, 7, 30, 8, 6, 15, 19, 9]
F2 = [0, 0, 0, 0, 0, 0, 0, 0, 0, 0, 0, 0, 0, 0, 0, 0, 0, 0, 0, 0, 0, 0, 0, 0, 0, 0, 0, 0, 0, 0]
T = [316800, 209300, 64000, 670100, 219300, 293100, 234700, 810700, 118900, 232200, 191000, 157000, 83500, 52900, 204800, 77300, 260700, 107900, 449000, 117300, 434100, 411400, 264200, 152000, 218700, 126600, 75900, 417400, 192000, 101700]
T2 = [2843600, 4124400, 2673000, 1903500, 2177800, 2160500, 2987200, 3276900, 3362100, 3248800, 2184900, 2352300, 2106900, 2559300, 2005300, 3650900, 1863900, 1981500, 2177700, 3163000, 3373600, 2775600, 2248100, 2021800, 2111100, 2397700, 3065100, 3564700, 2498800, 1766600]

id 3
F = [5, 24, 7, 30, 52, 2, 12, 12, 5, 34, 20, 11, 53, 26, 19, 5, 61, 63, 21, 9, 3, 8, 7, 48, 8, 10, 3, 16, 17, 3]
F2 = [0, 0, 0, 0, 0, 0, 0, 0, 0, 0, 0, 0, 0, 0, 0, 0, 0, 0, 0, 0, 0, 0, 0, 0, 0, 0, 0, 0, 0, 0]
T = [94800, 206200, 156900, 244900, 464100, 350300, 125200, 117200, 81600, 256600, 220800, 128800, 266000, 236600, 187100, 108300, 465900, 531800, 196700, 135300, 53500, 122900, 90500, 371000, 103300, 143000, 80200, 207800, 1115100, 98100]
T2 = [3937400, 2549500, 2550700, 2644000, 2457900, 3491400, 3109600, 1979200, 2530300, 2077800, 2628900, 2225700, 2781100, 2217300, 3527300, 3224300, 2330200, 2420200, 3180300, 2186600, 2157400, 2334600, 5225700, 2236600, 2368700, 3953100, 4847200, 3275300, 9235500, 9414800]

id 4
F = [37, 55, 25, 12, 8, 26, 7, 18, 11, 14, 5, 12, 31, 28, 21, 27, 16, 7, 14, 43, 46, 8, 5, 27, 15, 13, 42, 23, 17, 28]
F2 = [0, 0, 0, 0, 0, 0, 0, 0, 0, 0, 0, 0, 0, 0, 0, 0, 0, 0, 0, 0, 0, 0, 0, 0, 0, 0, 0, 0, 0, 0]
T = [482200, 349600, 188200, 196500, 130500, 211400, 70300, 217400, 136400, 113400, 60200, 138700, 292700, 202500, 143200, 547500, 132500, 78200, 79500, 346700, 309900, 105400, 64800, 363900, 157800, 120600, 276600, 256700, 142800, 249800]
T2 = [1908300, 1835800, 1841800, 2258000, 2324400, 1468200, 1516700, 2402400, 2285100, 2135700, 2614400, 2293800, 2457300, 1615300, 2018500, 2651600, 1865600, 1364800, 2327700, 1632900, 3336600, 2629200, 1808600, 2583100, 2479800, 2740500, 2632100, 2882700, 2726100, 2673000]

id 5
F = [5, 12, 2, 18, 2, 45, 26, 3, 68, 2, 8, 20, 24, 15, 37, 20, 39, 72, 10, 1, 4, 31, 33, 6, 26, 37, 61, 45, 1, 12]
F2 = [0, 0, 0, 0, 0, 0, 0, 0, 0, 0, 0, 0, 0, 0, 0, 0, 0, 0, 0, 0, 0, 0, 0, 0, 0, 0, 0, 0, 0, 0]
T = [147100, 124400, 61200, 195500, 43800, 288500, 147000, 66800, 462700, 101000, 101100, 134200, 154900, 163500, 680900, 313800, 260600, 345700, 75300, 38200, 62100, 264400, 188700, 59400, 136000, 269000, 278000, 161000, 45400, 124100]
T2 = [4055800, 3208100, 1919800, 2604200, 1663700, 2124500, 2102800, 2219000, 2938100, 2634000, 2225900, 3456500, 1935400, 2726900, 2818400, 4236500, 1876900, 2005500, 1875300, 2316800, 2325400, 2571500, 1727800, 1837700, 1942500, 2012700, 1540700, 1497800, 1526600, 2300000]

id 6
F = [7, 10, 39, 48, 22, 43, 22, 29, 13, 59, 44, 29, 11, 35, 27, 14, 50, 13, 19, 8, 2, 56, 58, 30, 2, 6, 6, 28, 7, 6]
F2 = [0, 0, 0, 0, 0, 0, 0, 0, 0, 0, 0, 0, 0, 0, 0, 0, 0, 0, 0, 0, 0, 0, 0, 0, 0, 0, 0, 0, 0, 0]
T = [135500, 172500, 280900, 348600, 171700, 219100, 150600, 173100, 140400, 335900, 251700, 191500, 119600, 163400, 162300, 76400, 575800, 137500, 154100, 76500, 34800, 219500, 288500, 1062100, 78800, 91200, 43900, 186000, 70700, 60800]
T2 = [4867400, 2708900, 3330600, 3582800, 4203000, 1936000, 2938600, 3104400, 2448400, 4603200, 3540500, 2759300, 2181900, 2401100, 2475000, 1697700, 2477800, 3485400, 2238800, 2008000, 2628500, 7177500, 2679800, 2610800, 8401600, 1971400, 3149600, 2573400, 4035700, 2694200]

id 7
F = [30, 6, 15, 6, 20, 25, 19, 7, 14, 8, 11, 1, 25, 28, 40, 99, 20, 51, 11, 10, 6, 25, 12, 14, 16, 6, 4, 55, 12, 70]
F2 = [0, 0, 0, 0, 0, 0, 0, 0, 0, 0, 0, 0, 0, 0, 0, 0, 0, 0, 0, 0, 0, 0, 0, 0, 0, 0, 0, 0, 0, 0]
T = [260100, 100400, 95900, 74600, 114600, 120100, 188700, 54400, 75900, 69500, 63700, 24700, 106800, 230500, 327000, 372400, 107600, 979600, 104100, 65600, 132400, 170400, 97600, 98200, 103700, 1320400, 95800, 275200, 95300, 384400]
T2 = [4160000, 2148200, 2079900, 2244300, 2563800, 3748200, 3540800, 1958900, 2184900, 2945600, 1821200, 2210300, 3558200, 4461100, 15947600, 3583200, 2848700, 3194800, 2825000, 1873100, 1801200, 1873000, 2742600, 2307800, 6167100, 3693700, 2194200, 6593800, 12436100, 2658000]

id 8
F = [26, 23, 24, 37, 15, 14, 41, 5, 9, 8, 55, 46, 24, 2, 33, 32, 13, 85, 24, 19, 42, 8, 38, 36, 62, 8, 8, 8, 27, 7]
F2 = [0, 0, 0, 0, 0, 0, 0, 0, 0, 0, 0, 0, 0, 0, 0, 0, 0, 0, 0, 0, 0, 0, 0, 0, 0, 0, 0, 0, 0, 0]
T = [224900, 210900, 126700, 220100, 212100, 196300, 183200, 50400, 82100, 403400, 326100, 218500, 125400, 46000, 340600, 723000, 116100, 349300, 137200, 128400, 265000, 61600, 165200, 157700, 1919500, 54200, 60100, 111000, 186500, 117100]
T2 = [5349000, 2830900, 4040900, 3898700, 6054800, 3078300, 8146700, 2515200, 9845700, 3279400, 3730700, 2005200, 4020000, 3330500, 2335300, 2959000, 2497100, 8595000, 9637800, 3619900, 16254800, 3215300, 4286100, 7899900, 3454100, 4383100, 2613500, 4952300, 2720100, 18442700]

id 9
F = [9, 34, 39, 14, 11, 26, 9, 5, 30, 33, 4, 8, 22, 12, 14, 47, 42, 29, 56, 27, 2, 9, 46, 12, 36, 29, 23, 1, 13, 31]
F2 = [0, 0, 0, 0, 0, 0, 0, 0, 0, 0, 0, 0, 0, 0, 0, 0, 0, 0, 0, 0, 0, 0, 0, 0, 0, 0, 0, 0, 0, 0]
T = [134400, 205900, 212800, 77200, 56100, 198100, 63800, 77200, 167300, 156600, 67100, 142200, 85600, 62500, 63900, 1078900, 123000, 95000, 212200, 100500, 17600, 50400, 141900, 72800, 289500, 145300, 316700, 48500, 101900, 137500]
T2 = [3984100, 3043700, 4709900, 2556300, 3024100, 2605500, 3721700, 4493300, 3204900, 1752400, 2365700, 1747600, 2247300, 2149100, 1837400, 2425900, 1636200, 2083300, 2657200, 1746000, 1317200, 2837700, 2241900, 2266900, 3030900, 2428700, 2792200, 2413300, 1923800, 2751800]

id 10
F = [14, 5, 37, 66, 1, 9, 45, 16, 7, 2, 16, 2, 25, 23, 50, 7, 80, 38, 2, 27, 13, 1, 44, 52, 5, 8, 10, 42, 42, 19]
F2 = [0, 0, 0, 0, 0, 0, 0, 0, 0, 0, 0, 0, 0, 0, 0, 0, 0, 0, 0, 0, 0, 0, 0, 0, 0, 0, 0, 0, 0, 0]
T = [118300, 51800, 115900, 285400, 16400, 40700, 118200, 111600, 31800, 23100, 65300, 18100, 101600, 75900, 142700, 29600, 219300, 107700, 20000, 92200, 44200, 14300, 148600, 281800, 22100, 34100, 69500, 106800, 116400, 57500]
T2 = [2239800, 3757200, 1862900, 3058800, 1783300, 1744000, 2961400, 3448200, 6354400, 5098700, 2381200, 8758600, 2875200, 15668600, 4330200, 5278000, 13979500, 3508500, 2861400, 1983900, 1764700, 2534100, 2045700, 1973400, 1641500, 3320500, 2194100, 2122300, 1813500, 1726800]

id 11
F = [9, 18, 6, 13, 1, 41, 14, 36, 23, 1, 36, 16, 19, 4, 49, 13, 31, 16, 9, 18, 54, 5, 3, 27, 1, 5, 32, 11, 29, 44]
F2 = [0, 0, 0, 0, 0, 0, 0, 0, 0, 0, 0, 0, 0, 0, 0, 0, 0, 0, 0, 0, 0, 0, 0, 0, 0, 0, 0, 0, 0, 0]
T = [76500, 136100, 34700, 56200, 25900, 118300, 155000, 112400, 95100, 20400, 114800, 68500, 68300, 35900, 142700, 45500, 155500, 50100, 51600, 76000, 153100, 38000, 21100, 125600, 12300, 24500, 91600, 48600, 108300, 119400]
T2 = [2383900, 2596700, 2007800, 2140300, 2179000, 1932300, 1893700, 3492900, 4300300, 12092500, 2434700, 2093700, 2715700, 4679400, 3341200, 2204100, 11160000, 2639000, 2561700, 41445800, 43825100, 3549200, 4360200, 1671100, 3363800, 3434800, 2069400, 48164400, 3272400, 2713700]

id 12
F = [39, 10, 3, 85, 21, 52, 27, 55, 41, 37, 7, 5, 15, 27, 14, 37, 2, 7, 8, 23, 21, 66, 20, 42, 29, 11, 11, 1, 2, 11]
F2 = [0, 0, 0, 0, 0, 0, 0, 0, 0, 0, 0, 0, 0, 0, 0, 0, 0, 0, 0, 0, 0, 0, 0, 0, 0, 0, 0, 0, 0, 0]
T = [256000, 52800, 26900, 235000, 83600, 162100, 97300, 207400, 132900, 135700, 45900, 29400, 52300, 99800, 69100, 140500, 25200, 49900, 42100, 76200, 132400, 194100, 197200, 123200, 108100, 49100, 75500, 58600, 24000, 47700]
T2 = [4342400, 3441700, 3007600, 2850100, 2837800, 4554400, 3396600, 5267900, 2801500, 2432300, 6297100, 2171400, 4045700, 5673700, 6515800, 4300700, 5959600, 4153300, 3236000, 5572600, 3412300, 3582700, 2488100, 2119500, 3120600, 2138100, 3156700, 3325600, 2721900, 8555700]

id 13
F = [28, 2, 30, 55, 37, 57, 20, 55, 21, 52, 29, 17, 13, 8, 21, 18, 18, 7, 7, 25, 16, 12, 22, 33, 21, 4, 10, 46, 48, 7]
F2 = [0, 0, 0, 0, 0, 0, 0, 0, 0, 0, 0, 0, 0, 0, 0, 0, 0, 0, 0, 0, 0, 0, 0, 0, 0, 0, 0, 0, 0, 0]
T = [153400, 16000, 472400, 130900, 126600, 231300, 78700, 154300, 90300, 221300, 90800, 64900, 54000, 36400, 76500, 64800, 93200, 33300, 38500, 98100, 57500, 49200, 69800, 123000, 74700, 49600, 52400, 131100, 190300, 77300]
T2 = [2700400, 5853700, 8249900, 1781000, 4813000, 4061200, 4642800, 1854800, 3159900, 2608200, 1664400, 1939000, 1989800, 1708800, 1825900, 3959900, 2855200, 5288000, 2412600, 2016900, 1831800, 2596700, 2171500, 2475200, 6049500, 8113600, 2287500, 4425100, 3431400, 5097700]

id 14
F = [3, 9, 58, 28, 47, 17, 8, 8, 85, 1, 21, 35, 11, 16, 8, 55, 30, 5, 22, 19, 34, 4, 15, 8, 5, 12, 12, 32, 45, 37]
F2 = [0, 0, 0, 0, 0, 0, 0, 0, 0, 0, 0, 0, 0, 0, 0, 0, 0, 0, 0, 0, 0, 0, 0, 0, 0, 0, 0, 0, 0, 0]
T = [216700, 51500, 163300, 151500, 511800, 61900, 36000, 49500, 288300, 26500, 228300, 265800, 43200, 61100, 36400, 156500, 96800, 63400, 123800, 95600, 123300, 44600, 55700, 35400, 42900, 37300, 44800, 100500, 102100, 144800]
T2 = [3265200, 1762100, 1884700, 2152700, 1746300, 2062600, 2506100, 2420800, 1647300, 3034100, 1608600, 2093200, 2555600, 1801300, 1813900, 1889000, 2205000, 3397900, 3474800, 2463000, 1876500, 3196500, 1616300, 1769200, 1855200, 2015100, 1518600, 1578300, 1616300, 3306700]

id 15
F = [15, 5, 37, 2, 66, 40, 14, 5, 28, 34, 1, 47, 87, 19, 9, 12, 52, 17, 6, 26, 14, 39, 8, 56, 53, 35, 26, 12, 8, 7]
F2 = [0, 0, 0, 0, 0, 0, 0, 0, 0, 0, 0, 0, 0, 0, 0, 0, 0, 0, 0, 0, 0, 0, 0, 0, 0, 0, 0, 0, 0, 0]
T = [62600, 28200, 262500, 30100, 378800, 91100, 56200, 36000, 115900, 233900, 22100, 232000, 379900, 116400, 51500, 63600, 161800, 78900, 37600, 129800, 79000, 111000, 50800, 308800, 213500, 108500, 124000, 59100, 45500, 63300]
T2 = [3684100, 2781000, 3210000, 2111000, 2088500, 1483500, 2875500, 2733000, 1713300, 3554000, 4954200, 2393200, 2774600, 12448600, 4840900, 5692500, 2234400, 3720900, 2722000, 2572500, 2300200, 2195100, 2147000, 2995900, 1797800, 1881100, 2766100, 2860500, 3680400, 4653700]

id 16
F = [1, 1, 10, 3, 11, 7, 37, 4, 8, 23, 4, 9, 28, 1, 115, 3, 49, 32, 33, 8, 59, 7, 3, 30, 27, 6, 29, 18, 62, 58]
F2 = [0, 0, 0, 0, 0, 0, 0, 0, 0, 0, 0, 0, 0, 0, 0, 0, 0, 0, 0, 0, 0, 0, 0, 0, 0, 0, 0, 0, 0, 0]
T = [18600, 15900, 44400, 31800, 51600, 41500, 112300, 40800, 50200, 95900, 31500, 49600, 103200, 16400, 542000, 25900, 156300, 145700, 108900, 44300, 208300, 45300, 27100, 106400, 108900, 29500, 149600, 78600, 172600, 183400]
T2 = [1944500, 2002100, 2843400, 2360600, 2349200, 1804500, 1713900, 2181100, 4027100, 2171500, 2282200, 3151400, 3781000, 3638900, 3052200, 3105400, 4103400, 2439500, 1801600, 2636800, 2227700, 2673000, 2828400, 2068700, 2040100, 2343300, 2351500, 1546200, 2772300, 1803600]

id 17
F = [15, 38, 22, 76, 2, 41, 44, 18, 5, 10, 33, 25, 2, 28, 78, 8, 4, 1, 38, 1, 1, 69, 2, 15, 2, 8, 2, 13, 13, 40]
F2 = [0, 0, 0, 0, 0, 0, 0, 0, 0, 0, 0, 0, 0, 0, 0, 0, 0, 0, 0, 0, 0, 0, 0, 0, 0, 0, 0, 0, 0, 0]
T = [70500, 157100, 113300, 195500, 16800, 120700, 189600, 115300, 35000, 114400, 168200, 60600, 15300, 135900, 217500, 62200, 22300, 17900, 207700, 19600, 20200, 181000, 23300, 75000, 17400, 55500, 21000, 127000, 55400, 94500]
T2 = [2141900, 2111300, 2068000, 2057800, 2095600, 2939000, 2063300, 4291800, 2377300, 1653000, 1950500, 1346200, 1427700, 1752600, 2446400, 2422700, 1810600, 2094800, 2614200, 2832600, 2822600, 1864000, 2355400, 1843400, 2140700, 1847600, 1810700, 3256800, 6816300, 1786100]

id 18
F = [19, 19, 21, 9, 77, 17, 11, 44, 54, 16, 5, 15, 25, 13, 4, 28, 29, 9, 15, 4, 7, 35, 55, 11, 21, 29, 29, 24, 8, 31]
F2 = [0, 0, 0, 0, 0, 0, 0, 0, 0, 0, 0, 0, 0, 0, 0, 0, 0, 0, 0, 0, 0, 0, 0, 0, 0, 0, 0, 0, 0, 0]
T = [90900, 89100, 93400, 43800, 217700, 76100, 53300, 175400, 202400, 76100, 32900, 67500, 95100, 76800, 28800, 269900, 127700, 42000, 69800, 27700, 46600, 115000, 194800, 49300, 75600, 183000, 111300, 139200, 31600, 89200]
T2 = [1958400, 3918100, 2638800, 2429600, 3890300, 2386500, 3101800, 2583900, 2572300, 2048200, 2295900, 2254200, 2265900, 2626000, 2508200, 2461700, 2392400, 2251400, 2717600, 2300000, 2119800, 2358800, 2124000, 2328100, 1893900, 2173900, 2809400, 2516200, 1858700, 1796500]

id 19
F = [4, 27, 38, 1, 25, 8, 45, 67, 1, 35, 1, 16, 18, 12, 43, 5, 29, 9, 48, 12, 8, 10, 12, 18, 3, 39, 11, 9, 63, 13]
F2 = [0, 0, 0, 0, 0, 0, 0, 0, 0, 0, 0, 0, 0, 0, 0, 0, 0, 0, 0, 0, 0, 0, 0, 0, 0, 0, 0, 0, 0, 0]
T = [29500, 119100, 111100, 15900, 101400, 51100, 269400, 234900, 19400, 139400, 18000, 269000, 273000, 54200, 185300, 31300, 531400, 41200, 147300, 61000, 502700, 39600, 37100, 69500, 22100, 117100, 58800, 37400, 199800, 45200]
T2 = [3304400, 2286600, 2407600, 2176900, 2717600, 2650400, 3004800, 2205500, 2667500, 2973500, 2396100, 11839200, 4217400, 3253400, 4034700, 4631800, 2377500, 2701500, 2470100, 2364300, 2449800, 2096100, 2113100, 2068800, 1461200, 2057900, 1995300, 1780300, 1957400, 2016600]

id 20
F = [5, 48, 2, 17, 68, 3, 4, 19, 21, 6, 14, 4, 12, 1, 13, 6, 7, 31, 7, 32, 39, 7, 18, 10, 8, 2, 46, 22, 62, 94]
F2 = [0, 0, 0, 0, 0, 0, 0, 0, 0, 0, 0, 0, 0, 0, 0, 0, 0, 0, 0, 0, 0, 0, 0, 0, 0, 0, 0, 0, 0, 0]
T = [25600, 206200, 24700, 86600, 233300, 25700, 49200, 81200, 84700, 35300, 56200, 28800, 60200, 21800, 58100, 41100, 49800, 102500, 34900, 126600, 129100, 35100, 98900, 62900, 43100, 20500, 140500, 75500, 182600, 259100]
T2 = [1466200, 2061800, 2629900, 3931000, 4394800, 3870700, 2633000, 14634500, 7140300, 2952300, 3293000, 2024100, 2020400, 5106500, 2571600, 2427500, 3993100, 2044600, 3253400, 3004300, 4943700, 5275500, 6220100, 2034400, 2298400, 7665400, 4766200, 3295800, 2153600, 2827900]

id 21
F = [36, 8, 36, 8, 1, 6, 32, 6, 19, 41, 81, 19, 14, 16, 8, 46, 7, 14, 70, 34, 21, 28, 10, 9, 7, 31, 25, 23, 11, 3]
F2 = [0, 0, 0, 0, 0, 0, 0, 0, 0, 0, 0, 0, 0, 0, 0, 0, 0, 0, 0, 0, 0, 0, 0, 0, 0, 0, 0, 0, 0, 0]
T = [140200, 45100, 125300, 36400, 50500, 42100, 123300, 41000, 880600, 256900, 189700, 89400, 52000, 114800, 76500, 161400, 69100, 300300, 262700, 231400, 67400, 72900, 44700, 53100, 46400, 136800, 83100, 86300, 49200, 32200]
T2 = [3755000, 5029600, 2244100, 15113200, 3704000, 6044800, 5340600, 2699900, 10501300, 2821400, 2154200, 3820900, 2154400, 3857000, 4141900, 2232100, 3313500, 2800800, 2865200, 2245700, 1682600, 2567200, 2055400, 3797100, 2911600, 2354700, 4490400, 2720200, 6112800, 4592800]

id 22
F = [28, 22, 14, 6, 1, 20, 16, 7, 17, 3, 6, 3, 30, 12, 36, 24, 36, 11, 17, 13, 9, 106, 3, 1, 9, 16, 33, 19, 25, 13]
F2 = [0, 0, 0, 0, 0, 0, 0, 0, 0, 0, 0, 0, 0, 0, 0, 0, 0, 0, 0, 0, 0, 0, 0, 0, 0, 0, 0, 0, 0, 0]
T = [82500, 74000, 48900, 27200, 16900, 80600, 62200, 33300, 75600, 34400, 56900, 31200, 105700, 52200, 117800, 79500, 108100, 46700, 63700, 50100, 42200, 294600, 19600, 14000, 54500, 68500, 105400, 75400, 105000, 51200]
T2 = [1623900, 1771300, 1663500, 2069500, 1918400, 2170200, 1856000, 2053600, 2322300, 3070500, 2164000, 2309600, 2964900, 2050800, 2712300, 1956600, 1907200, 1915000, 2665500, 1846700, 1770600, 1888700, 1723800, 13012500, 2386500, 2726900, 7223200, 97191100, 2074100, 1702300]

id 23
F = [6, 11, 35, 20, 15, 20, 16, 1, 5, 3, 35, 10, 26, 25, 8, 1, 11, 2, 11, 27, 5, 33, 61, 7, 12, 18, 21, 56, 1, 61]
F2 = [0, 0, 0, 0, 0, 0, 0, 0, 0, 0, 0, 0, 0, 0, 0, 0, 0, 0, 0, 0, 0, 0, 0, 0, 0, 0, 0, 0, 0, 0]
T = [46100, 50600, 116500, 89200, 69300, 73600, 81900, 18400, 25800, 23700, 141600, 54500, 90900, 120600, 60900, 11900, 36900, 34700, 41600, 95800, 75200, 119100, 206500, 34000, 45400, 59600, 74400, 219500, 24000, 274000]
T2 = [1636000, 2442700, 1852800, 1927200, 1648200, 1751000, 2270800, 1761700, 2050600, 2023600, 3057600, 2646600, 1749600, 2551000, 1884600, 1646300, 2311700, 2614100, 1877100, 1762400, 2069700, 2037200, 3421300, 2483100, 1917100, 1864900, 2150600, 6791800, 74930600, 22049400]

id 24
F = [14, 7, 26, 25, 17, 71, 62, 37, 12, 26, 4, 5, 2, 9, 13, 67, 35, 1, 23, 3, 10, 25, 50, 11, 8, 13, 28, 3, 18, 2]
F2 = [0, 0, 0, 0, 0, 0, 0, 0, 0, 0, 0, 0, 0, 0, 0, 0, 0, 0, 0, 0, 0, 0, 0, 0, 0, 0, 0, 0, 0, 0]
T = [64300, 54300, 92400, 93800, 58400, 241700, 269500, 107800, 54600, 116600, 35100, 38500, 17800, 38000, 144000, 281000, 121500, 14700, 83300, 26300, 42900, 89500, 184500, 51600, 63100, 63900, 130200, 22600, 109100, 43800]
T2 = [1950200, 3395800, 1886600, 1769700, 1918900, 2628900, 1951700, 2641100, 2149500, 3986800, 3062500, 2615600, 8045300, 2874400, 4400700, 3024400, 5266900, 2193500, 2194600, 2550300, 1934500, 2395500, 1760300, 2038100, 2397700, 4049100, 2304900, 2708800, 2527200, 3594600]

id 25
F = [19, 15, 14, 1, 21, 42, 4, 1, 63, 46, 13, 20, 6, 10, 10, 13, 9, 21, 25, 26, 10, 13, 34, 56, 4, 23, 5, 17, 12, 11]
F2 = [0, 0, 0, 0, 0, 0, 0, 0, 0, 0, 0, 0, 0, 0, 0, 0, 0, 0, 0, 0, 0, 0, 0, 0, 0, 0, 0, 0, 0, 0]
T = [71500, 51000, 91400, 21400, 68600, 132600, 24300, 18900, 200500, 187600, 51600, 74100, 28600, 81300, 45700, 61800, 36900, 81000, 109600, 102500, 51400, 44600, 82800, 131300, 26300, 79000, 30200, 49900, 51500, 83700]
T2 = [1942000, 2092000, 2218900, 2115600, 1692000, 1765100, 2120600, 2348000, 2032600, 1824200, 2243100, 1546200, 1620800, 2037200, 2063800, 1668500, 2259400, 2177300, 2023300, 1803700, 1919500, 1676800, 1762100, 2214700, 2111500, 1643800, 1792300, 2086700, 4222500, 2254800]

id 26
F = [32, 35, 5, 32, 5, 6, 9, 8, 27, 2, 6, 6, 2, 48, 3, 33, 44, 5, 27, 1, 30, 8, 24, 56, 29, 19, 39, 19, 14, 6]
F2 = [0, 0, 0, 0, 0, 0, 0, 0, 0, 0, 0, 0, 0, 0, 0, 0, 0, 0, 0, 0, 0, 0, 0, 0, 0, 0, 0, 0, 0, 0]
T = [114300, 132800, 32100, 120900, 28800, 27000, 37700, 34400, 164200, 24400, 36000, 42400, 15800, 158100, 24100, 106700, 164600, 28800, 2437900, 16500, 103700, 82400, 84800, 169800, 119700, 108000, 103300, 56600, 51100, 27000]
T2 = [4106600, 2886800, 2383100, 1831800, 2094900, 1618400, 1961800, 2003000, 1802600, 1975000, 2300300, 1754900, 1644300, 2168800, 2231300, 2460900, 1942000, 1988800, 2725800, 1926400, 2244100, 2806300, 2103400, 3014200, 2764800, 2031500, 1590000, 2677900, 1784800, 1618500]

id 27
F = [9, 12, 19, 24, 33, 71, 17, 1, 19, 14, 14, 43, 4, 38, 23, 11, 23, 27, 30, 29, 1, 15, 30, 89, 8, 19, 33, 17, 33, 1]
F2 = [0, 0, 0, 0, 0, 0, 0, 0, 0, 0, 0, 0, 0, 0, 0, 0, 0, 0, 0, 0, 0, 0, 0, 0, 0, 0, 0, 0, 0, 0]
T = [39400, 50300, 67500, 101700, 134000, 261100, 82700, 17000, 76300, 66600, 70300, 157600, 30400, 114900, 76400, 49200, 152600, 123900, 141600, 126700, 15400, 57600, 94200, 352700, 48100, 83800, 120800, 100100, 121000, 29000]
T2 = [2240000, 1988900, 6755600, 3516800, 2526900, 2294900, 2198400, 5705800, 3206400, 2618100, 32720900, 3957900, 2717800, 2205400, 2493400, 6257300, 4246500, 3694000, 3798400, 2951300, 2203600, 1855700, 2963400, 3058800, 3027000, 5780300, 6263600, 5282000, 2525000, 2474100]

id 28
F = [52, 3, 55, 4, 36, 8, 3, 39, 21, 3, 13, 4, 41, 19, 4, 9, 6, 42, 16, 28, 12, 24, 7, 6, 53, 5, 31, 2, 7, 7]
F2 = [0, 0, 0, 0, 0, 0, 0, 0, 0, 0, 0, 0, 0, 0, 0, 0, 0, 0, 0, 0, 0, 0, 0, 0, 0, 0, 0, 0, 0, 0]
T = [115700, 29600, 203300, 27600, 143200, 40900, 32000, 141000, 82200, 27700, 157300, 25800, 120200, 70600, 25200, 35000, 36400, 170800, 79700, 120300, 64200, 88300, 40900, 47900, 237700, 37300, 86300, 22100, 36100, 43700]
T2 = [1593300, 2814600, 4505600, 2314100, 3816300, 2600800, 2568900, 2375500, 2691900, 2317400, 2240300, 2036200, 1754700, 1923700, 2766000, 2047000, 3885900, 2874600, 2481600, 4246500, 2491700, 2223500, 3575700, 3341200, 4340000, 2193800, 2253800, 2014900, 2881900, 2872300]

id 29
F = [46, 5, 10, 3, 13, 27, 40, 23, 36, 32, 3, 15, 16, 16, 9, 5, 41, 1, 3, 88, 39, 16, 12, 24, 1, 1, 59, 7, 3, 7]
F2 = [0, 0, 0, 0, 0, 0, 0, 0, 0, 0, 0, 0, 0, 0, 0, 0, 0, 0, 0, 0, 0, 0, 0, 0, 0, 0, 0, 0, 0, 0]
T = [126900, 32500, 47500, 31500, 52900, 85800, 136900, 69000, 167500, 136300, 28100, 229300, 71500, 48900, 41600, 51700, 113900, 15000, 19500, 232900, 195300, 71200, 67800, 77200, 17800, 17700, 199100, 36500, 36900, 38800]
T2 = [1602100, 1399100, 1488600, 2641200, 3815600, 2393300, 1977800, 4528300, 2076700, 3080500, 2718800, 3068100, 1542300, 3015200, 2426700, 2721000, 1792300, 1453600, 2337400, 1886500, 2927300, 2480100, 3326900, 2723600, 2569200, 2267900, 2061900, 2186500, 2006800, 1867800]

id 30
F = [106, 6, 3, 46, 13, 3, 18, 27, 42, 34, 28, 4, 14, 33, 22, 14, 25, 55, 1, 3, 16, 18, 14, 31, 26, 4, 13, 17, 16, 109]
F2 = [0, 0, 0, 0, 0, 0, 0, 0, 0, 0, 0, 0, 0, 0, 0, 0, 0, 0, 0, 0, 0, 0, 0, 0, 0, 0, 0, 0, 0, 0]
T = [299300, 32600, 27400, 238500, 57300, 45800, 71500, 104900, 149200, 123000, 382900, 22600, 66000, 135700, 93900, 55700, 91200, 129900, 18100, 32600, 61400, 75500, 51100, 122900, 86100, 23800, 51000, 62700, 49500, 260300]
T2 = [2364800, 1790200, 1878800, 2696400, 3287000, 2704800, 2534700, 2769800, 2098400, 2606300, 2241600, 2640300, 3448100, 2764300, 2312400, 1821100, 1858000, 1630500, 1793500, 1713500, 1719600, 2011400, 1641400, 1987400, 2800900, 2422500, 2640600, 2253100, 1713500, 1831000]

id 31
F = [40, 31, 8, 5, 38, 35, 15, 12, 21, 1, 9, 35, 12, 3, 25, 57, 11, 10, 16, 10, 4, 65, 12, 8, 50, 66, 8, 33, 4, 2]
F2 = [0, 0, 0, 0, 0, 0, 0, 0, 0, 0, 0, 0, 0, 0, 0, 0, 0, 0, 0, 0, 0, 0, 0, 0, 0, 0, 0, 0, 0, 0]
T = [127700, 71600, 28500, 47700, 130100, 80000, 42400, 50100, 100100, 34000, 40300, 168400, 45900, 18600, 73400, 179800, 73600, 94900, 64400, 51800, 27800, 221900, 58100, 33100, 258200, 256500, 48000, 167400, 59000, 31600]
T2 = [1756700, 1481100, 1956300, 2668400, 2380300, 1379400, 2303200, 1955700, 2418400, 1803500, 1797100, 1821300, 1520100, 1699300, 1663000, 2941800, 2673800, 2126700, 2625600, 2517500, 2398200, 2181600, 1763200, 3017200, 2268000, 2874500, 2511400, 3042800, 2014600, 1856200]

id 32
F = [1, 23, 55, 23, 8, 4, 17, 66, 27, 10, 27, 7, 5, 3, 26, 15, 2, 6, 10, 45, 29, 25, 9, 24, 6, 15, 12, 2, 60, 12]
F2 = [0, 0, 0, 0, 0, 0, 0, 0, 0, 0, 0, 0, 0, 0, 0, 0, 0, 0, 0, 0, 0, 0, 0, 0, 0, 0, 0, 0, 0, 0]
T = [29400, 93900, 189400, 93300, 44100, 30300, 62900, 241800, 121900, 57800, 98200, 38600, 24900, 33500, 112700, 65400, 18900, 35600, 53800, 143100, 97900, 68600, 72700, 96700, 52800, 65100, 66600, 30000, 373800, 37300]
T2 = [2610500, 2625800, 2527900, 2445800, 2364100, 2610000, 1972200, 2019300, 2371300, 2199700, 1943600, 1728200, 2103500, 2474500, 2176600, 2332400, 2125800, 1829800, 2209700, 2421100, 2417800, 1735600, 2969300, 2948100, 2754000, 3000100, 3086400, 3185100, 1777100, 2552000]

id 33
F = [7, 28, 19, 54, 21, 5, 22, 7, 22, 15, 39, 44, 34, 2, 48, 3, 2, 4, 20, 26, 9, 19, 2, 1, 18, 2, 7, 44, 1, 2]
F2 = [0, 0, 0, 0, 0, 0, 0, 0, 0, 0, 0, 0, 0, 0, 0, 0, 0, 0, 0, 0, 0, 0, 0, 0, 0, 0, 0, 0, 0, 0]
T = [38000, 350000, 68000, 159200, 110100, 61000, 99900, 40800, 71200, 77200, 135500, 137500, 100500, 21800, 152200, 41500, 23900, 31800, 68400, 121100, 49100, 80600, 19500, 14900, 76400, 20700, 61600, 225600, 17200, 39500]
T2 = [4722000, 2702400, 2979900, 1899200, 2530000, 3310200, 3992700, 2494700, 1877700, 2429100, 3302000, 2282300, 2044400, 1985900, 3693300, 5058300, 2555500, 2279800, 2665100, 3365300, 2264200, 2038700, 2532400, 4570100, 5051400, 2998400, 2591300, 1905300, 2978500, 3938800]

id 34
F = [13, 86, 38, 9, 3, 100, 2, 8, 31, 36, 38, 51, 14, 31, 4, 1, 12, 21, 4, 13, 20, 25, 1, 2, 1, 18, 4, 15, 19, 17]
F2 = [0, 0, 0, 0, 0, 0, 0, 0, 0, 0, 0, 0, 0, 0, 0, 0, 0, 0, 0, 0, 0, 0, 0, 0, 0, 0, 0, 0, 0, 0]
T = [65500, 253400, 121800, 52300, 22500, 274300, 23100, 43100, 195000, 156400, 212700, 285800, 113900, 205600, 41800, 32400, 73700, 159000, 72400, 75200, 113600, 89800, 52300, 26200, 28700, 124100, 25900, 103600, 138200, 79700]
T2 = [3209200, 1968000, 2768400, 1930100, 2504900, 1907600, 2301800, 3790400, 2408800, 7107300, 2935100, 2638400, 2819300, 4753700, 3543800, 4012200, 5863700, 2105300, 2300400, 2978700, 2582200, 2198700, 6290200, 2285900, 2933900, 2293600, 2359200, 2143300, 2036000, 2551700]

id 35
F = [31, 42, 16, 36, 6, 10, 10, 23, 29, 7, 21, 32, 38, 22, 8, 13, 12, 10, 27, 30, 35, 29, 31, 37, 25, 5, 12, 59, 79, 20]
F2 = [0, 0, 0, 0, 0, 0, 0, 0, 0, 0, 0, 0, 0, 0, 0, 0, 0, 0, 0, 0, 0, 0, 0, 0, 0, 0, 0, 0, 0, 0]
T = [152300, 117000, 55500, 135000, 29600, 45500, 81900, 86400, 95800, 38000, 68400, 115000, 114300, 76900, 30800, 76000, 40200, 38000, 84700, 99600, 98400, 91500, 88800, 186100, 105900, 30700, 53100, 154800, 252500, 52700]
T2 = [2199700, 1811500, 2099000, 1799200, 1493400, 2482300, 1864200, 1949500, 2421400, 2234500, 1861500, 2501000, 1908800, 1937200, 1512200, 1533900, 1454900, 2705300, 2513100, 1946000, 1505500, 1673200, 2715200, 2541900, 4098700, 2602300, 1587500, 2888100, 1992700, 2050700]

id 36
F = [1, 65, 30, 16, 63, 30, 15, 16, 17, 22, 4, 4, 4, 25, 34, 4, 10, 12, 10, 27, 23, 6, 2, 7, 79, 6, 2, 29, 79, 91]
F2 = [0, 0, 0, 0, 0, 0, 0, 0, 0, 0, 0, 0, 0, 0, 0, 0, 0, 0, 0, 0, 0, 0, 0, 0, 0, 0, 0, 0, 0, 0]
T = [22000, 214600, 104300, 56800, 223700, 105300, 61800, 60800, 76600, 65900, 28100, 22100, 27400, 79200, 122700, 87900, 53500, 64200, 44700, 125300, 91000, 39000, 22900, 47200, 219200, 33500, 18900, 103500, 257900, 384000]
T2 = [1807400, 1990600, 2360300, 2048800, 1710700, 2154400, 2582100, 2468700, 2019400, 2140000, 2523800, 1555700, 1956400, 2094200, 3418700, 1824800, 2393700, 2775400, 2031600, 2371500, 2104000, 2596600, 2208000, 2034300, 2244300, 2134800, 1630700, 2787300, 2115100, 3439100]

id 37
F = [12, 2, 12, 30, 33, 35, 13, 24, 5, 15, 5, 7, 29, 15, 4, 39, 17, 80, 35, 5, 33, 10, 10, 35, 21, 47, 17, 12, 10, 27]
F2 = [0, 0, 0, 0, 0, 0, 0, 0, 0, 0, 0, 0, 0, 0, 0, 0, 0, 0, 0, 0, 0, 0, 0, 0, 0, 0, 0, 0, 0, 0]
T = [50600, 20800, 51500, 197300, 184000, 201200, 66300, 83500, 30600, 51500, 38200, 54800, 82200, 62600, 27000, 126600, 53500, 299400, 116400, 45500, 133600, 41700, 41500, 120600, 93500, 148100, 91800, 41400, 40100, 74400]
T2 = [2290700, 1764800, 8110400, 5388600, 2530900, 2523900, 1725500, 2855900, 1769000, 5538200, 1794700, 2551800, 2472600, 1692800, 2260800, 1872500, 2301600, 2871800, 2240300, 2467300, 1972600, 2015000, 6915200, 2512000, 2148700, 2281500, 1965900, 3734600, 1750700, 2448800]

id 38
F = [29, 35, 4, 3, 2, 2, 64, 43, 19, 19, 18, 13, 14, 8, 3, 3, 1, 33, 41, 15, 28, 62, 5, 9, 2, 15, 3, 36, 38, 69]
F2 = [0, 0, 0, 0, 0, 0, 0, 0, 0, 0, 0, 0, 0, 0, 0, 0, 0, 0, 0, 0, 0, 0, 0, 0, 0, 0, 0, 0, 0, 0]
T = [195200, 170900, 77800, 22900, 22900, 27500, 201900, 178500, 192600, 103900, 61000, 49800, 51700, 35600, 20200, 23100, 14200, 148300, 326700, 109500, 89800, 303400, 53100, 55600, 27500, 91500, 25500, 118800, 105500, 167900]
T2 = [5006500, 2207400, 6065000, 4141900, 5234800, 2846200, 3309100, 2427400, 3541800, 2007000, 1597200, 1746800, 1718800, 1626400, 2786200, 4499900, 2762800, 2215700, 2385500, 2109000, 2254500, 2585600, 2451000, 2053900, 2087800, 2574500, 2592800, 2842800, 1539700, 1510300]

id 39
F = [1, 35, 61, 7, 43, 12, 48, 21, 16, 13, 30, 16, 21, 11, 71, 6, 14, 12, 27, 23, 15, 8, 12, 11, 9, 21, 7, 31, 14, 8]
F2 = [0, 0, 0, 0, 0, 0, 0, 0, 0, 0, 0, 0, 0, 0, 0, 0, 0, 0, 0, 0, 0, 0, 0, 0, 0, 0, 0, 0, 0, 0]
T = [12200, 123600, 154800, 32300, 119100, 44400, 137800, 62500, 77200, 133400, 90900, 55500, 72800, 58500, 187300, 30800, 69700, 51500, 317500, 71700, 67200, 103600, 52200, 125400, 46400, 75300, 35400, 88100, 48800, 32700]
T2 = [1537000, 1687600, 1475400, 2428800, 1780800, 1599000, 1577700, 1616200, 1763500, 2244100, 2029000, 1542200, 1624200, 1979800, 1483100, 2427000, 2013200, 1792400, 1904000, 1830700, 2385100, 2844700, 1914800, 2173200, 2263100, 1817600, 1746300, 1552400, 1594300, 1528700]

id 40
F = [12, 28, 7, 5, 1, 3, 26, 21, 35, 3, 6, 3, 40, 7, 18, 38, 10, 43, 6, 131, 22, 6, 42, 24, 45, 58, 33, 17, 49, 36]
F2 = [0, 0, 0, 0, 0, 0, 0, 0, 0, 0, 0, 0, 0, 0, 0, 0, 0, 0, 0, 0, 0, 0, 0, 0, 0, 0, 0, 0, 0, 0]
T = [101800, 71800, 36200, 76200, 15200, 57500, 84000, 91800, 159600, 24800, 28200, 33000, 506800, 40800, 56200, 133500, 40600, 134600, 51500, 340000, 75500, 26900, 163200, 79600, 181100, 121300, 87400, 152500, 158900, 247000]
T2 = [2174900, 1729600, 1887000, 2142600, 2176600, 2166000, 1916800, 2446300, 1781900, 1558200, 1924300, 4157600, 3594900, 1871900, 3326800, 1816600, 1640700, 2692400, 2033100, 2303700, 1801000, 1811200, 1776100, 1990400, 1793600, 2155400, 1653000, 2034600, 1843100, 1770500]

id 41
F = [7, 1, 25, 3, 39, 6, 21, 7, 27, 9, 38, 30, 26, 27, 44, 16, 23, 3, 10, 3, 19, 8, 16, 8, 7, 19, 36, 39, 16, 41]
F2 = [0, 0, 0, 0, 0, 0, 0, 0, 0, 0, 0, 0, 0, 0, 0, 0, 0, 0, 0, 0, 0, 0, 0, 0, 0, 0, 0, 0, 0, 0]
T = [55200, 27200, 113400, 40700, 232700, 26300, 79900, 39000, 90200, 60300, 143200, 183900, 115900, 113700, 138100, 45800, 69200, 18100, 34700, 31600, 81000, 51400, 128800, 42400, 24600, 91500, 70100, 74100, 205800, 360500]
T2 = [3000800, 2843600, 2471400, 2171900, 1849200, 1636500, 1768400, 1838600, 1716200, 2352300, 2812300, 3443600, 3437900, 2082000, 1518800, 1680800, 1568100, 1431500, 1449900, 1453300, 1951700, 2429400, 2377900, 1821800, 1458800, 1236200, 1224400, 1206700, 7197700, 4227000]

id 42
F = [37, 22, 4, 2, 15, 10, 5, 7, 27, 39, 2, 56, 78, 54, 33, 28, 14, 50, 16, 6, 7, 33, 29, 9, 42, 33, 19, 2, 37, 9]
F2 = [0, 0, 0, 0, 0, 0, 0, 0, 0, 0, 0, 0, 0, 0, 0, 0, 0, 0, 0, 0, 0, 0, 0, 0, 0, 0, 0, 0, 0, 0]
T = [142000, 88900, 27000, 60700, 85200, 46800, 31200, 30900, 107100, 125300, 28500, 172000, 301100, 145800, 88500, 70500, 36500, 127200, 61400, 41800, 39400, 220800, 178500, 57300, 137100, 123400, 59800, 14100, 125200, 39000]
T2 = [1933200, 1693300, 1790500, 2246700, 2871200, 1908400, 1733100, 3445600, 2680200, 1988900, 2431300, 2316700, 2052500, 2123600, 1446800, 1361100, 1340900, 1447000, 2063200, 1620600, 1928000, 2579100, 2207700, 1652200, 2262300, 1845800, 1633500, 1622400, 1827800, 1786900]

id 43
F = [85, 11, 11, 5, 10, 18, 29, 16, 43, 36, 13, 33, 43, 16, 18, 21, 34, 18, 30, 20, 9, 2, 8, 8, 64, 28, 14, 1, 44, 25]
F2 = [0, 0, 0, 0, 0, 0, 0, 0, 0, 0, 0, 0, 0, 0, 0, 0, 0, 0, 0, 0, 0, 0, 0, 0, 0, 0, 0, 0, 0, 0]
T = [252500, 42300, 44100, 26400, 52400, 140700, 97600, 96200, 160000, 102000, 38100, 75000, 94600, 54900, 51200, 102300, 206400, 81000, 127900, 79800, 60500, 15100, 39100, 71900, 218700, 123800, 63900, 13600, 109100, 145200]
T2 = [1820300, 1811400, 1647400, 1645700, 1662500, 2907300, 1738300, 2296000, 2090500, 1798300, 1689700, 1542800, 2232700, 1606500, 1577600, 2384000, 2417400, 1872100, 2621400, 1967000, 2616800, 1593900, 2501600, 2311100, 1611200, 2425800, 1961300, 1625200, 1587100, 2490900]

id 44
F = [15, 15, 2, 14, 7, 5, 3, 6, 5, 9, 31, 86, 9, 3, 26, 31, 17, 26, 23, 8, 15, 3, 4, 42, 24, 57, 1, 14, 35, 17]
F2 = [0, 0, 0, 0, 0, 0, 0, 0, 0, 0, 0, 0, 0, 0, 0, 0, 0, 0, 0, 0, 0, 0, 0, 0, 0, 0, 0, 0, 0, 0]
T = [60300, 55000, 18000, 106000, 29200, 28700, 27000, 62500, 32300, 28400, 236900, 312600, 33000, 26500, 94600, 75200, 44600, 61900, 58700, 35700, 109200, 51200, 29100, 125900, 73300, 164900, 14400, 40300, 158000, 86600]
T2 = [1770800, 1922700, 2655600, 2951300, 1767200, 1764600, 2377300, 3702500, 2005400, 1738000, 2749600, 1537600, 1422800, 3437000, 1542600, 1497400, 1394700, 1451300, 1902400, 4726600, 4555100, 4879700, 1802700, 1634800, 1646700, 1646300, 1746400, 1551200, 2489700, 1890500]

id 45
F = [17, 12, 20, 36, 75, 8, 8, 12, 21, 32, 27, 12, 55, 12, 38, 3, 35, 24, 7, 43, 12, 15, 27, 7, 11, 28, 3, 34, 16, 2]
F2 = [0, 0, 0, 0, 0, 0, 0, 0, 0, 0, 0, 0, 0, 0, 0, 0, 0, 0, 0, 0, 0, 0, 0, 0, 0, 0, 0, 0, 0, 0]
T = [62200, 43100, 60700, 108000, 178700, 29300, 39100, 33700, 157800, 115400, 94000, 60200, 178900, 47000, 148500, 23200, 113300, 82900, 37900, 114100, 77300, 58300, 80600, 27600, 34800, 83700, 17700, 77500, 55400, 20200]
T2 = [1774900, 1602300, 1862700, 1982000, 1572000, 1789500, 1499400, 1775700, 1892700, 1623500, 1427700, 3125200, 1723300, 1863200, 2001500, 2057900, 1786900, 1874100, 1813900, 1670100, 1523800, 1540200, 1500400, 1428100, 1758400, 1372900, 1303500, 1704300, 1385100, 2030500]

id 46
F = [19, 18, 4, 25, 11, 18, 2, 11, 26, 1, 19, 3, 50, 31, 22, 21, 34, 3, 56, 2, 29, 74, 1, 2, 8, 51, 69, 19, 5, 4]
F2 = [0, 0, 0, 0, 0, 0, 0, 0, 0, 0, 0, 0, 0, 0, 0, 0, 0, 0, 0, 0, 0, 0, 0, 0, 0, 0, 0, 0, 0, 0]
T = [60000, 75100, 25400, 112500, 76000, 44300, 14800, 39900, 75600, 20900, 118300, 30500, 159500, 84200, 55800, 63800, 96900, 23100, 165500, 19100, 74400, 213900, 12800, 19900, 32000, 106600, 207900, 69300, 29000, 30400]
T2 = [1891000, 1796600, 1771500, 1895400, 1618800, 1268900, 1455200, 1436800, 1390400, 1524900, 1632000, 1509200, 1417400, 1388200, 1565800, 1446300, 1451800, 1657100, 1784800, 2197600, 1325200, 1408100, 1279900, 1394500, 1262100, 1357700, 1691600, 1658300, 1937200, 1312700]

id 47
F = [37, 47, 51, 12, 71, 14, 15, 10, 50, 58, 2, 25, 37, 16, 3, 11, 12, 25, 54, 21, 12, 15, 44, 34, 10, 29, 37, 17, 2, 7]
F2 = [0, 0, 0, 0, 0, 0, 0, 0, 0, 0, 0, 0, 0, 0, 0, 0, 0, 0, 0, 0, 0, 0, 0, 0, 0, 0, 0, 0, 0, 0]
T = [110600, 144200, 155600, 30300, 140000, 34300, 33500, 42100, 105100, 208100, 18700, 73200, 81900, 38100, 22200, 84100, 48600, 82900, 203100, 81300, 50500, 87200, 173300, 167700, 45900, 104700, 86800, 46600, 14100, 22200]
T2 = [1449600, 1861300, 1300400, 1219100, 1242300, 1227300, 1270200, 1483600, 1534500, 3193100, 1479200, 1382700, 1258500, 1329000, 1753900, 2003900, 1864800, 1768500, 1760100, 1777200, 2102500, 1904500, 1814800, 1541100, 1686800, 1486100, 1459700, 1508000, 1279500, 1329000]

id 48
F = [3, 19, 5, 9, 7, 1, 47, 12, 26, 16, 11, 31, 120, 106, 28, 4, 4, 5, 15, 16, 9, 19, 4, 25, 1, 2, 4, 8, 16, 5]
F2 = [0, 0, 0, 0, 0, 0, 0, 0, 0, 0, 0, 0, 0, 0, 0, 0, 0, 0, 0, 0, 0, 0, 0, 0, 0, 0, 0, 0, 0, 0]
T = [25800, 58500, 33800, 43100, 59100, 14900, 192800, 45200, 100400, 71600, 35700, 251100, 364500, 229400, 69300, 26600, 23700, 25500, 56900, 48400, 29200, 57800, 18600, 214800, 14100, 39300, 35100, 38600, 74800, 30700]
T2 = [1363100, 1370700, 1726700, 1988600, 2030500, 2369000, 4131500, 1849500, 2792600, 1879100, 3294200, 2796200, 1753300, 1922900, 2097300, 1607300, 1557800, 2143800, 1696400, 1369700, 1992500, 1329000, 1354100, 1505500, 1330300, 1464000, 2218300, 2888300, 1722700, 1570900]

id 49
F = [36, 10, 20, 19, 81, 10, 2, 61, 14, 15, 25, 6, 6, 47, 60, 1, 29, 6, 94, 8, 21, 2, 8, 31, 31, 22, 11, 9, 16, 12]
F2 = [0, 0, 0, 0, 0, 0, 0, 0, 0, 0, 0, 0, 0, 0, 0, 0, 0, 0, 0, 0, 0, 0, 0, 0, 0, 0, 0, 0, 0, 0]
T = [114700, 35800, 95200, 64800, 170600, 44100, 17800, 133200, 48100, 46700, 61300, 35300, 30600, 124800, 177000, 16800, 94300, 30000, 276300, 33800, 67000, 16900, 92100, 85400, 115300, 70500, 43400, 50700, 55100, 35900]
T2 = [1545300, 1487500, 1986000, 1524300, 1499800, 1821500, 1358900, 1521000, 1508300, 1327200, 1522400, 1866000, 1639800, 1662400, 1873300, 1763100, 2105100, 1780800, 1812400, 1685200, 1865100, 1531300, 1999500, 1617400, 2481400, 1810600, 1915200, 1893200, 1373500, 1480600]

