id 0
F = [28, 45, 22, 73, 9, 7, 13, 43, 15, 1, 16, 24, 3, 25, 12, 2, 16, 5, 92, 18, 3, 14, 8, 26, 7, 22, 5, 48, 54, 2]
F2 = [0, 0, 0, 0, 0, 0, 0, 0, 0, 0, 0, 0, 0, 0, 0, 0, 0, 0, 0, 0, 0, 0, 0, 0, 0, 0, 0, 0, 0, 0]
T = [15622300, 5207400, 1007400, 4870100, 1399300, 602700, 676800, 1742900, 5879800, 486100, 581700, 2453900, 155800, 758600, 626400, 126400, 354000, 135100, 4532300, 240600, 119800, 241500, 158700, 488800, 129900, 389300, 251900, 12303800, 500300, 68000]
T2 = [9921100, 5070600, 3609600, 7924400, 4064900, 3316800, 1909900, 1982300, 3802300, 2035500, 2575800, 4176000, 2269200, 2447000, 2515500, 1949900, 2018800, 1574500, 2183100, 1639600, 2238400, 1783100, 2588300, 2224700, 1799600, 2177600, 2088200, 2853400, 2036900, 4056300]

id 1
F = [15, 28, 9, 6, 30, 21, 2, 12, 7, 95, 4, 17, 29, 10, 29, 10, 6, 38, 9, 37, 7, 14, 13, 19, 92, 38, 30, 38, 9, 29]
F2 = [0, 0, 0, 0, 0, 0, 0, 0, 0, 0, 0, 0, 0, 0, 0, 0, 0, 0, 0, 0, 0, 0, 0, 0, 0, 0, 0, 0, 0, 0]
T = [218700, 287800, 125300, 99400, 279900, 186100, 77700, 113700, 111600, 1525100, 73200, 169400, 367800, 165700, 412400, 144400, 97600, 410200, 159000, 411400, 107100, 430200, 146000, 383100, 10285900, 759200, 403800, 1353200, 133400, 853900]
T2 = [3590500, 2496400, 2143300, 1577300, 1790400, 1848200, 1681000, 2432500, 2445600, 3136100, 2472700, 2802800, 2433500, 2820300, 2709300, 1601700, 3784900, 4244700, 4155600, 2725200, 2882300, 3204800, 4518400, 4003900, 3155100, 2624200, 2644200, 5598200, 4120500, 5091200]

id 2
F = [68, 16, 3, 39, 3, 6, 59, 3, 51, 11, 3, 27, 26, 26, 4, 10, 4, 67, 4, 27, 17, 43, 17, 12, 13, 48, 26, 7, 36, 35]
F2 = [0, 0, 0, 0, 0, 0, 0, 0, 0, 0, 0, 0, 0, 0, 0, 0, 0, 0, 0, 0, 0, 0, 0, 0, 0, 0, 0, 0, 0, 0]
T = [1835900, 241100, 77400, 334600, 69900, 143400, 467400, 55900, 340500, 97700, 70600, 215100, 196200, 331300, 86500, 82600, 52100, 399000, 76200, 281000, 199900, 247300, 162600, 127200, 200600, 372500, 170700, 67900, 240100, 395200]
T2 = [2511900, 2485800, 2457500, 3931100, 5702200, 3430200, 5407400, 2008800, 1859400, 2166800, 2659700, 2083900, 1980200, 2298600, 2142500, 1608100, 2101100, 2177900, 3238400, 2046300, 1838100, 2521300, 1951400, 2642500, 4613900, 2428600, 1922500, 2333300, 2394000, 2481000]

id 3
F = [10, 31, 7, 7, 1, 9, 1, 127, 23, 19, 5, 33, 19, 95, 19, 15, 20, 38, 70, 41, 12, 32, 5, 1, 22, 7, 10, 3, 1, 101]
F2 = [0, 0, 0, 0, 0, 0, 0, 0, 0, 0, 0, 0, 0, 0, 0, 0, 0, 0, 0, 0, 0, 0, 0, 0, 0, 0, 0, 0, 0, 0]
T = [167100, 204800, 209600, 57000, 35100, 102800, 71400, 606600, 259500, 194500, 57900, 591700, 195300, 579600, 173900, 129400, 136900, 189100, 1222100, 473200, 101100, 185000, 125000, 55100, 164100, 74800, 202200, 62300, 33600, 1015600]
T2 = [1939800, 2299300, 1474200, 1565500, 2374000, 5093800, 2681400, 2463600, 2363100, 2525100, 1421000, 3196600, 2120500, 4213700, 2229800, 1685400, 2743600, 1576100, 7699400, 3461800, 1878900, 7359700, 4127600, 3574800, 2201500, 2968800, 10495200, 8380000, 5657500, 6332300]

id 4
F = [12, 11, 21, 18, 80, 73, 9, 5, 3, 5, 4, 28, 47, 20, 27, 62, 6, 2, 6, 7, 17, 16, 64, 4, 19, 8, 116, 14, 1, 7]
F2 = [0, 0, 0, 0, 0, 0, 0, 0, 0, 0, 0, 0, 0, 0, 0, 0, 0, 0, 0, 0, 0, 0, 0, 0, 0, 0, 0, 0, 0, 0]
T = [369400, 86300, 134300, 127000, 541200, 321900, 96100, 55400, 62100, 44400, 80600, 226400, 317700, 200100, 224100, 392700, 60800, 228600, 59500, 132600, 118200, 488800, 4030000, 71500, 130200, 58000, 588500, 121100, 64900, 107200]
T2 = [2806300, 2609900, 2072000, 2994000, 2238000, 2479700, 2700700, 1986400, 1745100, 1428300, 1357000, 2264900, 1908400, 2813500, 2530400, 1839500, 1554100, 2137500, 1734700, 2767100, 1852000, 10486800, 2456500, 3534600, 1945600, 2543600, 3986700, 2335900, 2764000, 4446200]

id 5
F = [11, 9, 1, 25, 123, 39, 14, 21, 25, 8, 5, 25, 6, 13, 33, 12, 6, 10, 6, 38, 21, 20, 10, 3, 1, 5, 24, 14, 65, 41]
F2 = [0, 0, 0, 0, 0, 0, 0, 0, 0, 0, 0, 0, 0, 0, 0, 0, 0, 0, 0, 0, 0, 0, 0, 0, 0, 0, 0, 0, 0, 0]
T = [115100, 621100, 52000, 111500, 320200, 171200, 142800, 120600, 109900, 165900, 713400, 275000, 65000, 79100, 179300, 131300, 85700, 83000, 67900, 252900, 82100, 92900, 47400, 35000, 36100, 76700, 169800, 185900, 197600, 157300]
T2 = [2130500, 1555800, 2042100, 1634100, 1287500, 1899300, 2278000, 1651200, 3308300, 2842200, 4356500, 11554300, 3391700, 1835600, 4203000, 2023900, 4593600, 1642000, 1924800, 1403200, 1324300, 1554300, 1775500, 2174700, 2045600, 2362400, 2339400, 2247400, 1568100, 2055200]

id 6
F = [4, 21, 26, 39, 38, 27, 6, 41, 10, 15, 1, 1, 16, 10, 33, 16, 35, 23, 21, 33, 32, 65, 57, 5, 17, 10, 6, 40, 33, 2]
F2 = [0, 0, 0, 0, 0, 0, 0, 0, 0, 0, 0, 0, 0, 0, 0, 0, 0, 0, 0, 0, 0, 0, 0, 0, 0, 0, 0, 0, 0, 0]
T = [44400, 70500, 81300, 226300, 114000, 197000, 95200, 127000, 63600, 55900, 19300, 19600, 133400, 134100, 97700, 67400, 223200, 154200, 67300, 206100, 119600, 220800, 230200, 66100, 330500, 75500, 144500, 150900, 104500, 56000]
T2 = [1286800, 1252000, 1523500, 2031000, 1365300, 2571700, 1772100, 1270000, 1925700, 1259000, 1270800, 1877900, 1715700, 1470200, 1229300, 1493400, 1376700, 1403000, 1240200, 2215100, 1634700, 1528700, 1593500, 1958100, 6017900, 2101100, 2105200, 1489800, 1795700, 1648600]

id 7
F = [4, 59, 1, 62, 9, 45, 3, 13, 2, 117, 21, 28, 7, 10, 30, 110, 29, 12, 17, 14, 15, 14, 5, 2, 33, 23, 10, 19, 149, 15]
F2 = [0, 0, 0, 0, 0, 0, 0, 0, 0, 0, 0, 0, 0, 0, 0, 0, 0, 0, 0, 0, 0, 0, 0, 0, 0, 0, 0, 0, 0, 0]
T = [90000, 308700, 27300, 157000, 37600, 117200, 51100, 92400, 27600, 292100, 155700, 101200, 81300, 91100, 104300, 3070600, 103300, 66300, 72200, 70800, 160000, 70500, 70600, 26100, 138400, 127000, 108500, 70800, 404100, 133800]
T2 = [1479500, 1380100, 1534500, 1245400, 1286300, 1278400, 1610200, 1478600, 1459300, 1288200, 1315600, 1356700, 1465200, 1354300, 1266600, 1469800, 1359900, 1572300, 1555700, 1712000, 1749000, 1814000, 2514500, 1565100, 1631500, 2230900, 1555600, 1264200, 1556200, 1670000]

id 8
F = [15, 11, 34, 35, 115, 13, 7, 76, 17, 49, 22, 4, 27, 4, 75, 72, 5, 62, 7, 10, 61, 27, 45, 19, 2, 61, 5, 14, 21, 4]
F2 = [0, 0, 0, 0, 0, 0, 0, 0, 0, 0, 0, 0, 0, 0, 0, 0, 0, 0, 0, 0, 0, 0, 0, 0, 0, 0, 0, 0, 0, 0]
T = [165200, 51600, 81600, 97100, 387300, 97000, 102200, 283600, 106300, 149100, 61100, 22400, 59700, 39800, 147400, 245800, 42600, 162700, 65900, 167900, 190800, 103200, 99500, 39400, 12300, 145100, 35900, 138600, 149600, 42000]
T2 = [1414300, 1312000, 1318200, 1494800, 1725100, 1361100, 1475300, 1372400, 1275900, 1306700, 1383900, 1241600, 1252100, 1299700, 1401600, 1507300, 1330800, 1307800, 2544700, 2539600, 1686200, 1595000, 1249000, 1237500, 1243800, 1331100, 1332500, 1621600, 1668400, 1786800]

id 9
F = [6, 20, 10, 29, 6, 36, 3, 49, 2, 73, 7, 22, 12, 9, 24, 62, 27, 13, 134, 20, 10, 9, 7, 3, 14, 1, 29, 35, 10, 13]
F2 = [0, 0, 0, 0, 0, 0, 0, 0, 0, 0, 0, 0, 0, 0, 0, 0, 0, 0, 0, 0, 0, 0, 0, 0, 0, 0, 0, 0, 0, 0]
T = [39300, 50000, 42200, 85600, 41000, 79200, 32400, 121200, 35700, 350300, 48700, 164800, 118900, 27200, 72900, 118500, 93500, 38200, 353400, 77800, 159000, 44600, 35900, 15600, 41400, 14400, 80500, 115700, 29000, 33700]
T2 = [1275000, 3050200, 1601500, 1525500, 1363300, 1354800, 1466800, 1561800, 1525100, 3631600, 3109600, 3201700, 1835100, 1290800, 1297200, 1377800, 1365400, 1299700, 1545000, 1894900, 4493300, 1652400, 1392700, 1360000, 1329100, 1346700, 2524400, 1359800, 1286400, 1267000]

id 10
F = [9, 10, 32, 5, 13, 24, 7, 15, 2, 30, 30, 36, 15, 27, 23, 3, 6, 3, 7, 43, 2, 40, 6, 69, 1, 35, 58, 3, 19, 9]
F2 = [0, 0, 0, 0, 0, 0, 0, 0, 0, 0, 0, 0, 0, 0, 0, 0, 0, 0, 0, 0, 0, 0, 0, 0, 0, 0, 0, 0, 0, 0]
T = [99500, 109600, 94600, 106400, 47000, 107400, 56500, 79000, 58100, 147200, 151400, 183100, 108300, 244400, 159500, 27700, 34500, 40900, 68700, 223600, 40700, 190200, 58700, 324100, 20600, 145200, 273100, 50800, 335400, 39200]
T2 = [3307900, 2165900, 1679600, 1664200, 3917100, 2893300, 3130300, 4746900, 2499700, 2328300, 2664400, 2625800, 3657600, 4596200, 1670100, 1500100, 1728700, 3193100, 1697000, 3714400, 3703700, 3101300, 3117500, 3637000, 3544300, 2999300, 3422100, 3407700, 2141000, 1851600]

id 11
F = [7, 20, 38, 36, 13, 33, 90, 107, 7, 48, 12, 10, 8, 3, 79, 74, 46, 4, 7, 11, 19, 120, 20, 29, 1, 15, 38, 23, 11, 1]
F2 = [0, 0, 0, 0, 0, 0, 0, 0, 0, 0, 0, 0, 0, 0, 0, 0, 0, 0, 0, 0, 0, 0, 0, 0, 0, 0, 0, 0, 0, 0]
T = [116200, 110500, 132900, 188500, 104100, 143400, 362000, 749700, 52100, 233300, 83500, 108600, 60800, 40700, 799700, 424900, 294200, 60200, 64000, 98800, 96700, 507900, 129500, 202900, 32000, 140600, 152600, 114800, 83700, 58800]
T2 = [3426100, 2373600, 2886700, 2920300, 3920300, 3211200, 3012400, 2523800, 2947800, 3360800, 3378600, 3550300, 3259800, 4709100, 5179600, 3307600, 3944000, 3367200, 3228300, 2801000, 3816700, 3170200, 3671000, 3630700, 4005200, 2879900, 2923900, 3457300, 3820900, 3425600]

id 12
F = [13, 5, 15, 28, 48, 21, 7, 2, 50, 8, 16, 14, 77, 5, 2, 33, 19, 5, 10, 7, 13, 27, 1, 3, 4, 25, 13, 26, 4, 9]
F2 = [0, 0, 0, 0, 0, 0, 0, 0, 0, 0, 0, 0, 0, 0, 0, 0, 0, 0, 0, 0, 0, 0, 0, 0, 0, 0, 0, 0, 0, 0]
T = [101400, 55800, 63300, 82300, 136300, 124300, 29800, 13900, 85100, 22100, 30400, 29500, 112100, 20400, 25900, 170600, 56800, 20500, 34600, 22100, 28300, 57000, 9200, 8100, 9400, 63100, 46000, 222100, 19100, 23900]
T2 = [2874100, 2903400, 1363100, 1532700, 2337700, 2144500, 1176200, 1285700, 1126000, 1137600, 1106100, 1115200, 1281500, 1198100, 1451600, 1827700, 1681300, 1202800, 1124400, 1148000, 1241700, 1121400, 1112500, 1097600, 1087100, 1334800, 1453500, 1402600, 1135600, 1124600]

id 13
F = [22, 79, 11, 1, 44, 64, 16, 13, 10, 6, 3, 13, 26, 23, 3, 33, 58, 24, 23, 14, 13, 56, 13, 16, 12, 28, 24, 69, 23, 166]
F2 = [0, 0, 0, 0, 0, 0, 0, 0, 0, 0, 0, 0, 0, 0, 0, 0, 0, 0, 0, 0, 0, 0, 0, 0, 0, 0, 0, 0, 0, 0]
T = [138200, 437600, 38800, 29500, 81700, 102900, 34000, 29800, 43200, 20900, 15900, 26100, 40000, 73000, 22600, 83400, 136500, 53500, 52000, 32200, 57400, 148100, 30200, 31700, 35400, 80900, 62400, 194700, 85400, 588600]
T2 = [1657800, 1662100, 1149800, 1446100, 1119600, 1198800, 1139900, 1185700, 1581400, 1351100, 1124100, 1093700, 1175900, 1222400, 1149700, 1325700, 1371600, 1159600, 1176800, 1324800, 1507300, 4432500, 1133100, 1401300, 1477200, 1360200, 1852400, 2030900, 2071300, 1558900]

id 14
F = [18, 37, 16, 3, 5, 1, 99, 18, 2, 55, 27, 3, 27, 11, 16, 9, 39, 16, 4, 9, 59, 93, 2, 29, 2, 10, 6, 46, 18, 9]
F2 = [0, 0, 0, 0, 0, 0, 0, 0, 0, 0, 0, 0, 0, 0, 0, 0, 0, 0, 0, 0, 0, 0, 0, 0, 0, 0, 0, 0, 0, 0]
T = [119100, 65800, 34000, 7100, 38500, 22400, 212500, 89600, 16300, 96200, 47200, 16000, 153100, 52000, 43000, 77000, 169500, 79900, 44300, 83300, 116100, 258200, 13200, 60500, 11900, 17500, 14700, 69100, 29500, 18700]
T2 = [1204200, 1104600, 1099400, 1355300, 3067300, 3399900, 1375300, 1751600, 1237100, 1188600, 1174800, 2668000, 3167300, 1780600, 1309300, 2775800, 2783300, 3091000, 2894200, 1522900, 1369200, 1317600, 1454500, 1102600, 1140400, 1065800, 1163600, 1073100, 1104100, 1126100]

id 15
F = [26, 28, 25, 4, 14, 4, 50, 14, 17, 11, 3, 92, 42, 71, 11, 8, 35, 23, 18, 35, 2, 5, 19, 41, 27, 5, 2, 60, 5, 11]
F2 = [0, 0, 0, 0, 0, 0, 0, 0, 0, 0, 0, 0, 0, 0, 0, 0, 0, 0, 0, 0, 0, 0, 0, 0, 0, 0, 0, 0, 0, 0]
T = [223000, 136400, 100600, 31700, 89700, 33200, 235100, 77800, 77400, 88200, 38800, 514300, 275600, 344600, 66900, 49000, 130100, 96700, 87300, 179700, 44500, 70600, 130100, 219200, 141600, 43900, 21500, 193600, 28700, 74300]
T2 = [3171300, 2875900, 2944900, 2885900, 2938800, 3327800, 2918700, 2899500, 2922800, 3009400, 2898600, 3787200, 4100500, 3711000, 2962800, 2517800, 2552600, 2575000, 2670800, 2763000, 4750600, 4588200, 3988600, 2849000, 2632500, 2621100, 2590000, 2344400, 2876900, 3625300]

id 16
F = [5, 2, 4, 17, 87, 5, 6, 20, 1, 1, 44, 30, 2, 13, 27, 16, 5, 23, 27, 1, 49, 11, 13, 30, 14, 11, 33, 16, 15, 43]
F2 = [0, 0, 0, 0, 0, 0, 0, 0, 0, 0, 0, 0, 0, 0, 0, 0, 0, 0, 0, 0, 0, 0, 0, 0, 0, 0, 0, 0, 0, 0]
T = [70600, 23300, 51000, 78300, 280100, 24900, 48400, 107300, 23900, 19100, 218900, 155700, 24600, 78800, 102700, 65600, 39100, 89600, 213600, 23900, 338300, 95400, 99300, 237800, 83400, 73000, 181000, 134000, 102000, 262200]
T2 = [3219900, 3551100, 2773200, 2372100, 2365200, 2409100, 3573700, 3610900, 3651200, 3577200, 3602200, 3599300, 4053900, 2977800, 2452200, 2820600, 2404900, 4270800, 4375900, 3932700, 4324700, 4120000, 3886800, 4036400, 3718400, 3240700, 4690400, 4528700, 4464200, 3792500]

id 17
F = [24, 101, 1, 5, 2, 7, 28, 36, 23, 16, 23, 19, 61, 23, 4, 113, 13, 84, 20, 9, 8, 37, 47, 2, 12, 19, 19, 11, 19, 23]
F2 = [0, 0, 0, 0, 0, 0, 0, 0, 0, 0, 0, 0, 0, 0, 0, 0, 0, 0, 0, 0, 0, 0, 0, 0, 0, 0, 0, 0, 0, 0]
T = [367700, 432900, 13100, 28900, 35400, 68400, 160700, 102900, 70100, 41100, 48600, 50500, 135100, 61100, 20100, 306200, 87500, 429600, 64600, 37500, 57500, 119100, 119300, 13800, 55600, 174700, 66500, 183100, 118000, 768100]
T2 = [4511400, 2955100, 2215700, 3389100, 3227200, 2859600, 1517000, 2133500, 1526400, 1218100, 1270600, 1391900, 1421400, 1722100, 1744400, 3564700, 3432900, 2364700, 1763900, 2812400, 2352900, 1734500, 1704400, 1689400, 2328500, 1619600, 3340900, 15024500, 3284600, 32738600]

id 18
F = [1, 12, 6, 2, 15, 28, 2, 6, 6, 2, 7, 8, 1, 19, 10, 15, 3, 15, 61, 2, 80, 17, 1, 49, 70, 10, 12, 62, 15, 15]
F2 = [0, 0, 0, 0, 0, 0, 0, 0, 0, 0, 0, 0, 0, 0, 0, 0, 0, 0, 0, 0, 0, 0, 0, 0, 0, 0, 0, 0, 0, 0]
T = [15700, 662000, 43600, 14600, 36800, 81800, 24900, 39600, 52800, 24700, 47900, 43500, 23000, 167200, 39900, 66400, 28100, 84800, 113400, 13400, 146500, 37400, 16300, 96200, 182000, 35800, 33800, 122300, 89300, 40700]
T2 = [1631200, 4141300, 1799600, 1375600, 1283000, 4403300, 3558100, 3041000, 3669600, 3150500, 3055800, 3709100, 2918700, 1731300, 1509500, 1856900, 2747000, 2609000, 1455400, 1347900, 1217600, 1927200, 1394000, 1210300, 1680500, 1343900, 1208000, 1331500, 2091200, 1134600]

id 19
F = [25, 9, 12, 11, 20, 8, 14, 23, 6, 4, 20, 22, 16, 65, 17, 63, 32, 72, 9, 20, 12, 49, 5, 5, 5, 23, 31, 15, 14, 3]
F2 = [0, 0, 0, 0, 0, 0, 0, 0, 0, 0, 0, 0, 0, 0, 0, 0, 0, 0, 0, 0, 0, 0, 0, 0, 0, 0, 0, 0, 0, 0]
T = [89900, 29200, 38100, 48400, 72600, 48100, 65800, 79100, 29200, 21700, 40000, 42300, 37600, 187300, 51000, 155600, 59700, 136900, 25400, 36900, 29300, 77500, 17700, 13700, 17000, 45400, 56100, 31400, 24600, 14100]
T2 = [1105000, 3502400, 1223700, 1281300, 1960400, 1282200, 2301900, 1787200, 1489800, 1155700, 1134800, 1146300, 1402200, 1437800, 1348400, 1405800, 1146200, 1233900, 1094400, 1098000, 1112400, 1137700, 1110800, 1171400, 1106400, 1090100, 1135200, 1110500, 1077800, 1456700]

id 20
F = [10, 34, 25, 1, 4, 56, 55, 31, 7, 10, 5, 1, 23, 4, 10, 43, 17, 2, 1, 22, 39, 17, 11, 5, 133, 22, 137, 45, 2, 12]
F2 = [0, 0, 0, 0, 0, 0, 0, 0, 0, 0, 0, 0, 0, 0, 0, 0, 0, 0, 0, 0, 0, 0, 0, 0, 0, 0, 0, 0, 0, 0]
T = [29400, 63500, 50200, 18500, 17100, 100400, 93400, 64200, 42300, 32000, 24100, 9100, 61500, 50400, 29400, 166200, 68700, 31600, 45700, 69000, 153900, 89100, 64400, 24500, 280400, 167000, 400600, 135400, 42300, 67000]
T2 = [1135900, 1545500, 1102300, 1180200, 1131800, 1115500, 1142500, 1135400, 1267100, 1385300, 1123900, 1176500, 1537600, 1636800, 2563600, 1827100, 2200600, 1747300, 1405800, 1366800, 1661700, 1758000, 1594500, 1352400, 1486200, 3157800, 2158800, 1498900, 2391600, 2039900]

id 21
F = [17, 46, 2, 11, 11, 88, 16, 14, 41, 18, 32, 5, 2, 6, 3, 2, 67, 27, 42, 17, 23, 12, 9, 5, 1, 5, 9, 21, 6, 6]
F2 = [0, 0, 0, 0, 0, 0, 0, 0, 0, 0, 0, 0, 0, 0, 0, 0, 0, 0, 0, 0, 0, 0, 0, 0, 0, 0, 0, 0, 0, 0]
T = [142500, 113300, 16100, 93600, 77000, 540500, 101000, 88400, 176200, 54900, 79000, 21900, 22400, 30300, 18300, 12700, 360300, 71400, 94500, 50000, 96400, 59000, 69500, 38400, 15900, 43200, 62500, 48900, 22500, 40600]
T2 = [2168000, 1399900, 3088200, 3443100, 2920000, 3273800, 2874400, 3141800, 2050100, 1354100, 1228400, 1396400, 1427600, 1399700, 1446800, 2872400, 2620000, 1471600, 1349700, 1370600, 6747100, 3179600, 3151000, 2833800, 3051000, 4080400, 2922300, 1355400, 1860800, 2858100]

id 22
F = [38, 24, 9, 54, 9, 25, 16, 20, 28, 19, 31, 18, 21, 30, 29, 29, 9, 2, 20, 21, 1, 30, 12, 16, 19, 27, 8, 6, 1, 7]
F2 = [0, 0, 0, 0, 0, 0, 0, 0, 0, 0, 0, 0, 0, 0, 0, 0, 0, 0, 0, 0, 0, 0, 0, 0, 0, 0, 0, 0, 0, 0]
T = [95100, 70500, 39700, 243000, 65400, 51200, 39300, 53200, 77800, 56000, 75500, 79100, 107500, 161800, 162000, 114400, 42600, 58100, 120000, 125700, 23300, 100700, 40900, 34400, 105700, 137500, 39200, 28500, 19500, 54000]
T2 = [1455700, 1283500, 1583000, 1313300, 1541200, 1521700, 1255700, 1316700, 1334100, 1284100, 1867300, 2745000, 2835900, 3023500, 4105700, 2707300, 2744100, 3009400, 3282500, 3419800, 3290900, 1485000, 1278200, 1224900, 1315500, 2871400, 2686500, 3184900, 2839300, 3237900]

id 23
F = [21, 39, 6, 11, 17, 27, 8, 80, 12, 10, 18, 22, 3, 5, 1, 4, 73, 62, 24, 2, 18, 8, 32, 34, 17, 20, 17, 32, 56, 36]
F2 = [0, 0, 0, 0, 0, 0, 0, 0, 0, 0, 0, 0, 0, 0, 0, 0, 0, 0, 0, 0, 0, 0, 0, 0, 0, 0, 0, 0, 0, 0]
T = [120200, 208100, 41700, 75700, 112200, 153600, 75900, 329100, 91800, 67900, 81300, 88300, 26900, 30000, 36900, 36900, 364000, 304000, 132900, 22200, 109500, 90700, 170600, 192300, 106500, 108200, 129200, 214600, 345100, 178000]
T2 = [2813000, 2762500, 3298300, 3863900, 3658100, 3484000, 2905600, 2588800, 2937800, 3205200, 2410800, 2573300, 2567600, 2695900, 3705300, 3586300, 3499300, 3521600, 3501700, 3618900, 3595800, 3778400, 3597000, 3912500, 3547500, 3612700, 3792900, 4218000, 3677800, 3555900]

id 24
F = [7, 9, 22, 1, 20, 28, 2, 1, 49, 17, 7, 21, 53, 119, 4, 1, 6, 6, 21, 10, 12, 2, 70, 1, 6, 12, 2, 40, 25, 26]
F2 = [0, 0, 0, 0, 0, 0, 0, 0, 0, 0, 0, 0, 0, 0, 0, 0, 0, 0, 0, 0, 0, 0, 0, 0, 0, 0, 0, 0, 0, 0]
T = [40700, 49200, 89600, 19800, 77300, 110500, 19600, 17600, 262900, 77000, 68800, 122100, 516500, 790600, 30200, 27100, 48700, 47400, 79500, 41500, 50900, 31700, 338800, 20900, 48500, 73500, 24300, 192800, 136700, 142800]
T2 = [2531100, 2626500, 2690100, 2921700, 2758900, 2385500, 2396600, 2843200, 3296800, 2560000, 3052500, 3965600, 5839600, 2714300, 3003200, 3626900, 3149600, 2398600, 2347700, 2330300, 2979100, 3604000, 3828900, 2722000, 3553400, 3031200, 3786400, 2906100, 3540900, 3628400]

id 25
F = [29, 23, 43, 16, 18, 58, 86, 74, 87, 24, 30, 34, 134, 4, 2, 20, 1, 11, 11, 21, 1, 1, 43, 20, 8, 30, 24, 69, 17, 3]
F2 = [0, 0, 0, 0, 0, 0, 0, 0, 0, 0, 0, 0, 0, 0, 0, 0, 0, 0, 0, 0, 0, 0, 0, 0, 0, 0, 0, 0, 0, 0]
T = [145000, 109900, 244200, 80300, 85800, 274000, 346000, 297900, 332800, 157500, 142500, 149800, 538000, 36200, 21600, 125400, 22100, 59600, 114800, 101700, 23600, 16900, 204100, 93900, 54800, 158200, 118900, 314100, 111200, 30300]
T2 = [2949200, 2923100, 3027400, 3153100, 3020300, 3111500, 2840500, 2848700, 3030900, 3294400, 3031700, 2831100, 3003600, 3091400, 3054700, 2878100, 2918900, 3031400, 2977400, 3135900, 2980800, 3160200, 3418700, 2973000, 3219700, 3132900, 2966800, 2962800, 3413700, 3953300]

id 26
F = [50, 73, 15, 35, 1, 58, 30, 33, 26, 10, 5, 27, 27, 19, 101, 24, 15, 30, 30, 4, 8, 72, 15, 52, 57, 75, 1, 60, 7, 29]
F2 = [0, 0, 0, 0, 0, 0, 0, 0, 0, 0, 0, 0, 0, 0, 0, 0, 0, 0, 0, 0, 0, 0, 0, 0, 0, 0, 0, 0, 0, 0]
T = [246500, 400800, 85200, 220800, 18200, 264500, 151100, 206300, 123200, 60100, 51400, 121900, 173800, 93500, 412300, 115500, 75600, 130200, 169700, 36400, 82200, 306900, 86200, 226300, 301400, 465700, 23900, 276100, 45400, 127000]
T2 = [2859200, 3308100, 2928400, 3025900, 3068200, 2998400, 3228200, 2930500, 3009400, 3002200, 3038400, 2991600, 3187600, 3125500, 3039700, 3085900, 2876000, 3194400, 3001300, 3393500, 3115400, 2931900, 3366100, 2834200, 3295800, 3485900, 3271100, 2927700, 2921400, 2956300]

id 27
F = [32, 48, 15, 85, 3, 193, 2, 14, 19, 14, 12, 26, 49, 20, 68, 15, 21, 16, 6, 18, 24, 8, 29, 24, 19, 65, 6, 4, 59, 15]
F2 = [0, 0, 0, 0, 0, 0, 0, 0, 0, 0, 0, 0, 0, 0, 0, 0, 0, 0, 0, 0, 0, 0, 0, 0, 0, 0, 0, 0, 0, 0]
T = [241700, 195100, 111600, 706000, 31400, 1063300, 27200, 84500, 115000, 134400, 94100, 158500, 212400, 131000, 269200, 76000, 159700, 84900, 42000, 120000, 140000, 64800, 179000, 143700, 145700, 259000, 52900, 46800, 344100, 223300]
T2 = [3039000, 2955100, 3420700, 2985000, 3467600, 3294300, 3131200, 3030300, 3626000, 3650400, 3213800, 3769800, 3452500, 3328700, 2833900, 3300100, 3098000, 2987400, 3336800, 3664300, 3704700, 3635100, 4699300, 3527900, 3721600, 3800800, 4416300, 4174500, 3697600, 3659400]

id 28
F = [7, 6, 30, 115, 15, 34, 23, 15, 7, 8, 2, 22, 56, 31, 26, 6, 13, 43, 6, 3, 2, 7, 65, 98, 8, 1, 24, 27, 1, 1]
F2 = [0, 0, 0, 0, 0, 0, 0, 0, 0, 0, 0, 0, 0, 0, 0, 0, 0, 0, 0, 0, 0, 0, 0, 0, 0, 0, 0, 0, 0, 0]
T = [91300, 59100, 260900, 532800, 102600, 182400, 141300, 134000, 47600, 53900, 20200, 108600, 194900, 171600, 208600, 53600, 133700, 299200, 62700, 27700, 21000, 50500, 528900, 523200, 84400, 22500, 122900, 105800, 24300, 19100]
T2 = [4492400, 4049600, 4245900, 3211900, 2795600, 3216800, 3711000, 3527300, 3586100, 2809300, 2553100, 2495100, 2645900, 3523100, 3556100, 3966500, 3935800, 2768700, 2654200, 2438800, 2797500, 3144200, 4410400, 4245200, 3994100, 4025600, 2625600, 5631400, 5093900, 4283500]

id 29
F = [4, 11, 49, 19, 21, 16, 40, 31, 45, 34, 51, 10, 10, 75, 8, 21, 18, 54, 10, 51, 5, 24, 15, 30, 39, 13, 8, 11, 3, 4]
F2 = [0, 0, 0, 0, 0, 0, 0, 0, 0, 0, 0, 0, 0, 0, 0, 0, 0, 0, 0, 0, 0, 0, 0, 0, 0, 0, 0, 0, 0, 0]
T = [37100, 63500, 238600, 77200, 86400, 104400, 218200, 157700, 221900, 196800, 235700, 85400, 67000, 263700, 45800, 127000, 74500, 192000, 55000, 217500, 29900, 92400, 70000, 179000, 195900, 96200, 40800, 68800, 27100, 36700]
T2 = [3021800, 3098500, 2482400, 2402500, 2657300, 3047800, 2929400, 3086800, 2833900, 3160400, 2893800, 3016300, 2943300, 2487300, 2753100, 2768800, 2799600, 2423400, 2569300, 2376300, 2931700, 2924300, 2677600, 2927100, 3076800, 2531500, 2349400, 3016100, 2414800, 3139200]

id 30
F = [2, 8, 39, 7, 10, 9, 10, 3, 17, 39, 55, 20, 22, 71, 14, 11, 9, 15, 1, 11, 5, 18, 17, 23, 35, 2, 6, 71, 26, 5]
F2 = [0, 0, 0, 0, 0, 0, 0, 0, 0, 0, 0, 0, 0, 0, 0, 0, 0, 0, 0, 0, 0, 0, 0, 0, 0, 0, 0, 0, 0, 0]
T = [18600, 41500, 137400, 32900, 62500, 80900, 84800, 27800, 100000, 204000, 267800, 92900, 106800, 326400, 92800, 50200, 53900, 64100, 20900, 50400, 28200, 89700, 70200, 83400, 130900, 26400, 63100, 348400, 129500, 35700]
T2 = [2456700, 2521300, 2406700, 2449000, 4117100, 4223700, 3925300, 3608100, 3701200, 3671800, 3408800, 2672200, 3094100, 3009200, 2799700, 2381900, 2412800, 2369700, 3076500, 2377900, 2421800, 2377700, 2358700, 2345000, 3063100, 3340400, 3574400, 3498500, 3551100, 3495900]

id 31
F = [18, 1, 1, 19, 34, 36, 17, 27, 9, 9, 30, 37, 13, 29, 21, 8, 66, 51, 100, 26, 16, 37, 37, 6, 46, 56, 11, 24, 4, 20]
F2 = [0, 0, 0, 0, 0, 0, 0, 0, 0, 0, 0, 0, 0, 0, 0, 0, 0, 0, 0, 0, 0, 0, 0, 0, 0, 0, 0, 0, 0, 0]
T = [84600, 16100, 19200, 109800, 170800, 189900, 80200, 141600, 60300, 65500, 156300, 190200, 77800, 165400, 114000, 60800, 331600, 249800, 466900, 134900, 112100, 185900, 196300, 45100, 228800, 431800, 113600, 138700, 53500, 117400]
T2 = [2457700, 3721900, 3541500, 3722500, 3558500, 3580600, 2956200, 3701100, 3037400, 3489600, 3596800, 3494600, 3304800, 3156100, 4454200, 3536500, 2786700, 4461500, 3613900, 3470200, 3807000, 3495500, 3522400, 3569200, 3691500, 3544600, 3981100, 3546500, 3998300, 3558700]

id 32
F = [17, 38, 11, 61, 17, 24, 105, 13, 5, 30, 4, 57, 10, 22, 158, 7, 21, 8, 10, 92, 6, 23, 12, 10, 43, 18, 2, 30, 10, 28]
F2 = [0, 0, 0, 0, 0, 0, 0, 0, 0, 0, 0, 0, 0, 0, 0, 0, 0, 0, 0, 0, 0, 0, 0, 0, 0, 0, 0, 0, 0, 0]
T = [105900, 190900, 92600, 304900, 104200, 161300, 493200, 84700, 38700, 172000, 41100, 312100, 61000, 116600, 789000, 115100, 118600, 125700, 90000, 428200, 48700, 129500, 73100, 90500, 160700, 74000, 28400, 122900, 64300, 137800]
T2 = [3573500, 3667800, 3618600, 3545300, 3541600, 2800200, 3436500, 3644600, 3476200, 3564600, 3622800, 3544300, 3497300, 3685800, 3613700, 4286700, 3746900, 3789100, 3685200, 3609100, 3549400, 3758500, 3512300, 2746400, 2386900, 2462900, 2609000, 3211900, 3262000, 3203000]

id 33
F = [11, 63, 5, 51, 42, 1, 35, 17, 17, 13, 23, 27, 10, 49, 4, 6, 32, 10, 4, 10, 10, 16, 2, 1, 5, 2, 15, 26, 62, 11]
F2 = [0, 0, 0, 0, 0, 0, 0, 0, 0, 0, 0, 0, 0, 0, 0, 0, 0, 0, 0, 0, 0, 0, 0, 0, 0, 0, 0, 0, 0, 0]
T = [62700, 250900, 28600, 209500, 173000, 21000, 178000, 111500, 82600, 65200, 95400, 116100, 43800, 205300, 46300, 33100, 157200, 75600, 26800, 45400, 51700, 73600, 33900, 8600, 41200, 23600, 62100, 125400, 361900, 83000]
T2 = [3074500, 2949000, 3408300, 2855700, 2840400, 2863600, 3336300, 3045900, 2839500, 2843600, 2835800, 2820900, 2859000, 2966600, 2979900, 3312100, 3539500, 2983300, 2834000, 2830300, 2881600, 2868500, 2861500, 2847600, 2923400, 2880100, 2831200, 3265000, 2981500, 3185800]

id 34
F = [5, 5, 38, 1, 19, 35, 3, 3, 45, 24, 13, 11, 8, 12, 10, 27, 7, 15, 52, 7, 5, 42, 4, 12, 46, 29, 12, 12, 21, 19]
F2 = [0, 0, 0, 0, 0, 0, 0, 0, 0, 0, 0, 0, 0, 0, 0, 0, 0, 0, 0, 0, 0, 0, 0, 0, 0, 0, 0, 0, 0, 0]
T = [54600, 39800, 178400, 11800, 120100, 166300, 62100, 26200, 323600, 151600, 76100, 75400, 62200, 132100, 58200, 213100, 47000, 66300, 214000, 42200, 25800, 164300, 40600, 93700, 226400, 121200, 136700, 53200, 100000, 94800]
T2 = [3226800, 3350400, 2857600, 2856600, 3196900, 2996300, 2975900, 3512300, 3470500, 2948900, 2873600, 3114200, 3201600, 3006700, 2898000, 3289100, 2906900, 2876500, 3037400, 2889100, 2816600, 3052300, 3472800, 3558700, 2887900, 3419700, 2907700, 2830400, 3761400, 3265800]

id 35
F = [30, 50, 15, 83, 3, 13, 1, 26, 42, 10, 10, 2, 53, 8, 21, 12, 3, 31, 12, 6, 16, 22, 1, 83, 21, 8, 11, 7, 24, 37]
F2 = [0, 0, 0, 0, 0, 0, 0, 0, 0, 0, 0, 0, 0, 0, 0, 0, 0, 0, 0, 0, 0, 0, 0, 0, 0, 0, 0, 0, 0, 0]
T = [140600, 304100, 102000, 522300, 26300, 89300, 20600, 125000, 181400, 55100, 81100, 44100, 290500, 63600, 129800, 96400, 30000, 196700, 103100, 52300, 116600, 147500, 24200, 488900, 138400, 65900, 90800, 69200, 194700, 269000]
T2 = [3866800, 3821800, 3337400, 3072800, 3065700, 3140800, 3247400, 3740800, 3121700, 2917600, 3309200, 5570200, 3254600, 3973500, 3717800, 3036500, 4867100, 4060600, 4026800, 3993600, 4274100, 4130400, 3966100, 3852300, 3990100, 3949100, 4724300, 4209100, 3850100, 4554800]

id 36
F = [21, 20, 52, 14, 9, 22, 8, 70, 59, 5, 14, 51, 24, 17, 4, 40, 26, 17, 112, 17, 6, 17, 4, 23, 16, 30, 1, 1, 1, 20]
F2 = [0, 0, 0, 0, 0, 0, 0, 0, 0, 0, 0, 0, 0, 0, 0, 0, 0, 0, 0, 0, 0, 0, 0, 0, 0, 0, 0, 0, 0, 0]
T = [84700, 73500, 300400, 85900, 50900, 258900, 114300, 339400, 418900, 35100, 79200, 373900, 95300, 80100, 29700, 236800, 93100, 92000, 356900, 67200, 185500, 88700, 38300, 162300, 118000, 179300, 15800, 25900, 22700, 152500]
T2 = [2355600, 2363200, 3444100, 3364000, 3232100, 4864600, 4661000, 3574700, 5013800, 2670200, 3753100, 3449000, 2465600, 2418000, 3647100, 2566000, 3027100, 3239100, 2394900, 3012000, 2635700, 4422300, 3937300, 3844700, 3837400, 3962200, 3652700, 4307100, 4234200, 4177600]

id 37
F = [22, 24, 26, 3, 5, 3, 50, 27, 3, 22, 8, 1, 10, 8, 64, 37, 9, 15, 14, 10, 9, 14, 20, 5, 35, 45, 42, 40, 14, 46]
F2 = [0, 0, 0, 0, 0, 0, 0, 0, 0, 0, 0, 0, 0, 0, 0, 0, 0, 0, 0, 0, 0, 0, 0, 0, 0, 0, 0, 0, 0, 0]
T = [157500, 156900, 200600, 47000, 59400, 25300, 276900, 174300, 34100, 176600, 52800, 20600, 95600, 46500, 362200, 148600, 169100, 59900, 62300, 48100, 97600, 71500, 119100, 44500, 202700, 159500, 336500, 310200, 81800, 393000]
T2 = [3317900, 3228600, 4140200, 4498000, 3142800, 3201700, 3727800, 3598300, 4153000, 3866300, 3363800, 3160300, 3438300, 2429100, 2718900, 3450900, 2576200, 2335600, 2454500, 3101900, 2862100, 2527800, 3358600, 2886000, 3237600, 3024200, 4816300, 3105700, 3729400, 4285400]

id 38
F = [4, 8, 35, 4, 24, 8, 18, 2, 6, 38, 1, 26, 30, 12, 5, 9, 9, 68, 60, 17, 88, 13, 54, 14, 46, 10, 2, 5, 10, 2]
F2 = [0, 0, 0, 0, 0, 0, 0, 0, 0, 0, 0, 0, 0, 0, 0, 0, 0, 0, 0, 0, 0, 0, 0, 0, 0, 0, 0, 0, 0, 0]
T = [45500, 62300, 100000, 19900, 63600, 27300, 65800, 21000, 35500, 110200, 21000, 67300, 316200, 136700, 31300, 84500, 35000, 163500, 138300, 169700, 469300, 108300, 306300, 107500, 124700, 94000, 34600, 18900, 38600, 15400]
T2 = [7817600, 2130900, 1554300, 1351100, 1370900, 4372800, 1374600, 2139900, 1592100, 1444000, 1421000, 1364100, 3408300, 1708400, 1530800, 1674900, 1372000, 1429600, 4812300, 3826100, 3902700, 3494000, 3407600, 2959100, 2515200, 4701100, 2049400, 1398600, 1425000, 1306600]

id 39
F = [35, 24, 36, 2, 20, 15, 21, 63, 16, 3, 40, 1, 48, 7, 87, 26, 1, 10, 2, 57, 17, 30, 1, 11, 5, 9, 45, 16, 16, 14]
F2 = [0, 0, 0, 0, 0, 0, 0, 0, 0, 0, 0, 0, 0, 0, 0, 0, 0, 0, 0, 0, 0, 0, 0, 0, 0, 0, 0, 0, 0, 0]
T = [115300, 86800, 137200, 16100, 54500, 47400, 59700, 120600, 36500, 11800, 70700, 8900, 99800, 21500, 215300, 62400, 11800, 23100, 48800, 143300, 43900, 60100, 6800, 38900, 29800, 37400, 130000, 60600, 58000, 48900]
T2 = [2076800, 1912600, 1663400, 1510800, 1314100, 1370800, 1394200, 1204200, 1174500, 1187000, 1181100, 1223200, 1278500, 1237700, 1232300, 1283300, 1160400, 1155600, 1369600, 1638800, 1216400, 1179000, 1220400, 1561000, 1286400, 1342000, 1575200, 1513600, 1513600, 1332700]

id 40
F = [51, 74, 27, 15, 19, 20, 7, 10, 2, 32, 20, 1, 1, 11, 37, 21, 34, 88, 18, 21, 27, 17, 21, 30, 8, 11, 13, 5, 8, 1]
F2 = [0, 0, 0, 0, 0, 0, 0, 0, 0, 0, 0, 0, 0, 0, 0, 0, 0, 0, 0, 0, 0, 0, 0, 0, 0, 0, 0, 0, 0, 0]
T = [114100, 114000, 68400, 43300, 41600, 44200, 19000, 54100, 13400, 55800, 37100, 35900, 30800, 33000, 67200, 41800, 100800, 238000, 85100, 116600, 69300, 71700, 49900, 73400, 22400, 38400, 87800, 17700, 17800, 9800]
T2 = [1148200, 1427800, 1208000, 1159800, 1241300, 1120500, 1113000, 1880900, 1125400, 1105900, 1189400, 1314200, 1338000, 1128900, 1134700, 1799000, 1357500, 2392600, 3440800, 2532300, 1438600, 1374200, 1210900, 1216200, 1512200, 2446700, 1504200, 1099100, 1117600, 1497400]

id 41
F = [15, 45, 37, 14, 35, 7, 94, 4, 13, 12, 18, 21, 5, 3, 4, 31, 3, 8, 6, 13, 3, 55, 125, 60, 3, 36, 37, 19, 5, 17]
F2 = [0, 0, 0, 0, 0, 0, 0, 0, 0, 0, 0, 0, 0, 0, 0, 0, 0, 0, 0, 0, 0, 0, 0, 0, 0, 0, 0, 0, 0, 0]
T = [45800, 102100, 77300, 32900, 61500, 20900, 195300, 36000, 86600, 42900, 49100, 68100, 40900, 37700, 21300, 78100, 19000, 29000, 22300, 56200, 26400, 106200, 203000, 131000, 22500, 84200, 92200, 48400, 31000, 65900]
T2 = [1405100, 1252700, 1248700, 1110400, 1103600, 1505800, 2314600, 2816500, 1704000, 1510800, 1496800, 1487300, 1468800, 1572300, 1468100, 1548100, 1365000, 1418400, 1478100, 1429400, 1186600, 1238700, 1219600, 1372100, 1471200, 1339000, 1252600, 1336700, 1469700, 1251200]

id 42
F = [11, 7, 46, 14, 19, 49, 1, 1, 19, 31, 2, 3, 10, 8, 16, 28, 10, 2, 24, 2, 47, 32, 33, 9, 5, 22, 3, 19, 35, 17]
F2 = [0, 0, 0, 0, 0, 0, 0, 0, 0, 0, 0, 0, 0, 0, 0, 0, 0, 0, 0, 0, 0, 0, 0, 0, 0, 0, 0, 0, 0, 0]
T = [73200, 51100, 205300, 95000, 84500, 131600, 15700, 35000, 69700, 145800, 24900, 26800, 45900, 37100, 72900, 113600, 81300, 28200, 108500, 26100, 194300, 137000, 81700, 37300, 33800, 50700, 18500, 35600, 71500, 88200]
T2 = [2688800, 2749800, 2742000, 2793900, 2534200, 1621500, 1862100, 1721800, 1516900, 2791600, 2664500, 2699700, 2670500, 2666800, 2694000, 2790000, 3184200, 3683100, 3532700, 3585600, 4017300, 1927400, 1176000, 1476700, 1229100, 1160500, 1131000, 1116300, 2044000, 2766600]

id 43
F = [11, 6, 8, 62, 2, 26, 54, 4, 17, 8, 12, 20, 50, 16, 12, 9, 22, 22, 2, 55, 8, 4, 19, 14, 12, 58, 9, 36, 116, 14]
F2 = [0, 0, 0, 0, 0, 0, 0, 0, 0, 0, 0, 0, 0, 0, 0, 0, 0, 0, 0, 0, 0, 0, 0, 0, 0, 0, 0, 0, 0, 0]
T = [29200, 12800, 59600, 237400, 19800, 101100, 207200, 35400, 86800, 49800, 62500, 96500, 311100, 42100, 28000, 45000, 96300, 303000, 35000, 307300, 43300, 27600, 84500, 82800, 90500, 290000, 74100, 145300, 804000, 91700]
T2 = [1128200, 1606800, 2798500, 2643200, 2668000, 2653500, 2798200, 3166900, 2786200, 2855500, 2794300, 2853400, 3472000, 1226200, 1630600, 2801200, 3256100, 3442300, 3449000, 3393600, 2875800, 2861100, 3289500, 3570600, 2999200, 3409400, 3229900, 2974200, 4210700, 5031000]

id 44
F = [23, 78, 18, 3, 15, 14, 23, 13, 25, 5, 40, 3, 91, 93, 8, 11, 60, 17, 18, 20, 12, 3, 45, 28, 20, 33, 21, 7, 2, 4]
F2 = [0, 0, 0, 0, 0, 0, 0, 0, 0, 0, 0, 0, 0, 0, 0, 0, 0, 0, 0, 0, 0, 0, 0, 0, 0, 0, 0, 0, 0, 0]
T = [119800, 383600, 144800, 23500, 115800, 144100, 146800, 67800, 449800, 50800, 409000, 33700, 440300, 1517200, 49800, 108000, 422900, 97300, 85300, 166600, 119700, 37300, 309000, 146400, 119600, 211900, 148000, 52300, 23400, 45400]
T2 = [3872800, 6484400, 3180500, 7552200, 3978000, 3742400, 8203700, 6811500, 4669900, 4415800, 8849500, 6214200, 4056800, 3503600, 23824300, 4769300, 6952500, 7805600, 8579400, 4077800, 5710000, 4685200, 6901100, 4684600, 7287000, 10294000, 7355200, 7089800, 3871800, 4356600]

id 45
F = [1, 9, 22, 16, 3, 32, 8, 15, 19, 30, 21, 50, 4, 1, 40, 17, 64, 6, 20, 34, 19, 5, 14, 8, 25, 10, 16, 90, 37, 9]
F2 = [0, 0, 0, 0, 0, 0, 0, 0, 0, 0, 0, 0, 0, 0, 0, 0, 0, 0, 0, 0, 0, 0, 0, 0, 0, 0, 0, 0, 0, 0]
T = [15200, 57800, 170700, 100400, 23700, 137600, 58000, 105900, 190600, 141400, 82700, 252600, 60200, 20900, 183900, 289700, 314200, 45800, 125800, 198300, 152500, 35400, 86600, 44800, 108500, 107800, 119500, 173000, 130000, 51700]
T2 = [3459600, 2854600, 3419400, 3430100, 3486200, 3463400, 4510200, 3824400, 3403500, 3163900, 2973400, 3979600, 4927300, 6508200, 3521500, 4083800, 2990500, 3511700, 3411400, 3666100, 4026100, 2972700, 2860000, 2593900, 2747100, 3774100, 1942500, 1507600, 2673000, 1747100]

id 46
F = [63, 4, 38, 16, 48, 17, 12, 38, 1, 8, 45, 13, 8, 3, 17, 37, 42, 43, 20, 47, 1, 15, 44, 11, 27, 16, 2, 10, 44, 21]
F2 = [0, 0, 0, 0, 0, 0, 0, 0, 0, 0, 0, 0, 0, 0, 0, 0, 0, 0, 0, 0, 0, 0, 0, 0, 0, 0, 0, 0, 0, 0]
T = [181100, 21300, 112100, 34500, 87100, 36600, 40500, 104700, 13200, 25200, 147500, 29800, 32200, 21100, 36200, 75900, 80700, 111800, 59600, 191700, 16900, 37600, 76200, 36400, 76200, 66000, 13600, 27100, 84900, 43700]
T2 = [1844900, 1612900, 1686000, 1091500, 1106600, 1132700, 1471700, 1536900, 1137500, 1240600, 1126800, 1401000, 1118500, 1239100, 1093900, 1101000, 1128500, 1607400, 1568600, 2234300, 1844400, 1177800, 1109300, 1513100, 1557700, 1146000, 1130400, 1188200, 1200900, 1207100]

id 47
F = [54, 20, 10, 17, 120, 36, 22, 4, 11, 12, 5, 4, 8, 22, 13, 36, 16, 1, 1, 23, 28, 13, 16, 52, 13, 6, 11, 64, 17, 52]
F2 = [0, 0, 0, 0, 0, 0, 0, 0, 0, 0, 0, 0, 0, 0, 0, 0, 0, 0, 0, 0, 0, 0, 0, 0, 0, 0, 0, 0, 0, 0]
T = [173300, 79900, 56800, 59600, 516500, 137500, 68000, 23300, 42100, 40100, 33200, 22700, 41700, 73100, 44200, 96100, 49900, 12000, 10200, 63100, 70400, 49500, 77400, 208400, 53000, 43500, 46200, 177800, 71600, 121500]
T2 = [1525800, 1865600, 3870600, 2449400, 2453500, 12993100, 1466500, 1450600, 1504800, 2874700, 1668800, 1638700, 1810700, 1537000, 1419100, 1389500, 2297100, 1521200, 1532500, 1501000, 1780600, 2095700, 2337400, 1972900, 1544100, 1635800, 1441500, 1848000, 1630500, 1481500]

id 48
F = [3, 44, 1, 7, 3, 14, 43, 2, 9, 27, 29, 17, 27, 1, 3, 30, 9, 10, 13, 27, 20, 27, 57, 62, 4, 43, 4, 20, 26, 5]
F2 = [0, 0, 0, 0, 0, 0, 0, 0, 0, 0, 0, 0, 0, 0, 0, 0, 0, 0, 0, 0, 0, 0, 0, 0, 0, 0, 0, 0, 0, 0]
T = [20300, 86800, 9600, 38700, 19100, 47600, 142400, 17300, 31100, 161200, 94700, 41600, 77800, 27000, 40100, 72900, 29000, 33800, 47600, 70700, 57400, 93600, 172500, 184600, 26200, 164300, 22000, 58300, 51000, 21800]
T2 = [1252300, 1243200, 1205000, 1716000, 1639600, 1438200, 1816500, 1690600, 1513200, 3652800, 1316700, 1267400, 1397100, 1719900, 1601900, 1429400, 1255800, 1472300, 1730600, 1330300, 1373700, 1461200, 1831300, 2083900, 1688500, 1602700, 1368800, 1521600, 1341200, 1521800]

id 49
F = [3, 12, 28, 14, 26, 17, 44, 3, 6, 23, 10, 19, 22, 16, 1, 13, 40, 24, 75, 21, 37, 11, 30, 2, 47, 111, 3, 1, 10, 22]
F2 = [0, 0, 0, 0, 0, 0, 0, 0, 0, 0, 0, 0, 0, 0, 0, 0, 0, 0, 0, 0, 0, 0, 0, 0, 0, 0, 0, 0, 0, 0]
T = [28000, 43900, 89600, 59400, 72700, 67500, 107100, 18000, 32300, 75600, 55500, 82000, 76400, 56800, 11500, 50700, 146900, 69000, 183600, 59700, 130300, 49600, 101800, 22900, 110900, 357200, 27200, 32300, 91500, 75400]
T2 = [1622400, 1371300, 1522900, 1639100, 1523700, 1429700, 1783300, 1892100, 2779600, 1752600, 2108800, 1983100, 1634500, 1993700, 1698700, 1920600, 1496000, 1477500, 1435200, 1487600, 1574000, 2008500, 1667000, 1580200, 2519700, 1879700, 1775300, 2404500, 2034800, 1684700]

