id 0
F = [82, 44, 86, 18, 10, 37, 62, 198, 78, 10, 13, 6, 22, 1, 6, 11, 5, 19, 49, 75, 6, 26, 5, 6, 6, 24, 29, 9, 24, 1]
F2 = [0, 0, 0, 0, 0, 0, 0, 0, 0, 0, 0, 0, 0, 0, 0, 0, 0, 0, 0, 0, 0, 0, 0, 0, 0, 0, 0, 0, 0, 0]
T = [34361800, 3164000, 4296300, 1081300, 1122900, 2272400, 3607000, 11075400, 4135400, 406700, 438500, 180400, 468500, 270900, 398000, 166400, 221100, 490800, 3645600, 1065800, 241800, 295600, 103800, 136600, 191200, 679700, 530500, 174500, 279700, 79100]
T2 = [7145400, 3565200, 3913200, 3317500, 3590500, 3553000, 2810500, 2911700, 2675200, 4143900, 2800200, 4216200, 3440100, 4865900, 3492700, 5424100, 5148300, 3308400, 6960100, 5582200, 1962100, 3679100, 2544800, 2737800, 3485500, 4011800, 5166200, 7954200, 5553100, 3540500]

id 1
F = [80, 5, 10, 12, 13, 72, 93, 1, 45, 42, 30, 18, 2, 28, 11, 3, 40, 8, 24, 30, 29, 15, 14, 5, 17, 30, 10, 10, 10, 105]
F2 = [0, 0, 0, 0, 0, 0, 0, 0, 0, 0, 0, 0, 0, 0, 0, 0, 0, 0, 0, 0, 0, 0, 0, 0, 0, 0, 0, 0, 0, 0]
T = [1542000, 107200, 164300, 161100, 184600, 1820700, 2357800, 61500, 2372400, 577200, 420600, 246800, 76200, 313700, 138700, 66700, 354500, 887400, 286700, 262400, 449600, 311800, 207000, 132200, 182000, 356000, 207300, 163000, 168400, 972300]
T2 = [2520500, 7918100, 3133900, 3305700, 1827200, 2046700, 2206100, 2880700, 2656000, 2345700, 3333600, 4692200, 1882100, 1866100, 2110500, 2819700, 2228900, 2067300, 1708900, 1741900, 3236800, 3380300, 2594600, 2536500, 2062300, 3594500, 3367300, 3773700, 3893900, 4298100]

id 2
F = [17, 6, 13, 44, 3, 25, 4, 57, 4, 14, 21, 57, 55, 8, 9, 2, 6, 8, 3, 12, 79, 17, 10, 14, 2, 30, 17, 10, 7, 1]
F2 = [0, 0, 0, 0, 0, 0, 0, 0, 0, 0, 0, 0, 0, 0, 0, 0, 0, 0, 0, 0, 0, 0, 0, 0, 0, 0, 0, 0, 0, 0]
T = [417500, 131800, 164300, 676200, 96200, 276200, 70500, 443600, 66600, 151000, 241900, 762600, 585000, 143500, 165000, 52200, 99200, 127600, 85800, 184400, 732000, 170300, 126600, 161300, 45500, 316400, 202800, 100200, 91400, 115800]
T2 = [4591100, 2916900, 2354500, 3361000, 2847900, 2679700, 2703200, 2154800, 2480700, 4018900, 5353500, 2183100, 3093400, 4084900, 2452000, 25821100, 3156300, 4057500, 3408000, 3472300, 2723700, 2607100, 3010600, 3404500, 1851100, 2445900, 2469200, 2810600, 3937000, 2898200]

id 3
F = [4, 15, 26, 25, 21, 3, 1, 15, 1, 2, 30, 33, 4, 14, 44, 25, 34, 1, 3, 15, 7, 12, 13, 18, 5, 6, 3, 46, 54, 69]
F2 = [0, 0, 0, 0, 0, 0, 0, 0, 0, 0, 0, 0, 0, 0, 0, 0, 0, 0, 0, 0, 0, 0, 0, 0, 0, 0, 0, 0, 0, 0]
T = [120300, 145900, 137200, 201000, 221200, 64300, 40800, 109100, 79300, 53000, 190600, 212700, 66500, 93500, 264200, 564300, 290600, 64900, 101100, 166200, 100600, 116400, 107100, 142600, 78500, 84500, 85900, 358400, 392900, 603900]
T2 = [2613300, 1613500, 1407200, 2940700, 2706500, 2808200, 2581700, 1735800, 1912300, 1654000, 2962900, 1411400, 1425600, 1832200, 1447200, 2526200, 2301500, 2371500, 2352800, 2142200, 2629800, 2544900, 2471400, 2182000, 2140700, 3200300, 2755700, 2264000, 3379200, 3089900]

id 4
F = [56, 14, 12, 5, 17, 15, 12, 62, 46, 10, 3, 47, 5, 28, 1, 7, 21, 7, 36, 48, 27, 31, 12, 5, 7, 41, 48, 4, 41, 45]
F2 = [0, 0, 0, 0, 0, 0, 0, 0, 0, 0, 0, 0, 0, 0, 0, 0, 0, 0, 0, 0, 0, 0, 0, 0, 0, 0, 0, 0, 0, 0]
T = [473900, 115000, 115000, 55000, 146700, 77600, 86100, 272600, 475800, 130300, 53300, 194100, 82700, 216200, 37800, 81200, 119300, 98300, 418100, 520500, 281800, 247500, 97700, 93800, 108700, 2479600, 273200, 70900, 174800, 290700]
T2 = [1741400, 1840800, 1535900, 1637100, 1941400, 1351300, 2067100, 1493000, 2955100, 2520700, 1491400, 1286100, 2261600, 1961100, 2567300, 3727400, 2324800, 2746900, 1675500, 2540300, 2429700, 2345200, 1779400, 2226600, 6403300, 1992000, 3417300, 2236000, 2409300, 2227400]

id 5
F = [10, 7, 92, 5, 24, 21, 40, 81, 7, 14, 47, 19, 13, 7, 8, 37, 61, 14, 2, 1, 14, 26, 25, 92, 11, 8, 35, 7, 6, 25]
F2 = [0, 0, 0, 0, 0, 0, 0, 0, 0, 0, 0, 0, 0, 0, 0, 0, 0, 0, 0, 0, 0, 0, 0, 0, 0, 0, 0, 0, 0, 0]
T = [132400, 200100, 380700, 48500, 145900, 164000, 215200, 447900, 106000, 97800, 255700, 136400, 96600, 58800, 126600, 280300, 268900, 92700, 64300, 76400, 85100, 94400, 118200, 322000, 72300, 64200, 191500, 83600, 55500, 155200]
T2 = [3035600, 2300600, 1666400, 2253100, 1670600, 1892200, 1930700, 1743000, 1830500, 2584100, 1875800, 2340600, 1704600, 1597900, 2417000, 2617700, 2359500, 1868100, 6115900, 2256900, 1463500, 1322400, 1893400, 1424900, 1498700, 1385500, 1723900, 1950200, 2386900, 1564300]

id 6
F = [2, 62, 15, 48, 19, 56, 8, 42, 17, 7, 9, 1, 11, 105, 2, 67, 17, 34, 18, 32, 42, 16, 5, 49, 24, 4, 2, 4, 1, 35]
F2 = [0, 0, 0, 0, 0, 0, 0, 0, 0, 0, 0, 0, 0, 0, 0, 0, 0, 0, 0, 0, 0, 0, 0, 0, 0, 0, 0, 0, 0, 0]
T = [33500, 549300, 87900, 215500, 189000, 216900, 69600, 595300, 102100, 45200, 65900, 51500, 72100, 439700, 37800, 205800, 80200, 121100, 94900, 104600, 136400, 91000, 36400, 152200, 88800, 67500, 47700, 42500, 48800, 164500]
T2 = [1430500, 1930300, 1950000, 2703600, 2727900, 1472400, 2605900, 1655200, 1509700, 1661200, 1827800, 1965900, 2188600, 1989600, 1877600, 1402300, 1373800, 1664000, 1614900, 1355200, 1321300, 1713900, 1394300, 1480900, 1344800, 2566300, 2168500, 1743700, 1727400, 1766000]

id 7
F = [36, 50, 13, 34, 17, 12, 16, 8, 13, 20, 128, 56, 9, 28, 56, 35, 12, 31, 1, 7, 16, 17, 5, 10, 21, 11, 26, 1, 6, 1]
F2 = [0, 0, 0, 0, 0, 0, 0, 0, 0, 0, 0, 0, 0, 0, 0, 0, 0, 0, 0, 0, 0, 0, 0, 0, 0, 0, 0, 0, 0, 0]
T = [213900, 186900, 3934300, 161100, 132900, 105400, 76200, 51600, 81500, 87700, 390100, 194600, 73400, 150000, 249300, 261100, 147000, 214300, 40100, 72500, 391500, 74800, 55600, 70000, 157900, 103200, 178100, 34400, 61100, 30300]
T2 = [1564000, 1404800, 1800200, 2825400, 2288700, 1479600, 2299700, 1420200, 1606400, 1682100, 1351900, 1571400, 1771300, 1907700, 4548600, 1889200, 2171000, 2669900, 2761800, 2881200, 1776000, 2457900, 2134700, 1580300, 2658700, 2579700, 2547800, 2518400, 2154200, 1719800]

id 8
F = [14, 6, 16, 24, 20, 8, 50, 92, 19, 86, 50, 53, 1, 24, 15, 46, 29, 22, 25, 26, 7, 5, 2, 3, 43, 11, 1, 3, 4, 2]
F2 = [0, 0, 0, 0, 0, 0, 0, 0, 0, 0, 0, 0, 0, 0, 0, 0, 0, 0, 0, 0, 0, 0, 0, 0, 0, 0, 0, 0, 0, 0]
T = [243900, 73200, 141300, 88900, 84900, 58600, 178300, 336200, 225500, 247400, 296800, 201900, 39700, 108900, 128600, 241100, 155600, 98300, 133900, 101800, 57800, 36900, 23500, 21800, 97400, 39700, 27800, 36300, 29800, 25700]
T2 = [1668300, 1718000, 1766300, 1848800, 1822500, 2032900, 1835400, 2571700, 1576400, 1612100, 2147200, 1662300, 2165600, 2263900, 1732000, 2151700, 2020000, 2197800, 2420200, 1883700, 1788900, 2067300, 1941800, 1263300, 1248900, 1420400, 1789600, 1335100, 1287500, 1316200]

id 9
F = [53, 39, 21, 3, 34, 17, 56, 5, 24, 54, 11, 6, 13, 8, 2, 11, 23, 10, 24, 14, 51, 26, 75, 25, 6, 54, 29, 68, 71, 37]
F2 = [0, 0, 0, 0, 0, 0, 0, 0, 0, 0, 0, 0, 0, 0, 0, 0, 0, 0, 0, 0, 0, 0, 0, 0, 0, 0, 0, 0, 0, 0]
T = [267800, 238600, 82900, 34300, 91100, 105900, 208000, 57000, 112300, 315500, 75200, 62700, 58800, 37500, 47500, 81500, 67200, 66000, 88800, 76000, 197900, 189300, 240400, 1201200, 67100, 215800, 123900, 216800, 181200, 170500]
T2 = [3304700, 1860900, 3131400, 1931700, 1386300, 2322400, 1595100, 2544000, 2634100, 2424100, 3352200, 4206100, 1633800, 1736400, 1665100, 3252900, 1591600, 1275800, 6049200, 6419900, 2670200, 2450900, 25983200, 2842900, 2286500, 2422300, 2480800, 6338700, 2683100, 2504400]

id 10
F = [25, 19, 23, 49, 32, 12, 21, 4, 23, 11, 13, 19, 13, 17, 11, 17, 66, 25, 27, 13, 20, 21, 64, 35, 13, 39, 27, 29, 4, 36]
F2 = [0, 0, 0, 0, 0, 0, 0, 0, 0, 0, 0, 0, 0, 0, 0, 0, 0, 0, 0, 0, 0, 0, 0, 0, 0, 0, 0, 0, 0, 0]
T = [69800, 53800, 87400, 150900, 122300, 42100, 86600, 28200, 84800, 46600, 42300, 86500, 55000, 85100, 80100, 55700, 154100, 75200, 72700, 44900, 57400, 58900, 135700, 322000, 58500, 180900, 129100, 71100, 20600, 170400]
T2 = [1597800, 1715100, 1628500, 4077600, 1681100, 2398100, 2541000, 2209000, 2172100, 1895900, 2122100, 1981400, 1965400, 3169000, 2419400, 1502000, 1478300, 2529000, 1715900, 1433900, 2575000, 1429800, 1912900, 2943100, 1519400, 2241500, 1512800, 1418300, 1726000, 2279100]

id 11
F = [12, 51, 23, 21, 30, 1, 9, 3, 50, 1, 1, 24, 39, 8, 13, 26, 30, 2, 2, 35, 33, 7, 79, 88, 23, 19, 4, 8, 35, 6]
F2 = [0, 0, 0, 0, 0, 0, 0, 0, 0, 0, 0, 0, 0, 0, 0, 0, 0, 0, 0, 0, 0, 0, 0, 0, 0, 0, 0, 0, 0, 0]
T = [82200, 214200, 94500, 132300, 136800, 18900, 44300, 27500, 173400, 15500, 19100, 95800, 113700, 86100, 68600, 88700, 84900, 16800, 24600, 199800, 244600, 38000, 243900, 278200, 98800, 244700, 40100, 53900, 124300, 35500]
T2 = [4034800, 2472700, 2954200, 2453200, 2046300, 2260000, 2085400, 3680100, 2426800, 2983300, 2333600, 1946100, 2084200, 3237800, 2498300, 8799300, 6359800, 2342300, 5030500, 4118100, 3091900, 2565600, 3241400, 2323900, 2102100, 8209500, 2413600, 4561800, 2017700, 2382900]

id 12
F = [1, 17, 5, 26, 23, 23, 37, 3, 20, 28, 76, 65, 2, 8, 3, 7, 5, 9, 114, 2, 28, 9, 58, 2, 48, 15, 17, 9, 10, 32]
F2 = [0, 0, 0, 0, 0, 0, 0, 0, 0, 0, 0, 0, 0, 0, 0, 0, 0, 0, 0, 0, 0, 0, 0, 0, 0, 0, 0, 0, 0, 0]
T = [12700, 79800, 23500, 63000, 88400, 95200, 171800, 25100, 82100, 127600, 441700, 244300, 20900, 36100, 26600, 31200, 54500, 40400, 492200, 21300, 99600, 40500, 168900, 18500, 107700, 44600, 46900, 38100, 49800, 113400]
T2 = [2253400, 1381100, 1305100, 1254400, 2506200, 2114000, 2008400, 3005400, 1694800, 1958000, 1886800, 2440000, 2511300, 1650100, 1974700, 2947800, 2081600, 2714100, 2616000, 2122300, 1950700, 1676200, 1758800, 1514800, 1262900, 1523400, 1541500, 4200700, 2302600, 2790600]

id 13
F = [32, 2, 33, 32, 60, 10, 10, 13, 7, 25, 34, 8, 3, 17, 61, 39, 12, 80, 40, 2, 21, 54, 18, 29, 5, 15, 15, 10, 20, 10]
F2 = [0, 0, 0, 0, 0, 0, 0, 0, 0, 0, 0, 0, 0, 0, 0, 0, 0, 0, 0, 0, 0, 0, 0, 0, 0, 0, 0, 0, 0, 0]
T = [123400, 18600, 105200, 414000, 127500, 44600, 50800, 47000, 60900, 85200, 107800, 38300, 38800, 73500, 226300, 91500, 45900, 171200, 84400, 13800, 66000, 154300, 60900, 85300, 22800, 41900, 48500, 49400, 54400, 54000]
T2 = [1996500, 1822300, 2199900, 2883300, 1549400, 1823100, 1591500, 1900900, 2815800, 1982900, 1917900, 2384500, 1879900, 2266500, 2471800, 1332600, 1417300, 1330500, 1239200, 1297400, 1879000, 2185400, 1913100, 1343800, 1302300, 1279300, 1537600, 1366500, 1518400, 1485400]

id 14
F = [85, 28, 4, 58, 15, 2, 3, 8, 2, 2, 12, 8, 6, 3, 19, 41, 1, 3, 33, 67, 39, 23, 13, 12, 62, 32, 23, 9, 19, 26]
F2 = [0, 0, 0, 0, 0, 0, 0, 0, 0, 0, 0, 0, 0, 0, 0, 0, 0, 0, 0, 0, 0, 0, 0, 0, 0, 0, 0, 0, 0, 0]
T = [221500, 81200, 23000, 276800, 84900, 23200, 24200, 45100, 17100, 20200, 50700, 32000, 26700, 31100, 64500, 222000, 14700, 23900, 101400, 308300, 115800, 58700, 41000, 35900, 225700, 102700, 77500, 51200, 53500, 130500]
T2 = [14831000, 1479300, 1561700, 2430500, 1742300, 1721300, 2470400, 2242600, 1955200, 2168100, 1633900, 1580500, 3107700, 2402000, 2169800, 3067700, 2196300, 1699900, 1714700, 2190400, 1519200, 1307000, 1328500, 1828300, 2071500, 2195500, 1885700, 2185800, 1377200, 2001100]

id 15
F = [60, 10, 7, 5, 21, 5, 13, 32, 11, 1, 27, 56, 8, 13, 10, 41, 31, 24, 6, 17, 13, 60, 44, 43, 3, 1, 38, 21, 24, 87]
F2 = [0, 0, 0, 0, 0, 0, 0, 0, 0, 0, 0, 0, 0, 0, 0, 0, 0, 0, 0, 0, 0, 0, 0, 0, 0, 0, 0, 0, 0, 0]
T = [161700, 29400, 37900, 68600, 58200, 26400, 36600, 84800, 30300, 37700, 81800, 139600, 48100, 56200, 115600, 154200, 106500, 62900, 22800, 47300, 28700, 102700, 78500, 106900, 22900, 13800, 165400, 79400, 54200, 170200]
T2 = [1343100, 1190800, 1379100, 1349600, 1201700, 1178200, 1241500, 1312800, 1250500, 1727600, 1637800, 1523400, 1682200, 1627000, 2155600, 1979000, 1501500, 3564500, 1463100, 1197500, 1156900, 1189800, 1156500, 1465300, 1299400, 1334300, 1662700, 1387400, 1236900, 1347000]

id 16
F = [24, 11, 27, 53, 5, 17, 3, 31, 32, 10, 28, 14, 14, 19, 17, 8, 6, 10, 21, 24, 9, 1, 38, 18, 32, 13, 50, 56, 8, 3]
F2 = [0, 0, 0, 0, 0, 0, 0, 0, 0, 0, 0, 0, 0, 0, 0, 0, 0, 0, 0, 0, 0, 0, 0, 0, 0, 0, 0, 0, 0, 0]
T = [93900, 68700, 90800, 98900, 23300, 37100, 8300, 76300, 154800, 29100, 73400, 40800, 42800, 103200, 131700, 33300, 19900, 35800, 141000, 81300, 37700, 13300, 248700, 137900, 304900, 99300, 150400, 122400, 71100, 42200]
T2 = [1506500, 1423700, 1529400, 1272300, 1200500, 1161800, 1140200, 1240700, 1903500, 1204600, 1226200, 1228500, 3228300, 4698000, 2958300, 1243600, 1229500, 8308700, 47723800, 1524400, 1575700, 1524700, 3425000, 7470200, 4364500, 24037000, 6459900, 2474400, 5002100, 12112400]

id 17
F = [4, 14, 88, 7, 13, 35, 18, 12, 36, 25, 19, 17, 7, 32, 12, 13, 1, 11, 1, 14, 10, 6, 7, 1, 13, 10, 13, 4, 15, 4]
F2 = [0, 0, 0, 0, 0, 0, 0, 0, 0, 0, 0, 0, 0, 0, 0, 0, 0, 0, 0, 0, 0, 0, 0, 0, 0, 0, 0, 0, 0, 0]
T = [46000, 64400, 319700, 50100, 119100, 279500, 64800, 49900, 116800, 104400, 144000, 74800, 137700, 215100, 63900, 48700, 36900, 96800, 27200, 68000, 86000, 31200, 26600, 22500, 77200, 106200, 48000, 63600, 103000, 41700]
T2 = [3620600, 2749400, 3376100, 13622900, 25534000, 2142100, 3558200, 2709600, 2514700, 5206300, 5024700, 3391800, 4271700, 4236500, 3882400, 3905800, 6185500, 6996100, 3814100, 3950200, 3855200, 4167100, 3308300, 3994000, 2928300, 3870000, 2344100, 3643400, 2592600, 3475700]

id 18
F = [19, 37, 36, 1, 21, 15, 6, 4, 40, 6, 10, 28, 13, 22, 9, 22, 5, 64, 13, 23, 6, 1, 8, 28, 39, 7, 62, 19, 4, 9]
F2 = [0, 0, 0, 0, 0, 0, 0, 0, 0, 0, 0, 0, 0, 0, 0, 0, 0, 0, 0, 0, 0, 0, 0, 0, 0, 0, 0, 0, 0, 0]
T = [60100, 105100, 249400, 14800, 79400, 68700, 40900, 17800, 85900, 19400, 29300, 59300, 36500, 52300, 27500, 105600, 32600, 210000, 113200, 157700, 54200, 12200, 30100, 66900, 104300, 35700, 173000, 51600, 35900, 48800]
T2 = [1793300, 1534100, 3526100, 2122000, 2844400, 2830500, 1346800, 1243200, 1200800, 1138900, 1268600, 1182900, 1171300, 1173400, 1202800, 1494100, 1629300, 3596600, 3726400, 1910700, 1516400, 1311700, 1320700, 1471900, 1442000, 1404300, 1574400, 1582300, 1543800, 1495400]

id 19
F = [1, 3, 6, 28, 2, 5, 49, 40, 6, 10, 31, 7, 2, 32, 12, 6, 10, 3, 43, 14, 4, 19, 14, 85, 51, 9, 7, 47, 23, 13]
F2 = [0, 0, 0, 0, 0, 0, 0, 0, 0, 0, 0, 0, 0, 0, 0, 0, 0, 0, 0, 0, 0, 0, 0, 0, 0, 0, 0, 0, 0, 0]
T = [22700, 25700, 32900, 93700, 29300, 25800, 180300, 115500, 37300, 44500, 102000, 36000, 46800, 110900, 86100, 26500, 66400, 23500, 164900, 58300, 27000, 74300, 100400, 207900, 127300, 44000, 40600, 263300, 68000, 36600]
T2 = [2013600, 2660800, 2127400, 2398600, 2174100, 1680800, 2110100, 1903100, 1799200, 3176300, 1563300, 1655700, 3815900, 1648900, 1896800, 1443300, 2166500, 1987000, 3128100, 11807100, 4235700, 100755200, 10352900, 11380100, 16826000, 1692000, 1819100, 1967600, 5234900, 1869200]

id 20
F = [14, 7, 6, 18, 24, 1, 2, 47, 42, 5, 4, 16, 28, 71, 42, 13, 15, 6, 16, 70, 92, 22, 17, 1, 5, 7, 4, 5, 22, 14]
F2 = [0, 0, 0, 0, 0, 0, 0, 0, 0, 0, 0, 0, 0, 0, 0, 0, 0, 0, 0, 0, 0, 0, 0, 0, 0, 0, 0, 0, 0, 0]
T = [66000, 52100, 41000, 58200, 100300, 12800, 16400, 137600, 169600, 25800, 26600, 76700, 112000, 230900, 115300, 45200, 39700, 64400, 97000, 285400, 415600, 86400, 59800, 88500, 34600, 35700, 30100, 25800, 77400, 54100]
T2 = [1693100, 2218800, 1913200, 1524800, 2291800, 1802000, 1510800, 2525500, 1959200, 1379900, 2264000, 2149900, 2393600, 2147600, 2299600, 1484400, 1956500, 2093200, 1756200, 3844700, 2324000, 2381500, 2323800, 2589000, 2328800, 1880400, 2594400, 1570700, 2158600, 2121700]

id 21
F = [41, 77, 20, 2, 20, 26, 3, 1, 1, 19, 10, 8, 12, 18, 8, 39, 15, 2, 9, 47, 36, 14, 77, 8, 45, 2, 12, 47, 36, 60]
F2 = [0, 0, 0, 0, 0, 0, 0, 0, 0, 0, 0, 0, 0, 0, 0, 0, 0, 0, 0, 0, 0, 0, 0, 0, 0, 0, 0, 0, 0, 0]
T = [135100, 149300, 57300, 22200, 68600, 83000, 20300, 12600, 19500, 59100, 43900, 35500, 50300, 116700, 44700, 117200, 83100, 16400, 31000, 166400, 89500, 55000, 289100, 47200, 123700, 17200, 44300, 148300, 80600, 124700]
T2 = [3582300, 1585800, 2049900, 1821100, 1636200, 1633900, 1692800, 1413500, 1962300, 2076500, 1431200, 1449100, 1723600, 2400100, 1856100, 1485500, 2281000, 1275500, 1323200, 1779800, 1676000, 1652600, 1951700, 1518400, 1435900, 1508000, 1744700, 1575300, 2041700, 1371700]

id 22
F = [5, 19, 31, 55, 4, 16, 17, 13, 38, 2, 11, 5, 18, 36, 1, 26, 47, 5, 1, 54, 59, 8, 5, 20, 85, 26, 42, 9, 19, 2]
F2 = [0, 0, 0, 0, 0, 0, 0, 0, 0, 0, 0, 0, 0, 0, 0, 0, 0, 0, 0, 0, 0, 0, 0, 0, 0, 0, 0, 0, 0, 0]
T = [27300, 87100, 85400, 164900, 26800, 75400, 61500, 51000, 110300, 17700, 54300, 22800, 47500, 113400, 13400, 85500, 125500, 45500, 19900, 163100, 140400, 34700, 33500, 73700, 298200, 94200, 147300, 48600, 75600, 19600]
T2 = [3009700, 3044600, 8828400, 2958900, 1997600, 2435900, 4162000, 2022500, 1870200, 1709800, 2218300, 1285100, 1848500, 1796600, 2197900, 1873400, 1477800, 2468500, 2471400, 1960900, 1972200, 4099600, 1920200, 2319500, 3111000, 2536500, 2899800, 2811600, 3179400, 3918500]

id 23
F = [4, 4, 2, 2, 28, 23, 1, 16, 14, 15, 7, 31, 15, 61, 95, 5, 33, 45, 32, 5, 36, 165, 40, 7, 25, 27, 30, 13, 3, 28]
F2 = [0, 0, 0, 0, 0, 0, 0, 0, 0, 0, 0, 0, 0, 0, 0, 0, 0, 0, 0, 0, 0, 0, 0, 0, 0, 0, 0, 0, 0, 0]
T = [32500, 22700, 25900, 32000, 173200, 85500, 25000, 79200, 54400, 58400, 38900, 90100, 44000, 139300, 246100, 22700, 68900, 88400, 69700, 19100, 75800, 288800, 93600, 36500, 57500, 61300, 64900, 38800, 27200, 73300]
T2 = [2174300, 1780100, 2106200, 1457700, 1594400, 2142200, 1777900, 1994300, 2169700, 1497400, 1871100, 1424300, 1431700, 1653400, 1548500, 1466300, 1246900, 1206400, 1212000, 1230500, 1260500, 1191600, 1647800, 1272100, 1228300, 1191700, 1297600, 1264500, 1635400, 1520400]

id 24
F = [14, 1, 22, 83, 6, 19, 3, 7, 16, 79, 3, 37, 96, 12, 13, 2, 36, 10, 2, 19, 9, 2, 71, 4, 7, 9, 9, 29, 6, 1]
F2 = [0, 0, 0, 0, 0, 0, 0, 0, 0, 0, 0, 0, 0, 0, 0, 0, 0, 0, 0, 0, 0, 0, 0, 0, 0, 0, 0, 0, 0, 0]
T = [56900, 20000, 57200, 182700, 24400, 48700, 85200, 27700, 67100, 5197000, 25200, 1043100, 405000, 35900, 55300, 30500, 333200, 61800, 24500, 75600, 37100, 39800, 198000, 17100, 52800, 49500, 54800, 136900, 39700, 17200]
T2 = [1436400, 1322400, 1260400, 1835800, 1309900, 2201900, 1991900, 17411900, 11358300, 1497500, 82339800, 14788500, 30199900, 2024900, 2363200, 5189500, 2643100, 2152300, 2294200, 2155800, 2225300, 1869400, 1661000, 8199800, 6002000, 2529600, 2322900, 2862700, 1893200, 2886200]

id 25
F = [33, 8, 47, 24, 13, 28, 8, 62, 38, 31, 36, 18, 6, 10, 11, 28, 70, 18, 16, 5, 5, 23, 21, 37, 6, 59, 5, 4, 112, 13]
F2 = [0, 0, 0, 0, 0, 0, 0, 0, 0, 0, 0, 0, 0, 0, 0, 0, 0, 0, 0, 0, 0, 0, 0, 0, 0, 0, 0, 0, 0, 0]
T = [108000, 41000, 562500, 91100, 49200, 76400, 33300, 184300, 117300, 104700, 135700, 86800, 31800, 51200, 67200, 133300, 1912700, 60700, 54300, 26400, 29500, 80800, 72500, 207700, 42600, 195700, 26600, 25300, 299300, 47500]
T2 = [1750100, 5219700, 2040600, 1982600, 1561500, 1947300, 4079000, 2027600, 2270400, 2704300, 18934500, 2126900, 3488200, 4280400, 29782000, 2761800, 1962500, 3798200, 1876000, 3761100, 2414300, 23087500, 4707200, 2054700, 1884000, 1654800, 2274000, 3200300, 2131100, 1876300]

id 26
F = [19, 47, 7, 20, 53, 25, 25, 14, 3, 20, 13, 19, 42, 12, 7, 16, 53, 8, 21, 35, 6, 9, 27, 4, 26, 55, 27, 27, 19, 76]
F2 = [0, 0, 0, 0, 0, 0, 0, 0, 0, 0, 0, 0, 0, 0, 0, 0, 0, 0, 0, 0, 0, 0, 0, 0, 0, 0, 0, 0, 0, 0]
T = [89800, 141300, 39300, 68300, 158900, 83500, 84000, 52300, 21200, 127600, 54600, 83100, 160200, 54400, 60600, 73000, 327900, 93400, 76700, 150500, 71900, 41000, 187400, 35800, 133100, 504600, 588200, 190500, 98300, 397000]
T2 = [2005800, 1898000, 1820600, 3695400, 1907600, 1874500, 2823700, 1913100, 6590300, 14440500, 8395900, 2035500, 3539900, 2758300, 3279600, 3157300, 4700900, 2035900, 1843100, 6775500, 9479300, 2036300, 3625800, 7224000, 15234000, 5389900, 9901200, 3978400, 5110700, 2524700]

id 27
F = [19, 20, 20, 10, 21, 23, 4, 9, 21, 29, 28, 40, 51, 25, 6, 51, 37, 13, 14, 14, 20, 3, 3, 4, 125, 19, 26, 58, 17, 20]
F2 = [0, 0, 0, 0, 0, 0, 0, 0, 0, 0, 0, 0, 0, 0, 0, 0, 0, 0, 0, 0, 0, 0, 0, 0, 0, 0, 0, 0, 0, 0]
T = [60900, 59400, 54900, 29000, 46900, 46700, 23900, 46800, 48800, 78600, 70500, 95100, 151600, 88800, 28400, 164700, 96000, 48800, 107100, 63200, 68500, 38800, 37800, 23700, 263300, 75100, 96100, 177900, 48100, 64000]
T2 = [2359200, 1270300, 1233400, 1229200, 1220700, 1456300, 1642500, 2183500, 1721700, 1645900, 1508000, 1877200, 1653900, 1647300, 2701600, 1679800, 1940700, 1656400, 1956600, 1861100, 1570500, 1667600, 1799500, 1296100, 1282500, 1970600, 1489400, 1462900, 1440100, 1350700]

id 28
F = [8, 1, 10, 13, 18, 37, 5, 8, 41, 8, 58, 53, 22, 74, 8, 43, 14, 38, 58, 3, 59, 53, 48, 27, 31, 30, 9, 7, 22, 63]
F2 = [0, 0, 0, 0, 0, 0, 0, 0, 0, 0, 0, 0, 0, 0, 0, 0, 0, 0, 0, 0, 0, 0, 0, 0, 0, 0, 0, 0, 0, 0]
T = [115200, 19000, 37100, 59900, 65700, 119100, 41400, 41500, 128800, 49500, 204300, 159000, 96700, 198400, 33400, 112600, 55600, 123500, 150900, 32800, 1418500, 193600, 138800, 90400, 95800, 95700, 37600, 39200, 86600, 238700]
T2 = [3771900, 1518400, 1762000, 1670100, 2566200, 2238400, 2059200, 1834600, 2952100, 1602700, 2834200, 1855100, 2336200, 1645900, 1532700, 1505600, 3709900, 1523800, 1696100, 2613400, 2933400, 2678300, 1767700, 1674800, 2214300, 2724000, 2216700, 2505300, 1714600, 2102900]

id 29
F = [4, 31, 31, 8, 2, 5, 10, 20, 3, 11, 4, 14, 13, 33, 24, 16, 20, 9, 39, 24, 20, 16, 24, 4, 56, 9, 38, 7, 29, 5]
F2 = [0, 0, 0, 0, 0, 0, 0, 0, 0, 0, 0, 0, 0, 0, 0, 0, 0, 0, 0, 0, 0, 0, 0, 0, 0, 0, 0, 0, 0, 0]
T = [44500, 83800, 110800, 42800, 28300, 41700, 39800, 71000, 23200, 46400, 33300, 66500, 67900, 152400, 90700, 66000, 73600, 42100, 133000, 121100, 503600, 53800, 132200, 26200, 251600, 43900, 133500, 43000, 222100, 27100]
T2 = [2207700, 9390400, 3363900, 3558100, 5994100, 2042000, 3281400, 2099800, 2834400, 3036900, 2040000, 2160900, 3011800, 2365700, 2031100, 7194600, 2746900, 2789900, 6957200, 2353300, 5667600, 2453600, 2279700, 2301300, 2168000, 3959700, 2528100, 1830100, 7356300, 2336800]

id 30
F = [88, 19, 20, 30, 62, 5, 141, 22, 28, 10, 29, 4, 16, 54, 21, 18, 8, 12, 28, 10, 77, 32, 52, 26, 30, 36, 5, 39, 45, 1]
F2 = [0, 0, 0, 0, 0, 0, 0, 0, 0, 0, 0, 0, 0, 0, 0, 0, 0, 0, 0, 0, 0, 0, 0, 0, 0, 0, 0, 0, 0, 0]
T = [272800, 67100, 65100, 110300, 244800, 33300, 353800, 75200, 99900, 38500, 119000, 29500, 74800, 151900, 79500, 55300, 35300, 37700, 95900, 43700, 253800, 91300, 155400, 198500, 104400, 116900, 30700, 139300, 152500, 23600]
T2 = [1846000, 1928300, 2720200, 2244300, 3746400, 1511100, 1470500, 2591600, 1813800, 1987000, 4416200, 3155000, 6441400, 3401400, 1650500, 1416400, 3151400, 1647100, 2525100, 2095700, 3167500, 1707800, 2119700, 2315200, 3714500, 2451300, 4747300, 2313200, 2189000, 2230100]

id 31
F = [7, 5, 9, 28, 101, 9, 48, 4, 7, 8, 29, 57, 38, 20, 28, 5, 38, 9, 16, 20, 86, 4, 18, 24, 78, 1, 24, 1, 24, 6]
F2 = [0, 0, 0, 0, 0, 0, 0, 0, 0, 0, 0, 0, 0, 0, 0, 0, 0, 0, 0, 0, 0, 0, 0, 0, 0, 0, 0, 0, 0, 0]
T = [198600, 113200, 43300, 90900, 299400, 59600, 183000, 56200, 304600, 56000, 114200, 158400, 146500, 68400, 84500, 29200, 134400, 74300, 63500, 89400, 270300, 28000, 66700, 329300, 208100, 18400, 86600, 24600, 78400, 32600]
T2 = [4852100, 2221300, 1709300, 2029500, 2408900, 2138100, 2154200, 1903300, 2262900, 2007800, 2096800, 3686900, 2713500, 2013500, 1825000, 2402800, 2034500, 2268100, 3786200, 3142400, 2727200, 2618500, 2728800, 2851900, 5368400, 2220200, 1587300, 2300100, 1954200, 2245800]

id 32
F = [19, 6, 14, 9, 2, 6, 4, 11, 7, 74, 17, 1, 116, 2, 7, 31, 44, 5, 6, 21, 5, 13, 36, 27, 20, 14, 13, 9, 12, 2]
F2 = [0, 0, 0, 0, 0, 0, 0, 0, 0, 0, 0, 0, 0, 0, 0, 0, 0, 0, 0, 0, 0, 0, 0, 0, 0, 0, 0, 0, 0, 0]
T = [61100, 30000, 82200, 51600, 49500, 28900, 21100, 47500, 34600, 183900, 84200, 15300, 355100, 14700, 25900, 76400, 179500, 22500, 20000, 67100, 58900, 44200, 87500, 84800, 66600, 46600, 70700, 41100, 47200, 14700]
T2 = [1391600, 1362300, 2338500, 1879300, 1659300, 1155600, 1523700, 8135700, 1674600, 1738300, 2129400, 2363700, 2120800, 1393800, 1491600, 1731100, 1560000, 1275400, 1341700, 1872000, 2000900, 1764300, 1720800, 1740300, 1452200, 1478500, 1720300, 1334200, 1324600, 1820500]

id 33
F = [4, 7, 24, 33, 50, 7, 18, 3, 41, 19, 46, 6, 4, 40, 6, 11, 14, 5, 31, 2, 96, 6, 21, 2, 21, 33, 31, 3, 9, 13]
F2 = [0, 0, 0, 0, 0, 0, 0, 0, 0, 0, 0, 0, 0, 0, 0, 0, 0, 0, 0, 0, 0, 0, 0, 0, 0, 0, 0, 0, 0, 0]
T = [27800, 44800, 82200, 103800, 173700, 38500, 111500, 34900, 135100, 77500, 2310700, 33000, 28400, 168000, 31600, 51200, 52400, 31600, 101300, 24700, 319000, 33500, 102200, 19200, 100700, 115800, 157400, 23200, 57900, 54400]
T2 = [3898100, 2153200, 1765300, 4478700, 3947100, 2315500, 2194500, 3770800, 2067600, 2040200, 2720800, 1951600, 2751100, 1917600, 1905000, 2133400, 2986600, 1633200, 34594000, 9370900, 1769000, 3070300, 2141200, 1907800, 2344500, 1696800, 6187500, 7267600, 1978700, 1892700]

id 34
F = [60, 18, 20, 22, 27, 4, 41, 13, 17, 10, 73, 28, 18, 5, 2, 21, 45, 16, 16, 29, 7, 1, 33, 5, 8, 25, 2, 28, 66, 10]
F2 = [0, 0, 0, 0, 0, 0, 0, 0, 0, 0, 0, 0, 0, 0, 0, 0, 0, 0, 0, 0, 0, 0, 0, 0, 0, 0, 0, 0, 0, 0]
T = [202300, 65200, 75200, 77500, 86400, 28700, 143300, 46100, 88700, 53200, 387300, 100300, 126300, 88800, 35700, 95400, 185800, 99600, 73000, 129300, 45300, 24200, 151700, 67900, 48300, 107300, 79600, 133100, 248400, 68900]
T2 = [1795700, 1744600, 2720800, 1708800, 1617700, 2215800, 2419000, 1828500, 2034900, 1516800, 2005500, 1859000, 2110100, 1540800, 2382900, 1983300, 1664700, 2230700, 2187000, 1912200, 2284900, 2519900, 2041600, 1470300, 1780500, 1694100, 2108100, 1682700, 1765100, 1789200]

id 35
F = [3, 42, 54, 12, 3, 3, 36, 40, 2, 82, 10, 1, 29, 15, 8, 11, 53, 11, 47, 12, 106, 2, 49, 75, 24, 20, 24, 31, 2, 15]
F2 = [0, 0, 0, 0, 0, 0, 0, 0, 0, 0, 0, 0, 0, 0, 0, 0, 0, 0, 0, 0, 0, 0, 0, 0, 0, 0, 0, 0, 0, 0]
T = [24500, 177700, 304000, 65200, 42100, 52600, 272900, 209400, 26300, 487300, 76000, 20400, 143300, 81500, 107000, 144100, 203500, 62800, 246400, 121100, 454400, 31300, 258700, 373200, 141200, 114600, 117800, 146700, 19300, 1584200]
T2 = [2135000, 3173200, 2278600, 2193400, 3071200, 3026300, 4345800, 1857800, 2327400, 2549700, 2679500, 2658700, 2484700, 2488400, 2952700, 1835900, 1726700, 1605600, 2955100, 1833700, 3386400, 4790100, 2542600, 1726700, 2031500, 2017100, 1809500, 2641600, 2874100, 1535200]

id 36
F = [24, 42, 40, 34, 29, 46, 16, 12, 20, 27, 52, 22, 48, 20, 37, 1, 16, 36, 3, 52, 31, 9, 13, 11, 104, 25, 2, 13, 96, 117]
F2 = [0, 0, 0, 0, 0, 0, 0, 0, 0, 0, 0, 0, 0, 0, 0, 0, 0, 0, 0, 0, 0, 0, 0, 0, 0, 0, 0, 0, 0, 0]
T = [83500, 137100, 165600, 97900, 92800, 226900, 57400, 46800, 66400, 119900, 1837200, 82400, 133700, 61800, 295200, 51600, 122300, 117100, 25800, 146300, 156600, 107100, 82400, 72200, 327000, 105500, 32100, 69800, 288400, 679700]
T2 = [4966400, 2263800, 2146700, 1827800, 3046500, 2054300, 1723200, 1713300, 2578100, 4190900, 7914800, 3223900, 3732600, 2305900, 5084400, 17073000, 3594500, 1704200, 5301800, 2365300, 37069000, 22267700, 3807700, 2143800, 2300500, 5629000, 3339000, 3122200, 2719300, 3151100]

id 37
F = [4, 18, 55, 1, 1, 10, 49, 3, 9, 29, 2, 20, 2, 36, 13, 43, 18, 83, 32, 9, 32, 33, 34, 56, 22, 36, 2, 18, 33, 18]
F2 = [0, 0, 0, 0, 0, 0, 0, 0, 0, 0, 0, 0, 0, 0, 0, 0, 0, 0, 0, 0, 0, 0, 0, 0, 0, 0, 0, 0, 0, 0]
T = [73700, 87600, 328800, 24400, 23600, 51100, 119100, 29900, 41900, 96100, 18200, 80600, 31500, 120100, 60400, 161100, 95800, 323400, 197100, 51800, 123500, 1981200, 101000, 194000, 87400, 143800, 50100, 123000, 151400, 90000]
T2 = [2772800, 5285800, 3448900, 1924100, 2328400, 2239400, 6207100, 63881500, 1815300, 2002500, 38058700, 17287500, 2725600, 1812700, 2165900, 2565900, 2525200, 2705600, 2515500, 2228500, 3032300, 3067500, 6280900, 1717100, 3010800, 2491500, 9299500, 2009900, 1849200, 3671100]

id 38
F = [16, 3, 5, 22, 9, 7, 33, 8, 47, 49, 11, 12, 24, 9, 19, 48, 16, 7, 10, 3, 2, 1, 34, 2, 8, 26, 4, 44, 38, 5]
F2 = [0, 0, 0, 0, 0, 0, 0, 0, 0, 0, 0, 0, 0, 0, 0, 0, 0, 0, 0, 0, 0, 0, 0, 0, 0, 0, 0, 0, 0, 0]
T = [58700, 26800, 29900, 59700, 29800, 34400, 95500, 49800, 105900, 131300, 44700, 44400, 72800, 30500, 58900, 143500, 70900, 36700, 35400, 21100, 20000, 15700, 117300, 15700, 151800, 92500, 55700, 124900, 132100, 30300]
T2 = [1930800, 1635600, 1561300, 1330200, 2033500, 1444700, 1768200, 1575500, 1366600, 1566800, 1465700, 1472500, 1625300, 1323700, 1491400, 2029900, 5020700, 1703300, 2908800, 1567500, 1574300, 6193000, 2021700, 22313600, 1756900, 2932500, 1910400, 2367900, 2744500, 1790600]

id 39
F = [47, 46, 8, 1, 27, 6, 12, 20, 5, 34, 5, 4, 25, 5, 36, 9, 9, 4, 47, 3, 4, 27, 26, 162, 69, 51, 11, 30, 54, 25]
F2 = [0, 0, 0, 0, 0, 0, 0, 0, 0, 0, 0, 0, 0, 0, 0, 0, 0, 0, 0, 0, 0, 0, 0, 0, 0, 0, 0, 0, 0, 0]
T = [142300, 222700, 123300, 17300, 87600, 34700, 124100, 57900, 32400, 99500, 29400, 32400, 107900, 37700, 104800, 64900, 41900, 106800, 118600, 47700, 18100, 65200, 73500, 351500, 221900, 197000, 35200, 95100, 219600, 89500]
T2 = [2064100, 2121500, 1669400, 1436400, 1567100, 1732000, 1763000, 1324100, 1334100, 3242200, 1722000, 1556700, 1821300, 2947900, 2018500, 2284000, 1691500, 2679600, 1882200, 1388900, 1532100, 1650300, 1955200, 3253900, 1717000, 2269700, 1290000, 1731600, 3135000, 1796100]

id 40
F = [61, 4, 23, 5, 69, 42, 25, 10, 62, 30, 2, 19, 28, 6, 9, 44, 26, 70, 26, 8, 21, 3, 3, 19, 20, 3, 8, 8, 4, 39]
F2 = [0, 0, 0, 0, 0, 0, 0, 0, 0, 0, 0, 0, 0, 0, 0, 0, 0, 0, 0, 0, 0, 0, 0, 0, 0, 0, 0, 0, 0, 0]
T = [156100, 34100, 110000, 26400, 313300, 130100, 147300, 39400, 172200, 103900, 20600, 71700, 1223500, 47800, 43700, 130600, 125300, 141200, 72800, 45600, 131200, 37800, 25300, 62300, 72300, 23400, 64400, 67500, 24800, 117100]
T2 = [2578900, 1563000, 1408300, 2168200, 1731100, 1937100, 2729800, 1734300, 4323900, 1659800, 1911100, 1553600, 1877700, 1728900, 1484700, 2016600, 1896400, 1491800, 1635000, 2998500, 2355800, 2613500, 1997500, 1657100, 2754100, 2235900, 2851700, 1912800, 1914900, 1589000]

id 41
F = [34, 84, 14, 15, 12, 55, 1, 101, 11, 2, 19, 14, 142, 2, 14, 22, 15, 7, 44, 40, 7, 17, 26, 5, 24, 7, 11, 47, 10, 1]
F2 = [0, 0, 0, 0, 0, 0, 0, 0, 0, 0, 0, 0, 0, 0, 0, 0, 0, 0, 0, 0, 0, 0, 0, 0, 0, 0, 0, 0, 0, 0]
T = [173400, 302300, 61900, 59800, 61000, 148900, 16100, 283800, 42900, 20100, 76500, 68900, 356000, 27800, 74200, 110300, 62200, 52400, 148800, 142300, 34000, 63700, 721800, 30600, 75400, 37800, 67300, 179700, 41200, 15200]
T2 = [9259300, 3194700, 2149400, 1975700, 4176400, 1944500, 1883700, 1994500, 1909800, 2035900, 16640500, 4665200, 3200800, 2192800, 2081900, 2038000, 2625000, 2573300, 2120100, 1940900, 1823300, 3250600, 2413900, 3256400, 1910500, 4416900, 3399200, 3369700, 1799300, 2036500]

id 42
F = [24, 47, 3, 42, 32, 21, 5, 13, 9, 28, 4, 15, 7, 56, 19, 64, 9, 35, 5, 10, 53, 27, 3, 7, 13, 9, 16, 10, 9, 23]
F2 = [0, 0, 0, 0, 0, 0, 0, 0, 0, 0, 0, 0, 0, 0, 0, 0, 0, 0, 0, 0, 0, 0, 0, 0, 0, 0, 0, 0, 0, 0]
T = [87800, 157100, 22000, 148700, 110800, 98500, 32700, 50800, 40200, 114800, 21100, 114500, 146800, 1609600, 73800, 221900, 41300, 125500, 32400, 45900, 154900, 79000, 19800, 56500, 65100, 51300, 61900, 41800, 39000, 82200]
T2 = [13902000, 2042500, 3453300, 1940400, 5014200, 2327200, 3500900, 1796700, 8767700, 2267100, 2128900, 2795600, 6093000, 9194600, 2793700, 3473200, 2852300, 2643800, 1930800, 1910800, 2068000, 1727400, 1966700, 2793700, 2717400, 2954900, 1749700, 1729100, 1697400, 4148800]

id 43
F = [1, 13, 6, 85, 16, 33, 39, 3, 3, 18, 11, 24, 28, 19, 27, 1, 33, 11, 152, 9, 1, 60, 47, 9, 4, 34, 21, 84, 23, 10]
F2 = [0, 0, 0, 0, 0, 0, 0, 0, 0, 0, 0, 0, 0, 0, 0, 0, 0, 0, 0, 0, 0, 0, 0, 0, 0, 0, 0, 0, 0, 0]
T = [15300, 56200, 5106100, 251900, 66100, 125400, 122100, 25600, 128900, 91100, 45200, 81500, 92000, 64900, 100200, 17700, 105300, 67600, 542600, 137100, 15100, 169500, 195300, 42400, 41100, 120200, 64700, 279000, 84000, 58100]
T2 = [2030300, 1738700, 3452700, 2204600, 2507600, 2227600, 3757600, 2236100, 6431600, 2136300, 3309700, 1922400, 1737500, 1833400, 2574700, 2476300, 1768600, 2404100, 2233300, 2459100, 2950000, 2395300, 5347600, 8775900, 2588000, 1810900, 2140000, 2390100, 2420700, 3856600]

id 44
F = [28, 5, 45, 3, 3, 3, 7, 9, 10, 38, 23, 40, 70, 2, 52, 5, 7, 5, 16, 1, 25, 41, 28, 21, 1, 24, 42, 15, 22, 11]
F2 = [0, 0, 0, 0, 0, 0, 0, 0, 0, 0, 0, 0, 0, 0, 0, 0, 0, 0, 0, 0, 0, 0, 0, 0, 0, 0, 0, 0, 0, 0]
T = [107400, 39700, 183200, 31200, 25400, 18800, 33300, 35400, 58900, 132700, 71600, 140600, 323700, 32000, 200300, 42700, 61700, 26300, 91400, 37000, 132600, 168500, 112900, 69200, 25700, 112400, 332100, 78200, 113700, 47600]
T2 = [1861100, 2355400, 3925500, 2651300, 1955400, 2046900, 1709400, 1408000, 1870500, 1810700, 2815100, 1856000, 2844400, 2222600, 3518900, 2278100, 1736400, 2679100, 2334700, 2090700, 3076100, 4182700, 2245200, 6176700, 30859300, 3593400, 3358500, 3316400, 3228100, 2729100]

id 45
F = [18, 7, 21, 21, 1, 5, 56, 51, 82, 21, 31, 33, 27, 4, 36, 37, 1, 54, 9, 32, 8, 10, 45, 30, 50, 8, 10, 16, 20, 16]
F2 = [0, 0, 0, 0, 0, 0, 0, 0, 0, 0, 0, 0, 0, 0, 0, 0, 0, 0, 0, 0, 0, 0, 0, 0, 0, 0, 0, 0, 0, 0]
T = [68500, 35800, 66500, 66700, 18900, 33300, 200800, 194300, 483500, 81200, 193900, 166800, 134700, 30400, 182500, 111100, 16100, 153800, 51400, 133300, 97400, 56300, 203100, 85200, 149800, 32200, 54800, 67000, 137700, 54500]
T2 = [1719000, 2735000, 1493800, 2727400, 1788200, 5755500, 2310700, 2884500, 7089600, 4206000, 2668900, 3121500, 5215700, 2745000, 2294400, 2453900, 1927400, 1884600, 1982900, 1740800, 2116200, 2084700, 1576300, 2012300, 2271800, 2086600, 3188900, 2482000, 1575200, 1543800]

id 46
F = [2, 40, 81, 6, 30, 5, 6, 10, 7, 8, 3, 87, 47, 6, 68, 26, 14, 7, 27, 20, 29, 19, 12, 6, 74, 77, 22, 44, 23, 35]
F2 = [0, 0, 0, 0, 0, 0, 0, 0, 0, 0, 0, 0, 0, 0, 0, 0, 0, 0, 0, 0, 0, 0, 0, 0, 0, 0, 0, 0, 0, 0]
T = [30000, 142300, 316800, 33900, 104900, 29500, 33200, 45900, 32000, 59400, 32700, 245700, 149400, 30400, 155100, 90900, 42300, 29300, 88200, 71800, 235000, 82400, 50700, 26100, 235600, 396300, 72600, 167300, 84100, 132800]
T2 = [7283300, 3136800, 2212400, 1895700, 1447300, 1730900, 1749900, 1830900, 1445300, 2482600, 2269100, 2194600, 2073500, 2620000, 1461200, 1466100, 2224200, 1928000, 1625200, 2230300, 2336300, 2825400, 1598700, 1312400, 1914200, 1789000, 1743500, 2055000, 2377800, 2460600]

id 47
F = [6, 27, 14, 7, 31, 52, 11, 50, 45, 1, 5, 1, 24, 6, 24, 24, 2, 23, 19, 29, 21, 3, 102, 60, 9, 24, 4, 13, 5, 7]
F2 = [0, 0, 0, 0, 0, 0, 0, 0, 0, 0, 0, 0, 0, 0, 0, 0, 0, 0, 0, 0, 0, 0, 0, 0, 0, 0, 0, 0, 0, 0]
T = [46700, 91800, 66900, 163500, 93100, 127600, 61900, 103800, 179000, 14700, 32100, 16900, 96700, 39200, 77900, 67600, 16700, 80100, 75800, 176700, 67500, 24600, 274500, 153000, 32600, 65500, 49600, 59200, 32200, 51300]
T2 = [46412700, 2723400, 2368500, 4069500, 1518700, 1883000, 1384700, 1331700, 1914300, 1667000, 1764200, 2281200, 1738800, 1736700, 1736400, 1293900, 2668800, 2587600, 2004600, 2131800, 1856000, 1761900, 1934800, 1390200, 1338000, 1375600, 2072400, 1648700, 2649700, 2258300]

id 48
F = [3, 22, 44, 1, 7, 17, 20, 32, 40, 23, 4, 39, 9, 24, 11, 16, 4, 71, 62, 5, 14, 11, 2, 18, 30, 8, 14, 5, 1, 21]
F2 = [0, 0, 0, 0, 0, 0, 0, 0, 0, 0, 0, 0, 0, 0, 0, 0, 0, 0, 0, 0, 0, 0, 0, 0, 0, 0, 0, 0, 0, 0]
T = [29100, 91800, 143100, 13800, 23700, 49600, 53500, 151600, 93500, 57100, 15500, 176800, 35800, 85600, 45200, 63600, 28500, 179900, 173600, 19900, 36600, 48200, 36400, 91200, 143300, 168800, 71300, 49200, 43900, 114300]
T2 = [1639700, 2350100, 1579600, 1538700, 1505800, 1575400, 1487200, 1657500, 1473200, 1470600, 1531800, 1555800, 1374300, 1188900, 1489800, 10438800, 2650400, 7017500, 1581900, 1758100, 9791400, 29158400, 5591400, 1987700, 4849400, 13301600, 3515700, 2979100, 4895100, 4527800]

id 49
F = [14, 4, 61, 44, 63, 34, 18, 6, 23, 13, 7, 17, 26, 13, 4, 16, 5, 38, 5, 3, 5, 28, 6, 9, 10, 12, 2, 12, 15, 24]
F2 = [0, 0, 0, 0, 0, 0, 0, 0, 0, 0, 0, 0, 0, 0, 0, 0, 0, 0, 0, 0, 0, 0, 0, 0, 0, 0, 0, 0, 0, 0]
T = [81500, 31900, 350900, 96700, 395400, 1701200, 78600, 50100, 65900, 85500, 63100, 138700, 205900, 213300, 35500, 125300, 57200, 173900, 55300, 25800, 52200, 122400, 36300, 56900, 60400, 58000, 19600, 64900, 52700, 93300]
T2 = [1977600, 2239400, 2651000, 1417500, 2532400, 1821700, 2920400, 1709600, 1870900, 1859000, 2909300, 2251100, 2366000, 2472900, 2658100, 6206300, 1985800, 2014100, 1904800, 1631600, 1591300, 1479100, 1728100, 2011600, 2004400, 1326500, 1468800, 1210100, 1327600, 1208900]

id 0
F = [40, 22, 41, 17, 17, 9, 5, 26, 8, 32, 39, 13, 15, 8, 3, 5, 58, 11, 23, 48, 2, 55, 3, 30, 2, 10, 16, 19, 19, 65]
F2 = [0, 0, 0, 0, 0, 0, 0, 0, 0, 0, 0, 0, 0, 0, 0, 0, 0, 0, 0, 0, 0, 0, 0, 0, 0, 0, 0, 0, 0, 0]
T = [28292600, 2607600, 3734500, 2144100, 2325800, 721800, 543000, 2135200, 837900, 4262800, 4797500, 1050000, 804100, 548600, 285500, 505600, 4386900, 563800, 1350400, 1849700, 327700, 1876400, 156100, 906000, 87200, 228100, 435400, 397800, 542500, 1040500]
T2 = [10250300, 3997500, 4408100, 6918200, 5309000, 6019400, 3467700, 3402800, 5800700, 3278700, 4153900, 4209500, 3126400, 4525600, 4598100, 4361900, 3883300, 3063300, 4081800, 3869100, 4695700, 4249100, 5649900, 4652200, 5237200, 4972700, 4762300, 4024000, 4090500, 4237400]

id 1
F = [2, 7, 10, 52, 18, 11, 59, 7, 27, 9, 67, 25, 11, 17, 29, 29, 9, 112, 15, 4, 45, 4, 15, 90, 7, 5, 18, 20, 32, 6]
F2 = [0, 0, 0, 0, 0, 0, 0, 0, 0, 0, 0, 0, 0, 0, 0, 0, 0, 0, 0, 0, 0, 0, 0, 0, 0, 0, 0, 0, 0, 0]
T = [111900, 204600, 316100, 925700, 348700, 204700, 796700, 142300, 624300, 199000, 934200, 357700, 194400, 266400, 390200, 902000, 199300, 1982900, 305900, 253200, 742000, 162000, 368100, 2861600, 446800, 161200, 678600, 444200, 454800, 99800]
T2 = [5440400, 4013100, 4610900, 3782300, 3080100, 3669700, 2875100, 3998400, 3605700, 3466500, 3087800, 3185700, 2880700, 3138500, 3165300, 4344300, 3960000, 4243100, 2979700, 3276900, 4610400, 4556400, 3630400, 4659500, 3782900, 4661100, 4026700, 4013200, 3182400, 3463600]

id 2
F = [87, 25, 12, 12, 14, 2, 4, 76, 2, 18, 28, 10, 26, 43, 34, 5, 5, 25, 1, 23, 30, 17, 5, 17, 12, 64, 51, 2, 23, 3]
F2 = [0, 0, 0, 0, 0, 0, 0, 0, 0, 0, 0, 0, 0, 0, 0, 0, 0, 0, 0, 0, 0, 0, 0, 0, 0, 0, 0, 0, 0, 0]
T = [1853400, 519800, 293500, 173700, 221300, 110500, 120900, 879500, 121900, 422000, 604400, 186400, 275000, 636600, 548600, 232100, 267700, 305100, 55000, 232400, 728800, 232100, 179500, 185500, 236800, 1584500, 1678100, 66700, 318000, 61800]
T2 = [3022900, 4483900, 3353200, 2957400, 4090200, 3782600, 4215400, 3549500, 4321800, 6030400, 3843600, 3794300, 3212600, 7774900, 4735900, 5157600, 3047000, 3787700, 2979000, 3215400, 4725300, 4343900, 3126500, 3547200, 5422800, 4799900, 8777100, 3563100, 2926100, 3595700]

id 3
F = [3, 5, 30, 10, 6, 78, 13, 45, 21, 70, 14, 60, 25, 26, 5, 29, 17, 2, 5, 25, 15, 1, 18, 45, 7, 9, 73, 30, 43, 26]
F2 = [0, 0, 0, 0, 0, 0, 0, 0, 0, 0, 0, 0, 0, 0, 0, 0, 0, 0, 0, 0, 0, 0, 0, 0, 0, 0, 0, 0, 0, 0]
T = [117400, 303600, 380900, 130700, 101700, 1188600, 171100, 544500, 337000, 1237400, 214400, 1018000, 338500, 358600, 112600, 398300, 257000, 65500, 460000, 551500, 193800, 58800, 346200, 1597200, 119300, 227800, 761400, 886100, 504700, 415300]
T2 = [5328300, 5353100, 4194200, 4103800, 4961400, 4454700, 4193000, 4045200, 4232000, 4272100, 5224200, 4426900, 4031900, 3784400, 5163200, 4909200, 4154900, 4714400, 5172400, 3805100, 5670900, 4965900, 8528400, 7784500, 3937300, 9721500, 5965700, 5659400, 4968600, 6649200]

id 4
F = [16, 13, 1, 23, 9, 13, 24, 6, 6, 34, 10, 8, 33, 20, 5, 6, 27, 8, 6, 15, 39, 12, 30, 27, 34, 24, 26, 3, 59, 11]
F2 = [0, 0, 0, 0, 0, 0, 0, 0, 0, 0, 0, 0, 0, 0, 0, 0, 0, 0, 0, 0, 0, 0, 0, 0, 0, 0, 0, 0, 0, 0]
T = [621600, 350900, 55600, 532200, 192700, 374400, 333000, 184200, 153300, 327600, 144000, 160600, 479800, 396200, 101000, 221800, 543300, 199800, 553700, 379200, 622400, 221200, 1208700, 453900, 376000, 138800, 248600, 58500, 1042100, 180500]
T2 = [5570900, 6217400, 4482700, 4996600, 5227900, 5464300, 5245600, 4374400, 3932400, 4006400, 4542900, 5187800, 4596700, 5340000, 6924700, 7393300, 5630100, 7886600, 8261900, 6271000, 4771600, 6597700, 4303600, 3687200, 3106200, 2015900, 2567800, 4586200, 3974500, 4579300]

id 5
F = [67, 6, 3, 33, 57, 14, 21, 26, 4, 2, 16, 49, 23, 50, 10, 27, 11, 10, 42, 38, 94, 18, 7, 29, 66, 1, 13, 93, 16, 51]
F2 = [0, 0, 0, 0, 0, 0, 0, 0, 0, 0, 0, 0, 0, 0, 0, 0, 0, 0, 0, 0, 0, 0, 0, 0, 0, 0, 0, 0, 0, 0]
T = [907200, 150500, 49600, 289100, 531300, 149300, 200000, 393700, 90700, 71800, 240900, 487000, 206400, 368500, 111700, 275700, 158100, 97300, 408200, 603600, 1187800, 458800, 77300, 301200, 434200, 54300, 162200, 356800, 94800, 145000]
T2 = [3074900, 4025900, 3413800, 3693900, 3505200, 3681300, 3780800, 4107500, 3407400, 3439600, 3652400, 3528000, 3188500, 3204100, 4187400, 3334400, 3175200, 2214500, 4318900, 3356400, 5545200, 2956400, 3300400, 3335500, 3339300, 3875300, 2554300, 1437600, 1380100, 1338000]

id 6
F = [8, 25, 42, 13, 84, 106, 65, 12, 10, 20, 31, 7, 7, 16, 2, 26, 44, 12, 17, 9, 25, 62, 128, 4, 1, 8, 40, 109, 11, 4]
F2 = [0, 0, 0, 0, 0, 0, 0, 0, 0, 0, 0, 0, 0, 0, 0, 0, 0, 0, 0, 0, 0, 0, 0, 0, 0, 0, 0, 0, 0, 0]
T = [80600, 89800, 127200, 112100, 280500, 283600, 241700, 152300, 69100, 99100, 290400, 95600, 103600, 237500, 98900, 117400, 302600, 105800, 185500, 78300, 184200, 583900, 1000500, 28500, 18400, 29000, 123100, 868200, 154800, 212000]
T2 = [1476700, 1250100, 1387600, 1316300, 1290100, 1261700, 1456100, 1631600, 1436100, 1782600, 3662200, 3348100, 4110200, 2628800, 1645800, 2739400, 3295700, 3279500, 3631400, 3268900, 4945600, 4058700, 1383400, 1316300, 1265100, 1274400, 3412500, 4027700, 3945900, 4776400]

id 7
F = [2, 6, 38, 7, 4, 42, 32, 7, 59, 71, 52, 70, 62, 40, 6, 22, 19, 1, 69, 11, 61, 33, 3, 32, 9, 15, 33, 21, 5, 4]
F2 = [0, 0, 0, 0, 0, 0, 0, 0, 0, 0, 0, 0, 0, 0, 0, 0, 0, 0, 0, 0, 0, 0, 0, 0, 0, 0, 0, 0, 0, 0]
T = [131500, 79100, 283900, 73700, 55700, 289600, 385100, 133600, 633000, 918400, 492400, 672800, 563300, 376400, 88700, 176900, 227900, 46200, 418800, 143800, 424600, 237500, 69300, 241400, 73300, 162600, 397800, 255600, 61000, 112500]
T2 = [3608800, 3741100, 3434000, 3529600, 3444700, 3325300, 4254100, 4593300, 4775900, 4966600, 6463100, 5393800, 3805300, 3847000, 3796800, 7821300, 3870400, 5375900, 3851000, 3514100, 3964600, 6547400, 6101900, 3828800, 3939900, 4110400, 5525500, 8384400, 6176500, 3319300]

id 8
F = [27, 5, 29, 94, 6, 10, 22, 6, 8, 15, 11, 9, 126, 13, 29, 2, 55, 9, 34, 5, 15, 10, 2, 19, 32, 4, 24, 15, 36, 36]
F2 = [0, 0, 0, 0, 0, 0, 0, 0, 0, 0, 0, 0, 0, 0, 0, 0, 0, 0, 0, 0, 0, 0, 0, 0, 0, 0, 0, 0, 0, 0]
T = [296300, 62700, 209000, 672700, 51900, 74900, 176900, 98500, 88500, 114200, 89100, 112000, 653000, 155200, 218100, 47800, 322700, 127500, 358500, 127900, 103100, 74600, 64700, 107300, 299500, 52500, 186000, 89900, 218200, 248100]
T2 = [4112800, 4376200, 4288200, 4108300, 2941100, 3086300, 4037100, 4967000, 4113400, 3573700, 3487700, 4061200, 4372800, 4138700, 3564600, 3844000, 3649500, 4356300, 5405900, 4537000, 3470000, 3422700, 4384000, 3737600, 4388900, 5059100, 4007000, 7424300, 5543200, 4732800]

id 9
F = [18, 3, 29, 31, 9, 14, 15, 10, 4, 19, 24, 15, 17, 12, 12, 29, 6, 9, 39, 12, 2, 9, 2, 56, 6, 5, 18, 8, 212, 11]
F2 = [0, 0, 0, 0, 0, 0, 0, 0, 0, 0, 0, 0, 0, 0, 0, 0, 0, 0, 0, 0, 0, 0, 0, 0, 0, 0, 0, 0, 0, 0]
T = [327400, 54400, 131800, 144600, 47300, 75600, 183800, 63700, 59400, 93200, 105300, 139000, 88500, 203400, 129000, 472100, 78100, 71700, 195400, 137400, 37400, 54500, 16900, 244100, 110600, 40600, 119000, 107600, 2007700, 69900]
T2 = [3362800, 3341500, 3078900, 3006600, 3331900, 3280100, 3727200, 3812900, 3160500, 3002900, 3129200, 3307600, 3515100, 3322800, 3264600, 3920100, 3837200, 3233300, 3123900, 4082100, 3136300, 2995500, 3356600, 3018800, 3758800, 3319900, 3274100, 4431700, 4136800, 3849100]

id 10
F = [53, 6, 29, 11, 17, 37, 17, 14, 14, 148, 30, 51, 30, 16, 19, 36, 3, 22, 24, 15, 13, 10, 62, 8, 16, 51, 1, 3, 7, 4]
F2 = [0, 0, 0, 0, 0, 0, 0, 0, 0, 0, 0, 0, 0, 0, 0, 0, 0, 0, 0, 0, 0, 0, 0, 0, 0, 0, 0, 0, 0, 0]
T = [246400, 58100, 148700, 63700, 101100, 227200, 202000, 85000, 163100, 1033100, 224100, 295700, 281400, 110000, 175200, 313100, 51400, 188200, 142400, 93500, 84300, 103300, 351200, 65700, 106300, 290000, 35500, 42700, 78300, 42800]
T2 = [3384700, 4014900, 3181700, 4791400, 3187800, 4567300, 7581500, 5203500, 4720900, 4162600, 4197600, 4065700, 3785900, 3879600, 3504700, 4016900, 4473500, 4320700, 3779300, 3752000, 3763300, 3839000, 3809800, 3810500, 3755100, 3915500, 3961800, 4192100, 3962400, 3858800]

id 11
F = [10, 8, 48, 4, 2, 6, 22, 60, 11, 40, 6, 16, 14, 81, 5, 62, 5, 23, 32, 98, 7, 30, 78, 18, 1, 3, 24, 7, 10, 45]
F2 = [0, 0, 0, 0, 0, 0, 0, 0, 0, 0, 0, 0, 0, 0, 0, 0, 0, 0, 0, 0, 0, 0, 0, 0, 0, 0, 0, 0, 0, 0]
T = [60500, 39300, 186200, 32600, 23000, 30700, 137900, 322500, 65700, 156700, 32100, 74000, 77300, 282600, 25400, 234600, 27900, 285200, 151500, 430800, 45800, 200200, 331300, 132500, 23300, 28300, 131300, 40500, 48800, 223100]
T2 = [2640000, 2487200, 2546400, 2678400, 2553100, 2499700, 3812500, 3698000, 3365100, 2572200, 2537500, 3898500, 2577100, 2475000, 2524000, 2602600, 3395800, 4878000, 3183700, 3189400, 4328300, 3141400, 3006800, 3477300, 3035700, 3533700, 3092700, 3019800, 3020300, 3077400]

id 12
F = [6, 21, 20, 40, 6, 19, 44, 50, 2, 9, 14, 5, 3, 4, 11, 40, 21, 7, 71, 16, 36, 54, 33, 8, 49, 17, 11, 16, 6, 13]
F2 = [0, 0, 0, 0, 0, 0, 0, 0, 0, 0, 0, 0, 0, 0, 0, 0, 0, 0, 0, 0, 0, 0, 0, 0, 0, 0, 0, 0, 0, 0]
T = [41400, 86300, 78700, 138900, 36600, 72600, 171100, 184600, 26900, 49700, 64200, 40500, 19700, 28900, 47800, 143100, 91300, 46900, 253800, 77100, 133000, 181500, 118300, 44300, 183500, 75700, 82900, 94600, 49100, 100000]
T2 = [2672400, 2475000, 2458100, 2519100, 2476900, 2574000, 2569200, 2470500, 2538200, 2559000, 2470800, 2642300, 2557100, 2524300, 2475000, 2473600, 2507600, 2570100, 2601900, 2590500, 2444500, 2454100, 2523200, 2567000, 2467100, 3179500, 3794400, 3894400, 7217400, 3851400]

id 13
F = [19, 10, 19, 8, 6, 23, 53, 36, 8, 19, 6, 51, 28, 57, 3, 15, 3, 11, 2, 24, 7, 42, 39, 77, 54, 46, 72, 18, 92, 17]
F2 = [0, 0, 0, 0, 0, 0, 0, 0, 0, 0, 0, 0, 0, 0, 0, 0, 0, 0, 0, 0, 0, 0, 0, 0, 0, 0, 0, 0, 0, 0]
T = [242200, 72600, 115000, 92000, 91700, 134500, 364900, 276900, 52800, 251100, 43100, 268800, 183800, 399700, 30500, 198300, 24500, 63000, 25200, 131100, 138000, 435700, 435300, 308800, 243100, 187700, 316700, 99000, 393700, 138500]
T2 = [5854700, 5414200, 3837800, 4632200, 5524200, 3467900, 4043900, 3451000, 3394900, 3665800, 3098800, 3294800, 4538700, 4006100, 4992600, 3267300, 3100600, 3101800, 3551400, 4581000, 4684800, 3207900, 3093300, 3085700, 2986800, 3071000, 3474700, 3402500, 3125300, 4017700]

id 14
F = [29, 21, 8, 41, 19, 4, 49, 2, 4, 14, 10, 5, 35, 17, 3, 7, 20, 47, 32, 3, 33, 7, 21, 19, 17, 9, 100, 4, 15, 4]
F2 = [0, 0, 0, 0, 0, 0, 0, 0, 0, 0, 0, 0, 0, 0, 0, 0, 0, 0, 0, 0, 0, 0, 0, 0, 0, 0, 0, 0, 0, 0]
T = [151800, 112700, 53900, 187000, 93400, 31100, 502800, 32100, 44300, 75400, 62200, 28500, 160000, 86500, 33100, 44100, 98200, 205800, 146900, 29500, 161900, 50700, 96500, 99500, 98900, 49800, 406000, 41600, 85900, 34200]
T2 = [3294100, 3750000, 3172400, 3148700, 3006400, 4487000, 3651900, 3101100, 3118600, 3130600, 3030300, 2995900, 2996300, 3235100, 3047800, 3088800, 3053700, 3026400, 3007000, 3541000, 3192300, 3485400, 3007700, 3804700, 2999600, 3012700, 3464800, 3493800, 3252900, 3176700]

id 15
F = [49, 45, 36, 24, 19, 21, 20, 7, 4, 11, 43, 10, 6, 4, 19, 9, 40, 19, 32, 29, 26, 5, 1, 15, 9, 94, 28, 26, 42, 48]
F2 = [0, 0, 0, 0, 0, 0, 0, 0, 0, 0, 0, 0, 0, 0, 0, 0, 0, 0, 0, 0, 0, 0, 0, 0, 0, 0, 0, 0, 0, 0]
T = [227600, 516000, 167300, 119500, 96300, 121200, 94800, 48100, 33700, 66900, 181300, 83200, 57700, 29000, 92800, 68400, 169700, 100600, 172500, 173400, 125900, 37100, 24500, 99800, 57500, 380800, 174900, 271700, 198100, 296900]
T2 = [3367000, 3131300, 3098400, 3328000, 3049100, 3129400, 3726000, 3154300, 3493300, 3133900, 3005300, 3173600, 3148400, 3010400, 3688800, 3111900, 3700400, 3095300, 7529000, 3363200, 3005700, 3540400, 3853800, 3300900, 2976200, 3018000, 4709500, 3845800, 3693700, 4060300]

id 16
F = [16, 14, 112, 20, 11, 35, 1, 2, 6, 25, 4, 5, 2, 50, 9, 49, 11, 44, 11, 6, 25, 7, 28, 12, 28, 8, 12, 15, 11, 4]
F2 = [0, 0, 0, 0, 0, 0, 0, 0, 0, 0, 0, 0, 0, 0, 0, 0, 0, 0, 0, 0, 0, 0, 0, 0, 0, 0, 0, 0, 0, 0]
T = [97600, 117700, 588500, 104800, 67100, 153600, 20200, 17900, 35200, 124600, 40400, 32600, 30700, 234700, 69900, 259400, 54300, 389500, 79300, 62600, 138000, 57700, 162100, 81300, 122300, 53600, 61200, 63500, 86900, 28400]
T2 = [4152700, 4450400, 3257400, 3257200, 3082800, 3218900, 3067900, 2976000, 3101600, 3330100, 3055400, 3096900, 3439900, 3283800, 3446500, 2996000, 3469000, 3953200, 3858500, 3586900, 3664400, 3839100, 3787100, 3349400, 2567900, 2650600, 2557000, 2569500, 2896500, 2530600]

id 17
F = [21, 1, 41, 1, 16, 9, 29, 2, 3, 6, 31, 17, 3, 14, 28, 2, 49, 78, 39, 6, 7, 25, 38, 11, 8, 26, 17, 3, 1, 72]
F2 = [0, 0, 0, 0, 0, 0, 0, 0, 0, 0, 0, 0, 0, 0, 0, 0, 0, 0, 0, 0, 0, 0, 0, 0, 0, 0, 0, 0, 0, 0]
T = [122800, 14700, 165400, 21800, 102400, 52100, 132500, 34700, 47700, 67300, 189900, 96900, 41800, 91700, 176200, 23700, 249300, 529100, 215700, 51300, 54900, 136000, 202800, 74100, 79300, 119800, 80900, 51000, 25100, 294200]
T2 = [2779100, 2521200, 2753800, 3550700, 4275800, 2790000, 2526400, 4039800, 3602000, 3941700, 3737800, 4067400, 4616100, 3918500, 3938200, 3701200, 3879000, 4116700, 3844500, 3819200, 3766500, 3716700, 3811400, 3800200, 3162000, 2546500, 3317300, 3557600, 2640100, 3407600]

id 18
F = [2, 12, 17, 101, 6, 63, 1, 24, 22, 1, 1, 31, 15, 43, 21, 5, 3, 4, 22, 25, 1, 48, 49, 8, 36, 1, 8, 58, 14, 10]
F2 = [0, 0, 0, 0, 0, 0, 0, 0, 0, 0, 0, 0, 0, 0, 0, 0, 0, 0, 0, 0, 0, 0, 0, 0, 0, 0, 0, 0, 0, 0]
T = [34000, 161700, 100900, 347100, 91900, 330400, 21800, 128500, 96500, 20900, 25700, 192900, 202700, 167500, 98400, 28000, 45100, 42700, 97700, 87400, 24400, 259000, 266400, 41800, 451600, 22200, 56400, 251600, 104100, 63800]
T2 = [4071300, 5102200, 2680300, 3848100, 4290700, 4015400, 8725900, 2667500, 4834800, 2959300, 4259200, 4971300, 5131200, 2601000, 2607700, 3393300, 3875600, 4103500, 2470000, 2531000, 3474100, 3829700, 2696900, 2442800, 3112700, 3976600, 3098100, 3453200, 3583000, 3524300]

id 19
F = [44, 17, 60, 10, 20, 2, 7, 1, 4, 30, 71, 16, 11, 45, 12, 7, 44, 25, 20, 11, 66, 14, 12, 17, 60, 5, 60, 24, 2, 9]
F2 = [0, 0, 0, 0, 0, 0, 0, 0, 0, 0, 0, 0, 0, 0, 0, 0, 0, 0, 0, 0, 0, 0, 0, 0, 0, 0, 0, 0, 0, 0]
T = [236400, 97500, 265000, 59700, 92200, 26100, 42200, 15800, 39700, 178800, 707600, 99100, 65800, 213800, 107200, 53800, 444000, 252800, 109700, 73500, 697100, 80600, 73100, 82800, 244500, 41300, 300000, 150600, 17700, 53700]
T2 = [3889000, 3231800, 3043900, 3033800, 3208700, 3110500, 2985800, 3176100, 3165500, 4541500, 4038500, 3364800, 3083000, 3227900, 4472700, 3916600, 4134200, 3457500, 3187600, 3266200, 3106900, 3800100, 3158000, 3004900, 3126500, 3698800, 3635500, 3176400, 3073900, 3264300]

id 20
F = [2, 1, 50, 4, 70, 66, 16, 48, 8, 6, 12, 20, 6, 25, 15, 7, 4, 30, 20, 35, 11, 17, 20, 15, 37, 16, 38, 36, 5, 1]
F2 = [0, 0, 0, 0, 0, 0, 0, 0, 0, 0, 0, 0, 0, 0, 0, 0, 0, 0, 0, 0, 0, 0, 0, 0, 0, 0, 0, 0, 0, 0]
T = [26100, 14200, 234700, 52000, 297400, 388300, 88700, 212200, 42100, 45700, 69500, 103800, 34700, 116700, 167500, 59600, 37100, 143800, 101500, 170200, 91100, 95000, 91000, 98600, 170800, 86200, 180200, 169400, 38000, 21100]
T2 = [3243300, 3292200, 3220000, 3117700, 3620100, 3304600, 3026800, 3086400, 3698300, 3183300, 3157300, 3078100, 3242400, 4178000, 4132300, 4111100, 3130700, 3081200, 3302700, 3206800, 3905900, 3073000, 3186300, 3233400, 3393200, 3058700, 3434700, 3288700, 3632300, 3306500]

id 21
F = [20, 10, 25, 10, 42, 22, 5, 52, 9, 4, 5, 40, 15, 64, 61, 14, 19, 73, 13, 4, 24, 9, 6, 78, 6, 27, 2, 33, 7, 24]
F2 = [0, 0, 0, 0, 0, 0, 0, 0, 0, 0, 0, 0, 0, 0, 0, 0, 0, 0, 0, 0, 0, 0, 0, 0, 0, 0, 0, 0, 0, 0]
T = [156000, 119800, 180200, 62100, 233300, 142100, 50000, 233300, 52400, 48500, 37800, 220300, 162600, 293400, 393700, 230800, 100500, 476700, 79700, 48500, 176500, 66300, 69500, 439300, 57600, 216900, 27100, 155600, 44200, 242800]
T2 = [4339700, 4514400, 3428900, 3158600, 3144100, 3374200, 3730700, 3053500, 3054500, 3288300, 3511200, 3633600, 3800100, 4595400, 4200300, 3889600, 3537600, 3765000, 4163900, 5515300, 4183000, 4172800, 4533700, 3387600, 3278700, 3435700, 3150200, 3035500, 3620500, 3590900]

id 22
F = [39, 8, 21, 16, 1, 20, 20, 23, 1, 4, 59, 45, 5, 6, 4, 18, 63, 6, 3, 11, 38, 66, 27, 55, 2, 9, 1, 19, 69, 8]
F2 = [0, 0, 0, 0, 0, 0, 0, 0, 0, 0, 0, 0, 0, 0, 0, 0, 0, 0, 0, 0, 0, 0, 0, 0, 0, 0, 0, 0, 0, 0]
T = [185400, 52900, 125600, 183500, 20200, 125100, 168300, 213200, 27900, 42400, 286200, 221000, 27600, 32800, 47200, 92700, 284900, 34700, 30600, 63100, 199800, 284000, 129400, 223400, 16700, 57900, 25800, 94500, 279800, 44600]
T2 = [3248900, 4178600, 4714400, 3320000, 3143000, 3702700, 3422300, 3744200, 3395500, 3106500, 3083600, 2971900, 2985200, 3242400, 3088400, 3181000, 3100900, 3079500, 3089500, 3214000, 3161700, 3141600, 3032000, 3015000, 3144100, 3122100, 3108900, 3019200, 3018900, 3285700]

id 23
F = [46, 39, 5, 12, 37, 81, 3, 9, 10, 10, 5, 27, 17, 52, 4, 3, 2, 13, 15, 18, 8, 8, 9, 4, 10, 21, 16, 1, 21, 6]
F2 = [0, 0, 0, 0, 0, 0, 0, 0, 0, 0, 0, 0, 0, 0, 0, 0, 0, 0, 0, 0, 0, 0, 0, 0, 0, 0, 0, 0, 0, 0]
T = [228200, 185400, 41100, 70600, 245100, 328800, 40400, 69000, 58800, 63200, 39800, 125000, 102000, 218200, 36600, 26500, 16600, 76200, 93400, 118500, 52300, 42300, 53000, 42400, 74100, 109700, 86400, 11700, 116600, 60200]
T2 = [3372600, 3385100, 3097200, 3360500, 3212000, 3025100, 3347000, 3122500, 3314500, 3262800, 3001000, 4709800, 3022800, 3029700, 3309800, 2985100, 3158300, 3217200, 3127100, 3260400, 3463100, 2982000, 3278100, 3143600, 3155900, 3031400, 3059800, 3116500, 3250500, 3230500]

id 24
F = [10, 9, 33, 8, 6, 20, 5, 7, 42, 11, 23, 49, 9, 43, 33, 51, 10, 1, 53, 17, 14, 14, 31, 5, 50, 19, 2, 3, 24, 20]
F2 = [0, 0, 0, 0, 0, 0, 0, 0, 0, 0, 0, 0, 0, 0, 0, 0, 0, 0, 0, 0, 0, 0, 0, 0, 0, 0, 0, 0, 0, 0]
T = [243300, 69000, 156400, 45300, 46500, 103400, 37800, 71000, 205500, 144800, 117400, 222000, 65600, 191400, 171500, 231400, 56600, 23600, 381600, 154700, 138500, 93500, 164400, 53200, 223400, 102500, 33500, 39400, 176400, 163200]
T2 = [3542500, 3622000, 3096200, 3506900, 3376300, 3031900, 3187100, 4102600, 3389000, 3612500, 3206700, 3416500, 3130800, 3305400, 3406300, 3042700, 3065400, 3524800, 8407900, 4468900, 4739300, 4963700, 4757900, 5662900, 3668700, 3527400, 4161800, 4129400, 4259500, 3260400]

id 25
F = [7, 51, 11, 13, 21, 6, 9, 14, 9, 15, 8, 37, 36, 86, 7, 43, 18, 31, 22, 11, 26, 35, 27, 40, 26, 31, 5, 6, 15, 28]
F2 = [0, 0, 0, 0, 0, 0, 0, 0, 0, 0, 0, 0, 0, 0, 0, 0, 0, 0, 0, 0, 0, 0, 0, 0, 0, 0, 0, 0, 0, 0]
T = [74100, 227700, 71800, 134100, 107300, 44300, 55000, 78000, 63200, 86000, 55300, 175100, 161200, 368500, 51600, 204800, 92900, 147400, 101900, 67500, 121200, 163400, 144300, 204300, 121800, 194200, 41200, 46300, 79200, 137800]
T2 = [3442400, 3740200, 3169700, 3327300, 3044800, 3171000, 3106300, 3153100, 3534000, 3728200, 3197800, 3135300, 3146300, 3150100, 3469500, 3216100, 3271900, 3038300, 3091500, 3215200, 3067200, 3068200, 3103800, 3142800, 3152100, 3293300, 3375400, 3081300, 4531300, 3255500]

id 26
F = [2, 12, 8, 32, 62, 5, 13, 21, 86, 11, 36, 19, 76, 22, 8, 6, 12, 4, 20, 21, 81, 38, 10, 9, 28, 51, 12, 37, 32, 24]
F2 = [0, 0, 0, 0, 0, 0, 0, 0, 0, 0, 0, 0, 0, 0, 0, 0, 0, 0, 0, 0, 0, 0, 0, 0, 0, 0, 0, 0, 0, 0]
T = [26100, 69600, 49500, 139700, 287900, 30700, 70500, 116800, 356700, 74100, 154500, 83500, 337000, 134000, 62600, 83900, 59500, 42800, 103900, 97200, 383400, 192400, 55400, 45000, 138300, 218500, 71100, 223900, 148300, 118200]
T2 = [3335100, 3404700, 3110900, 3345900, 3123100, 2971500, 3056800, 3770700, 3101600, 3219900, 2978400, 3342200, 3117600, 3150200, 3382300, 3235300, 3229600, 3146400, 3047100, 2997900, 3087500, 3288500, 3034900, 3480000, 2997100, 3288300, 3186500, 3016100, 3123600, 3185100]

id 27
F = [44, 32, 19, 51, 25, 8, 13, 24, 28, 42, 3, 5, 4, 1, 34, 5, 4, 5, 24, 39, 10, 3, 1, 15, 7, 18, 22, 24, 5, 35]
F2 = [0, 0, 0, 0, 0, 0, 0, 0, 0, 0, 0, 0, 0, 0, 0, 0, 0, 0, 0, 0, 0, 0, 0, 0, 0, 0, 0, 0, 0, 0]
T = [261800, 176000, 110500, 220400, 125800, 55400, 63600, 131300, 162000, 193800, 32000, 36900, 42400, 23000, 161700, 58900, 42200, 54700, 122400, 185500, 67000, 31700, 22100, 88000, 38800, 91100, 205800, 564800, 45900, 166100]
T2 = [3274700, 3258600, 3205400, 3331500, 3170700, 3080300, 3023400, 3315600, 3145800, 3327000, 3219900, 3133000, 3133100, 3312200, 3925600, 3953500, 3394900, 3180200, 3275600, 3360100, 3704600, 3412400, 3181800, 3025900, 2983700, 3466500, 3451400, 4046000, 3363300, 3380200]

id 28
F = [48, 33, 29, 16, 4, 28, 10, 6, 30, 10, 21, 19, 53, 9, 22, 36, 19, 10, 10, 40, 22, 2, 19, 15, 41, 10, 16, 45, 1, 29]
F2 = [0, 0, 0, 0, 0, 0, 0, 0, 0, 0, 0, 0, 0, 0, 0, 0, 0, 0, 0, 0, 0, 0, 0, 0, 0, 0, 0, 0, 0, 0]
T = [224700, 153800, 129000, 89200, 34200, 153100, 49400, 45200, 135600, 58400, 92900, 102200, 260400, 58100, 113700, 185500, 107300, 65500, 70200, 176300, 103800, 33700, 101500, 140000, 273200, 102800, 121200, 202400, 20700, 158900]
T2 = [3154600, 3016100, 3854000, 3143600, 3306300, 3106500, 3121900, 2972200, 3063000, 3011100, 3502200, 3161900, 3187300, 3318200, 3210100, 3646000, 3350900, 3840300, 3107200, 3013700, 3316000, 3276800, 4130900, 3652600, 3592400, 3848400, 3275600, 3729800, 3950300, 3307000]

id 29
F = [20, 6, 8, 16, 2, 70, 9, 13, 40, 6, 16, 8, 28, 1, 45, 32, 26, 3, 26, 3, 14, 38, 4, 2, 71, 22, 57, 12, 4, 39]
F2 = [0, 0, 0, 0, 0, 0, 0, 0, 0, 0, 0, 0, 0, 0, 0, 0, 0, 0, 0, 0, 0, 0, 0, 0, 0, 0, 0, 0, 0, 0]
T = [183000, 107000, 71600, 132100, 25900, 463600, 78300, 79400, 176100, 61100, 106500, 70300, 150500, 16300, 379000, 202500, 175700, 30200, 191000, 35900, 103200, 240700, 54200, 43700, 444300, 146500, 432900, 155200, 68300, 283800]
T2 = [4162600, 3705200, 9259900, 4438200, 3656300, 4982500, 4886100, 3161200, 3221700, 3569300, 3793000, 4698100, 3292600, 3626700, 3951500, 3479100, 3738600, 3372800, 4084400, 3577500, 3672000, 3551100, 3855600, 3822300, 3561900, 4424200, 4765900, 4207800, 3828400, 3677000]

id 30
F = [6, 7, 12, 18, 6, 3, 26, 54, 14, 21, 21, 18, 12, 39, 3, 27, 66, 3, 26, 1, 9, 48, 12, 20, 32, 22, 25, 7, 2, 13]
F2 = [0, 0, 0, 0, 0, 0, 0, 0, 0, 0, 0, 0, 0, 0, 0, 0, 0, 0, 0, 0, 0, 0, 0, 0, 0, 0, 0, 0, 0, 0]
T = [46200, 56200, 69500, 103000, 62300, 30900, 136400, 252600, 78000, 108900, 103700, 92800, 64100, 188900, 30000, 141100, 296200, 33500, 178800, 19200, 65200, 221900, 68000, 98300, 138900, 129300, 150800, 56100, 28100, 72800]
T2 = [3369200, 3138100, 3191100, 3151300, 3137500, 3172700, 3305100, 3066600, 3304900, 3060000, 3110000, 2979200, 3248600, 3155200, 3230300, 3146500, 3116200, 3451300, 3318000, 3091800, 3178200, 3146200, 3333200, 3030400, 3202600, 3390200, 3313100, 3580500, 3335300, 3042900]

id 31
F = [22, 5, 115, 36, 65, 9, 49, 12, 1, 23, 33, 13, 77, 55, 17, 82, 93, 22, 12, 84, 42, 30, 33, 48, 22, 24, 40, 22, 6, 23]
F2 = [0, 0, 0, 0, 0, 0, 0, 0, 0, 0, 0, 0, 0, 0, 0, 0, 0, 0, 0, 0, 0, 0, 0, 0, 0, 0, 0, 0, 0, 0]
T = [120000, 50500, 500100, 158400, 276400, 65600, 246500, 86300, 18800, 115300, 141100, 86200, 329200, 291200, 93400, 354800, 396700, 94800, 83300, 437200, 294800, 141700, 146600, 205700, 112700, 105100, 175400, 111700, 45800, 119100]
T2 = [3849000, 3278600, 3112800, 3047000, 3150200, 3276200, 3051000, 3155900, 2996800, 2991600, 3049000, 3167800, 3303400, 3160300, 3019300, 3166200, 2998000, 3232300, 3390900, 3279900, 3588200, 3075100, 3015000, 3050600, 2975700, 2980600, 3022100, 3170500, 3380500, 3012300]

id 32
F = [2, 88, 23, 25, 15, 63, 15, 3, 24, 31, 30, 2, 23, 41, 2, 12, 5, 36, 29, 7, 16, 2, 24, 5, 21, 15, 15, 89, 9, 11]
F2 = [0, 0, 0, 0, 0, 0, 0, 0, 0, 0, 0, 0, 0, 0, 0, 0, 0, 0, 0, 0, 0, 0, 0, 0, 0, 0, 0, 0, 0, 0]
T = [31900, 374500, 102000, 115800, 89500, 276300, 82500, 27700, 135900, 133500, 146200, 20700, 130900, 202000, 30800, 71900, 31800, 153600, 132200, 36600, 85200, 27400, 122700, 57300, 92000, 87600, 95500, 379900, 58200, 68100]
T2 = [3288500, 2978100, 2997700, 3287900, 3439400, 3075700, 3192000, 3014600, 3048400, 3017600, 2989800, 3000000, 3042200, 3479000, 3127500, 3048900, 2984900, 2994400, 3064500, 3057200, 3396200, 3007400, 3242000, 3027300, 3061300, 3248200, 3253500, 2997500, 3344000, 3182800]

id 33
F = [87, 3, 6, 8, 27, 46, 8, 27, 2, 10, 11, 6, 12, 6, 10, 21, 25, 46, 9, 18, 1, 15, 23, 9, 19, 2, 5, 6, 7, 26]
F2 = [0, 0, 0, 0, 0, 0, 0, 0, 0, 0, 0, 0, 0, 0, 0, 0, 0, 0, 0, 0, 0, 0, 0, 0, 0, 0, 0, 0, 0, 0]
T = [381900, 23300, 45000, 51500, 133500, 209100, 52200, 127800, 18800, 49400, 67100, 42000, 83000, 34600, 69400, 111100, 124700, 212300, 60400, 97200, 30100, 102500, 111200, 77100, 96200, 28500, 68300, 61100, 50200, 134200]
T2 = [3122000, 3159700, 3181300, 3281100, 3179200, 3078600, 2994400, 3058900, 3008700, 3247700, 3079100, 3221000, 3017600, 3267800, 3175200, 3237300, 2991000, 2985900, 3124500, 3023600, 3241300, 3864800, 3321400, 3123700, 3008700, 3203800, 3471100, 3197700, 3300500, 3009500]

id 34
F = [10, 49, 13, 3, 26, 15, 3, 6, 35, 31, 17, 2, 32, 34, 14, 3, 3, 10, 24, 4, 61, 14, 9, 1, 24, 8, 4, 40, 3, 6]
F2 = [0, 0, 0, 0, 0, 0, 0, 0, 0, 0, 0, 0, 0, 0, 0, 0, 0, 0, 0, 0, 0, 0, 0, 0, 0, 0, 0, 0, 0, 0]
T = [66500, 331200, 78200, 40400, 123300, 84600, 28100, 42400, 164500, 146100, 84700, 25600, 153000, 152100, 95600, 43700, 25400, 64400, 114900, 38600, 310300, 87700, 62700, 18900, 114100, 50600, 32400, 176700, 31800, 47600]
T2 = [3877900, 3175500, 3751100, 3512800, 3240600, 3103100, 3106500, 3268900, 3347700, 3027100, 3132900, 3157400, 2990100, 3543900, 3487900, 3096400, 3484300, 3124800, 3271400, 3225000, 3788000, 4116000, 4262700, 3021400, 3094100, 3017200, 3042200, 3058300, 3572900, 3158800]

id 35
F = [16, 22, 6, 33, 2, 6, 37, 1, 41, 7, 20, 2, 21, 47, 76, 68, 30, 5, 14, 7, 97, 5, 1, 22, 7, 3, 36, 57, 38, 1]
F2 = [0, 0, 0, 0, 0, 0, 0, 0, 0, 0, 0, 0, 0, 0, 0, 0, 0, 0, 0, 0, 0, 0, 0, 0, 0, 0, 0, 0, 0, 0]
T = [89800, 112100, 37000, 161900, 21900, 55200, 191500, 19900, 187800, 110100, 106700, 28900, 113300, 264800, 319800, 302700, 248700, 53000, 159900, 44600, 450800, 49600, 21300, 121600, 53400, 30800, 240700, 282200, 172000, 20500]
T2 = [3259700, 3069100, 3257500, 3043600, 3298600, 3455200, 3183000, 3103400, 3234800, 3943700, 3582000, 3266700, 3159200, 3356400, 3272000, 3527500, 4109100, 3249600, 3154000, 2994100, 3196900, 4241600, 3178100, 3365800, 3471600, 3344300, 3491600, 3163600, 3163300, 3173100]

id 36
F = [48, 8, 49, 29, 8, 17, 13, 24, 74, 62, 92, 19, 3, 6, 40, 57, 10, 30, 37, 49, 6, 7, 11, 1, 23, 4, 6, 32, 4, 32]
F2 = [0, 0, 0, 0, 0, 0, 0, 0, 0, 0, 0, 0, 0, 0, 0, 0, 0, 0, 0, 0, 0, 0, 0, 0, 0, 0, 0, 0, 0, 0]
T = [312200, 99700, 224100, 216500, 67300, 100700, 75000, 127400, 313700, 410800, 514300, 127500, 40500, 43100, 175700, 364400, 95400, 210700, 450900, 398800, 47100, 56500, 127000, 25400, 125200, 32600, 50100, 177900, 37900, 181900]
T2 = [3832100, 4026000, 6284600, 4903100, 3557700, 3654800, 3273600, 3126500, 3470700, 4432500, 3238400, 4637500, 3380800, 3053300, 3016000, 3481000, 3750400, 3819500, 3455300, 3550200, 3319200, 3224500, 4183700, 3791300, 3279400, 3311500, 3349300, 3217100, 3301200, 4709400]

id 37
F = [25, 23, 45, 2, 4, 26, 63, 33, 13, 12, 1, 3, 57, 4, 22, 65, 20, 13, 26, 20, 10, 123, 23, 1, 39, 2, 100, 9, 10, 54]
F2 = [0, 0, 0, 0, 0, 0, 0, 0, 0, 0, 0, 0, 0, 0, 0, 0, 0, 0, 0, 0, 0, 0, 0, 0, 0, 0, 0, 0, 0, 0]
T = [221700, 214800, 265300, 50400, 44800, 147800, 409400, 220900, 72200, 77200, 93700, 33300, 293100, 49000, 154700, 339600, 119400, 74500, 128100, 129600, 62900, 757200, 123400, 20300, 241800, 22100, 545400, 58300, 76000, 250800]
T2 = [4601500, 4137700, 4719600, 4627600, 3741500, 3252100, 4123600, 3303500, 3110900, 3357300, 3297200, 3293200, 4111300, 4117100, 3825900, 3265400, 3542500, 3133600, 3160700, 3764300, 4808500, 3729500, 3254400, 3242200, 3221600, 3084600, 3110200, 4542100, 3257500, 3326600]

id 38
F = [7, 18, 15, 5, 6, 3, 8, 52, 4, 36, 41, 1, 8, 14, 8, 42, 9, 13, 8, 6, 3, 37, 11, 17, 33, 14, 2, 5, 50, 38]
F2 = [0, 0, 0, 0, 0, 0, 0, 0, 0, 0, 0, 0, 0, 0, 0, 0, 0, 0, 0, 0, 0, 0, 0, 0, 0, 0, 0, 0, 0, 0]
T = [53300, 124800, 79500, 41000, 55400, 32100, 56300, 231300, 30600, 176000, 188800, 28000, 65800, 79200, 51600, 204100, 65400, 87100, 79900, 38200, 37100, 166400, 52400, 108800, 153700, 67800, 35100, 39800, 256000, 189400]
T2 = [3278700, 3199300, 3173400, 3193800, 4298900, 3196300, 3188700, 3082800, 3339600, 3312900, 3641200, 3371800, 3458700, 3163700, 3217200, 3283300, 3164000, 3121500, 3258800, 3160500, 3255900, 3085200, 3046100, 3243900, 3138900, 3011600, 4325300, 3087800, 3695300, 3093000]

id 39
F = [22, 32, 79, 82, 30, 11, 18, 5, 6, 3, 23, 36, 42, 22, 5, 54, 4, 11, 14, 15, 67, 14, 11, 56, 14, 51, 7, 15, 30, 28]
F2 = [0, 0, 0, 0, 0, 0, 0, 0, 0, 0, 0, 0, 0, 0, 0, 0, 0, 0, 0, 0, 0, 0, 0, 0, 0, 0, 0, 0, 0, 0]
T = [112700, 159000, 342100, 443000, 211000, 126300, 111000, 51700, 87300, 37700, 171200, 187300, 422900, 170000, 40800, 233000, 49700, 65400, 91300, 91200, 285600, 73100, 73100, 244800, 87400, 240000, 40400, 78600, 140700, 135100]
T2 = [3125300, 3245700, 3380100, 3674600, 4010900, 3226800, 3170000, 3542400, 4160400, 3355900, 3309300, 6412500, 5562600, 3647300, 3164000, 3647000, 3417900, 3363700, 3722900, 3111000, 3103700, 3388200, 3102600, 3250100, 3119700, 3033600, 3368200, 3374200, 3313300, 3769300]

id 40
F = [47, 13, 10, 28, 13, 53, 35, 24, 80, 132, 24, 40, 9, 9, 6, 13, 34, 10, 30, 48, 18, 34, 4, 32, 2, 16, 13, 52, 1, 20]
F2 = [0, 0, 0, 0, 0, 0, 0, 0, 0, 0, 0, 0, 0, 0, 0, 0, 0, 0, 0, 0, 0, 0, 0, 0, 0, 0, 0, 0, 0, 0]
T = [218500, 72800, 51700, 135900, 72800, 280500, 163600, 150400, 339800, 527300, 116200, 193200, 100100, 52200, 42500, 76800, 157100, 60900, 159900, 220600, 91600, 163200, 34600, 146800, 43900, 87600, 78000, 243300, 11000, 112700]
T2 = [3206800, 3091800, 3049800, 3123900, 3383000, 3421000, 3261300, 3273800, 3118400, 3085900, 3312600, 4427400, 3249700, 3034700, 3071200, 3326700, 3141600, 3161200, 3312300, 3320400, 3169100, 3148100, 3233900, 3189000, 3178500, 3119600, 3118900, 3049100, 3136800, 3176200]

id 41
F = [2, 37, 31, 8, 7, 39, 43, 49, 17, 51, 15, 19, 32, 8, 26, 6, 41, 7, 45, 30, 18, 2, 2, 22, 52, 32, 38, 37, 13, 22]
F2 = [0, 0, 0, 0, 0, 0, 0, 0, 0, 0, 0, 0, 0, 0, 0, 0, 0, 0, 0, 0, 0, 0, 0, 0, 0, 0, 0, 0, 0, 0]
T = [25500, 243100, 150200, 50600, 96300, 257200, 283600, 250800, 84800, 233800, 97400, 97100, 198100, 58500, 144300, 33700, 180600, 51800, 206400, 125400, 105000, 28100, 17000, 112600, 226600, 178500, 162000, 164500, 88200, 112900]
T2 = [3374400, 3442900, 3079300, 3433100, 4014100, 3519200, 3878800, 3119000, 3822600, 3104500, 3272600, 3102300, 3406600, 3338900, 3075000, 3144800, 3123800, 3058200, 2977700, 2995800, 3383600, 3019200, 3079600, 3143900, 3297200, 3081400, 3156000, 3132600, 3539900, 3018400]

id 42
F = [1, 32, 78, 4, 5, 3, 8, 56, 34, 51, 13, 32, 26, 2, 50, 27, 8, 80, 9, 17, 27, 10, 14, 29, 8, 69, 19, 3, 26, 16]
F2 = [0, 0, 0, 0, 0, 0, 0, 0, 0, 0, 0, 0, 0, 0, 0, 0, 0, 0, 0, 0, 0, 0, 0, 0, 0, 0, 0, 0, 0, 0]
T = [26900, 155200, 332300, 32200, 50300, 31200, 56500, 254200, 144700, 218100, 74500, 197000, 146300, 45200, 225500, 132000, 43700, 343400, 55100, 93400, 151400, 70800, 98600, 135200, 42600, 291400, 92800, 57300, 118500, 86500]
T2 = [4584500, 3322000, 3123800, 3336700, 3038600, 3011700, 3578200, 3014200, 3000300, 3242100, 3024600, 3067700, 3039500, 3198600, 3115500, 3103900, 3110200, 3093700, 3201800, 3757200, 3767400, 3222200, 3027500, 3129600, 3067700, 3041200, 3188100, 3239900, 3172200, 3125900]

id 43
F = [37, 28, 18, 43, 7, 16, 6, 9, 2, 7, 154, 4, 57, 13, 35, 17, 34, 25, 34, 14, 18, 2, 34, 8, 2, 6, 38, 14, 25, 8]
F2 = [0, 0, 0, 0, 0, 0, 0, 0, 0, 0, 0, 0, 0, 0, 0, 0, 0, 0, 0, 0, 0, 0, 0, 0, 0, 0, 0, 0, 0, 0]
T = [186200, 135300, 82500, 182100, 37200, 85100, 42700, 65200, 16900, 48200, 618900, 26900, 270600, 65300, 174600, 91200, 143900, 107800, 161500, 89500, 94900, 90900, 156200, 47500, 17800, 44000, 189400, 87200, 122400, 46400]
T2 = [3292800, 3093800, 2993400, 2959400, 3380000, 3177300, 3469100, 3059800, 3109200, 3040800, 3099400, 3039100, 3131800, 3006800, 3180300, 3089300, 2973700, 3160300, 3090500, 3173600, 3257700, 3098900, 3078800, 3024600, 3013600, 2980300, 3200800, 3034300, 3106100, 2976900]

id 44
F = [16, 27, 9, 32, 24, 2, 15, 10, 9, 4, 7, 6, 3, 9, 58, 21, 9, 11, 10, 10, 20, 47, 26, 21, 1, 9, 33, 22, 14, 2]
F2 = [0, 0, 0, 0, 0, 0, 0, 0, 0, 0, 0, 0, 0, 0, 0, 0, 0, 0, 0, 0, 0, 0, 0, 0, 0, 0, 0, 0, 0, 0]
T = [93500, 126700, 47000, 137300, 121700, 51700, 74800, 51200, 58900, 24800, 36500, 37800, 31900, 48900, 254200, 127000, 127200, 61000, 56000, 64200, 102700, 193800, 131700, 101600, 17700, 55700, 188900, 153800, 80000, 24000]
T2 = [3168000, 2987500, 2974100, 5350800, 3452800, 3225400, 2985800, 3199200, 3025700, 2979400, 3008900, 3267200, 3002100, 3023600, 3047100, 3152100, 3113000, 3062700, 3056600, 3092700, 2991600, 3014800, 3133700, 3075600, 3051800, 2997300, 3116700, 3050200, 3024400, 3100400]

id 45
F = [26, 24, 1, 46, 23, 7, 31, 21, 38, 15, 26, 24, 17, 19, 15, 9, 3, 12, 33, 14, 10, 54, 29, 1, 9, 150, 39, 6, 8, 81]
F2 = [0, 0, 0, 0, 0, 0, 0, 0, 0, 0, 0, 0, 0, 0, 0, 0, 0, 0, 0, 0, 0, 0, 0, 0, 0, 0, 0, 0, 0, 0]
T = [141600, 119200, 13800, 216100, 101400, 37000, 175800, 107200, 197000, 92300, 124200, 113100, 91000, 87800, 88600, 54100, 46300, 72800, 140600, 107600, 76200, 234200, 213600, 21400, 52200, 607400, 171000, 45500, 54700, 330800]
T2 = [3247200, 3001900, 3052600, 3079400, 3018100, 3103400, 3301400, 3058500, 3178800, 3130500, 3027000, 3693300, 3013300, 3222700, 3054900, 3054100, 3194500, 2996300, 3044600, 3547100, 3015300, 2993500, 3305600, 3015900, 3103100, 3040000, 3011500, 3131300, 2977300, 2970700]

id 46
F = [2, 4, 59, 79, 27, 49, 61, 11, 54, 22, 45, 34, 23, 1, 9, 3, 14, 1, 3, 3, 3, 24, 24, 2, 8, 58, 17, 13, 11, 41]
F2 = [0, 0, 0, 0, 0, 0, 0, 0, 0, 0, 0, 0, 0, 0, 0, 0, 0, 0, 0, 0, 0, 0, 0, 0, 0, 0, 0, 0, 0, 0]
T = [28900, 29300, 267100, 350700, 122400, 199900, 441300, 98600, 231200, 121300, 241400, 164300, 118400, 20800, 50300, 21400, 73500, 17000, 22500, 39500, 49800, 134200, 118100, 16800, 53400, 249500, 77000, 60900, 69100, 179300]
T2 = [3230300, 3256000, 3065400, 3077100, 2999100, 3323200, 4873200, 3289400, 3145400, 3119600, 3633200, 3181200, 3253700, 3138800, 3000000, 3097900, 3080800, 3067800, 2974200, 3241000, 3476700, 3499300, 3073100, 3105200, 3141000, 2975400, 3004500, 3272000, 3039400, 3813600]

id 47
F = [12, 19, 18, 11, 37, 48, 97, 2, 12, 27, 7, 92, 14, 19, 7, 10, 8, 2, 16, 38, 19, 16, 20, 28, 1, 12, 4, 29, 2, 4]
F2 = [0, 0, 0, 0, 0, 0, 0, 0, 0, 0, 0, 0, 0, 0, 0, 0, 0, 0, 0, 0, 0, 0, 0, 0, 0, 0, 0, 0, 0, 0]
T = [82500, 89100, 80600, 68400, 175200, 196400, 445500, 22700, 105700, 148300, 73200, 384400, 72000, 94000, 64100, 65800, 91100, 19500, 75200, 175500, 88500, 152900, 101600, 147900, 20100, 61200, 29500, 219900, 18900, 36000]
T2 = [3205400, 3014500, 3251900, 3123400, 2985400, 3118000, 3131900, 3354600, 3051700, 3022600, 3141600, 3065300, 3230700, 3404800, 3484500, 3113200, 3082800, 2993400, 3077400, 3117400, 3007500, 3297200, 3141100, 3211700, 3089300, 3040800, 3387800, 3163500, 3065900, 3125600]

id 48
F = [2, 4, 4, 51, 38, 10, 55, 11, 16, 72, 16, 93, 16, 124, 51, 44, 18, 20, 90, 30, 2, 60, 4, 112, 76, 51, 18, 12, 10, 49]
F2 = [0, 0, 0, 0, 0, 0, 0, 0, 0, 0, 0, 0, 0, 0, 0, 0, 0, 0, 0, 0, 0, 0, 0, 0, 0, 0, 0, 0, 0, 0]
T = [36100, 60800, 33900, 251800, 189400, 61000, 246900, 66500, 126100, 313500, 83800, 398100, 83300, 667300, 242500, 221200, 92200, 105000, 378700, 144700, 25600, 339400, 28200, 489700, 421700, 232500, 132300, 63400, 60200, 227400]
T2 = [3575400, 3244600, 3452800, 3664400, 3512600, 3325200, 3408900, 3869300, 3693500, 3839600, 3480600, 3299900, 3293700, 3547900, 3326000, 3202600, 3229300, 3179000, 3074500, 3002900, 3039400, 3139900, 3130300, 3488900, 3141500, 3195200, 3129600, 3061100, 3172800, 2964600]

id 49
F = [14, 31, 10, 2, 41, 42, 14, 45, 81, 9, 1, 87, 47, 15, 2, 9, 35, 2, 21, 84, 8, 56, 2, 15, 2, 29, 51, 14, 90, 11]
F2 = [0, 0, 0, 0, 0, 0, 0, 0, 0, 0, 0, 0, 0, 0, 0, 0, 0, 0, 0, 0, 0, 0, 0, 0, 0, 0, 0, 0, 0, 0]
T = [83700, 134200, 62600, 29600, 565300, 240600, 81900, 346500, 505700, 59700, 26600, 572400, 230000, 85900, 69800, 56500, 222000, 48500, 125300, 438700, 86400, 468500, 23400, 86200, 33300, 198400, 309200, 69000, 377800, 62600]
T2 = [3196200, 3011700, 3295400, 4492100, 4058000, 5372800, 3401900, 4289200, 3615100, 4083000, 5183600, 3815600, 4402200, 4137500, 3465600, 3203800, 3688400, 4384100, 3415400, 3354000, 3876600, 3404700, 3345200, 3388100, 4413900, 3396900, 3070300, 3243800, 3325200, 3148000]

