rpt id 42
F = [9, 11, 12, 32, 1, 32, 14, 6, 3, 9, 23, 3, 6, 12, 26, 1, 6, 6, 26, 20, 34, 5, 25, 9, 3, 3, 6, 7, 42, 38]
F2 = [20, 23, 1, 2, 66, 26, 45, 53, 75, 42, 114, 80, 24, 75, 15, 4, 215, 76, 52, 19, 131, 8, 20, 47, 6, 40, 162, 70, 76, 150]
T = [81400, 131200, 104600, 199100, 22000, 359700, 193600, 101300, 29000, 177300, 117300, 15500, 53200, 78900, 189200, 16800, 34100, 57100, 311000, 121400, 197100, 33500, 97400, 170500, 40600, 28900, 65400, 127100, 458800, 458600]
T2 = [73500, 108400, 3700, 6300, 163200, 195700, 315700, 450700, 519600, 312600, 301600, 246800, 82400, 245800, 38300, 12700, 616700, 266700, 187200, 49700, 350400, 14400, 36900, 645600, 46500, 105700, 455900, 420800, 437300, 701700]

drt id 6
F = [21, 33, 42, 17, 8, 21, 1, 16, 24, 13, 15, 14, 13, 2, 21, 9, 2, 9, 6, 25, 27, 5, 1, 13, 12, 2, 12, 12, 52, 29]
F2 = [85, 39, 187, 97, 96, 18, 1, 11, 46, 3, 26, 2, 60, 54, 57, 6, 18, 66, 20, 110, 49, 11, 77, 106, 34, 68, 153, 7, 26, 26]
T = [293100, 299600, 349500, 421000, 63400, 193500, 44400, 124600, 196400, 148400, 102100, 140300, 238600, 24500, 203200, 103500, 28800, 99800, 84700, 130300, 186800, 52700, 32700, 100100, 163600, 25600, 83800, 76000, 269000, 184200]
T2 = [329700, 181900, 702600, 432700, 380100, 117300, 8400, 38500, 142000, 13800, 64900, 6600, 361800, 152800, 270400, 25200, 68500, 208300, 81400, 401600, 158900, 31500, 189600, 326000, 141100, 252700, 382800, 17200, 82900, 85600]

mapt id 24
F = [4, 3, 19, 17, 5, 37, 11, 10, 3, 31, 37, 27, 2, 7, 7, 36, 15, 12, 14, 29, 4, 6, 3, 7, 11, 8, 7, 9, 7, 2]
F2 = [11, 1, 129, 54, 32, 150, 87, 11, 34, 55, 102, 1, 20, 54, 40, 8, 3, 31, 34, 26, 48, 67, 40, 51, 24, 13, 68, 40, 51, 64]
T = [50700, 20200, 112800, 79600, 42400, 173700, 42600, 43200, 14200, 104000, 204300, 150100, 16900, 108800, 111100, 732300, 277800, 143600, 142700, 235300, 20100, 92500, 22800, 74100, 157500, 117700, 82300, 90200, 104800, 28700]
T2 = [52600, 2900, 363000, 103300, 73800, 349500, 166900, 23300, 89900, 122100, 216900, 4100, 71900, 446900, 267200, 111100, 21200, 154100, 127600, 48500, 132400, 333200, 101500, 332900, 147300, 277600, 343900, 245200, 340000, 212600]

rapt id 15
F = [8, 28, 4, 10, 38, 13, 7, 9, 1, 5, 20, 9, 4, 7, 2, 9, 19, 3, 27, 8, 30, 15, 5, 3, 35, 20, 5, 41, 4, 18]
F2 = [14, 10, 16, 1, 41, 36, 57, 34, 79, 1, 1, 61, 13, 34, 43, 1, 1, 70, 17, 58, 80, 125, 27, 1, 31, 10, 52, 2, 6, 112]
T = [184800, 309200, 35200, 66600, 395300, 146400, 93000, 82900, 21000, 63300, 227900, 84400, 44900, 177000, 29200, 51000, 93300, 20000, 166000, 39400, 147000, 104700, 47300, 18000, 189200, 158300, 22900, 149200, 20300, 91600]
T2 = [150200, 56100, 110700, 2700, 230200, 248200, 406500, 153700, 426900, 6300, 6700, 358700, 112100, 272600, 262500, 2400, 3000, 146400, 64000, 125600, 177900, 338800, 99000, 2900, 79000, 21400, 113800, 4000, 32000, 385200]

rlaptq id 3
F = [4, 15, 22, 9, 11, 1, 7, 7, 5, 10, 4, 11, 8, 6, 2, 5, 5, 8, 12, 16, 14, 5, 18, 45, 1, 4, 7, 14, 37, 4]
F2 = [24, 129, 42, 23, 13, 56, 1, 38, 70, 3, 15, 27, 12, 47, 25, 4, 10, 32, 34, 19, 1, 12, 14, 6, 30, 13, 11, 19, 30, 27]
T = [54000, 130600, 212800, 257800, 89800, 25600, 65800, 121700, 73500, 57100, 50800, 158700, 80300, 50400, 39500, 33400, 41700, 82100, 94500, 464500, 110000, 35400, 85600, 238900, 47400, 53700, 58900, 117000, 185100, 28400]
T2 = [64600, 413700, 160400, 73800, 46300, 278200, 4400, 183400, 367500, 6700, 52000, 127400, 38300, 175500, 76600, 18100, 24200, 92300, 109600, 1014100, 4700, 22100, 28600, 14800, 201300, 87600, 32800, 43800, 84600, 56200]

rlapts id 4
F = [15, 1, 2, 5, 4, 12, 20, 3, 8, 5, 13, 1, 11, 7, 5, 52, 6, 9, 5, 4, 12, 10, 11, 8, 15, 11, 4, 4, 6, 5]
F2 = [36, 60, 30, 31, 23, 30, 4, 20, 20, 65, 16, 8, 14, 1, 96, 9, 56, 17, 13, 109, 10, 11, 30, 98, 26, 48, 30, 28, 111, 9]
T = [140800, 20900, 44000, 69100, 42700, 138100, 171100, 86300, 133300, 49700, 225600, 35800, 125100, 66100, 84300, 615400, 79300, 92800, 48400, 41400, 78200, 84300, 97100, 62300, 103500, 133000, 33600, 46500, 99600, 48900]
T2 = [136700, 188500, 102600, 93900, 101700, 101500, 13500, 93500, 100400, 226300, 108600, 54600, 47600, 4600, 427200, 45500, 220000, 62700, 57300, 269500, 26800, 33800, 106200, 473700, 75100, 184700, 78000, 76800, 401300, 18900]
