id 0
F = [10, 40, 2, 2, 36, 4, 26, 10, 11, 9, 7, 26, 12, 5, 1, 11, 11, 54, 18, 10, 8, 8, 7, 10, 2, 2, 5, 11, 5, 6]
F2 = [10, 42, 41, 77, 60, 13, 42, 13, 102, 28, 24, 10, 1, 62, 71, 42, 82, 53, 56, 13, 181, 45, 52, 21, 124, 42, 18, 50, 95, 167]
T = [3502800, 5348900, 215600, 289100, 3595100, 9117800, 1006000, 552500, 328000, 189000, 198600, 521200, 293400, 138400, 65400, 226200, 261400, 1608100, 433300, 405700, 187300, 263400, 192500, 286200, 98300, 93900, 232500, 277300, 149600, 259000]
T2 = [2688900, 2530800, 3062600, 2939700, 2919100, 4390300, 810300, 275000, 2875000, 312800, 217200, 82700, 15100, 768100, 1045800, 465200, 925600, 503900, 509100, 276000, 1585900, 485000, 621800, 322800, 1403900, 759600, 135000, 600900, 1374700, 2273300]

id 1
F = [13, 5, 4, 6, 7, 3, 47, 5, 20, 13, 1, 3, 6, 18, 12, 1, 9, 6, 12, 11, 9, 7, 11, 5, 8, 25, 12, 19, 2, 34]
F2 = [1, 68, 82, 6, 28, 25, 29, 27, 58, 157, 82, 93, 14, 99, 32, 22, 45, 18, 109, 109, 58, 47, 87, 4, 60, 13, 10, 49, 12, 22]
T = [316200, 225700, 95600, 180400, 153200, 83900, 1190600, 132300, 398600, 455200, 36700, 135100, 127500, 365300, 163600, 32500, 155100, 108100, 328400, 134700, 128000, 81200, 138200, 57100, 144000, 480900, 147800, 216900, 71300, 259300]
T2 = [16300, 667200, 614500, 74600, 241800, 217200, 222000, 375200, 750500, 1671100, 771800, 627900, 97000, 4020200, 166900, 188900, 500300, 133500, 542400, 372300, 253800, 181600, 334300, 14300, 486700, 98500, 40200, 294300, 190600, 67300]

id 2
F = [34, 10, 18, 4, 21, 6, 12, 3, 13, 35, 9, 29, 3, 8, 35, 23, 12, 17, 2, 9, 3, 16, 28, 2, 17, 1, 21, 23, 1, 10]
F2 = [33, 15, 118, 40, 18, 42, 32, 6, 57, 12, 11, 51, 104, 36, 25, 71, 126, 54, 40, 9, 14, 112, 16, 38, 9, 31, 45, 22, 82, 104]
T = [476900, 92200, 199100, 52100, 188300, 154900, 226500, 61400, 160600, 290600, 116600, 270400, 114300, 83700, 294000, 147400, 127000, 209900, 27000, 85500, 70200, 160000, 352700, 52000, 209400, 84600, 145900, 394600, 34600, 58600]
T2 = [177400, 172600, 499100, 169500, 87000, 208700, 198000, 58600, 212900, 39400, 46300, 247900, 741500, 196800, 121600, 723500, 494900, 341900, 173300, 45300, 62300, 759300, 72700, 176500, 50100, 346800, 237100, 142300, 273600, 368600]

id 3
F = [14, 23, 4, 25, 27, 1, 4, 7, 4, 14, 19, 5, 27, 3, 1, 36, 18, 14, 2, 1, 15, 3, 47, 3, 9, 1, 29, 10, 14, 8]
F2 = [34, 40, 5, 137, 115, 14, 167, 12, 30, 84, 63, 15, 279, 133, 186, 64, 57, 32, 175, 99, 31, 37, 30, 12, 77, 14, 84, 30, 31, 122]
T = [251500, 268300, 69100, 267000, 200600, 20700, 71800, 58000, 39500, 103400, 109300, 68300, 212900, 63100, 18600, 236700, 163500, 78800, 30700, 29100, 101400, 44500, 521800, 63800, 84900, 19400, 383100, 65600, 86100, 83700]
T2 = [387200, 171500, 50700, 566900, 470800, 48900, 674600, 49400, 89800, 264900, 203700, 41700, 814700, 400000, 559700, 229000, 153300, 131700, 532800, 402000, 116200, 131700, 190000, 80700, 344300, 51300, 454800, 75100, 120000, 523900]

id 4
F = [12, 9, 4, 31, 9, 3, 5, 8, 13, 1, 2, 5, 24, 9, 3, 14, 1, 8, 12, 2, 12, 8, 19, 2, 9, 29, 21, 2, 25, 1]
F2 = [103, 129, 2, 60, 11, 7, 88, 14, 2, 34, 118, 137, 34, 9, 39, 38, 233, 39, 63, 61, 1, 63, 87, 7, 72, 197, 22, 25, 32, 40]
T = [188800, 78500, 33800, 182100, 67200, 41700, 50800, 65700, 113500, 21800, 48200, 60300, 242500, 70900, 49500, 177500, 39500, 227700, 93400, 26300, 139800, 97000, 160300, 28900, 71600, 184700, 257300, 49300, 179800, 29300]
T2 = [590300, 527300, 4700, 200900, 28600, 21600, 400200, 58700, 7600, 158500, 423600, 461800, 169600, 42200, 128500, 255100, 838400, 346300, 263600, 201300, 5500, 337800, 422500, 34600, 284800, 495500, 85500, 88100, 135100, 147600]

id 5
F = [34, 53, 45, 2, 12, 20, 3, 3, 24, 7, 33, 19, 5, 18, 28, 18, 3, 11, 24, 10, 4, 8, 5, 12, 2, 1, 15, 5, 26, 2]
F2 = [36, 10, 179, 25, 23, 185, 48, 3, 57, 12, 47, 33, 55, 44, 184, 12, 238, 16, 44, 68, 39, 119, 42, 29, 61, 5, 18, 35, 104, 18]
T = [342200, 456900, 408700, 99200, 158100, 181000, 57800, 39300, 176900, 63300, 685500, 191000, 51700, 130200, 239000, 177600, 47100, 142200, 189300, 73600, 47800, 83700, 45100, 164900, 31200, 22500, 106900, 37200, 225600, 46800]
T2 = [156800, 63000, 806100, 191000, 129900, 562500, 175300, 12000, 278100, 41200, 559300, 140000, 161400, 117900, 739300, 75400, 966700, 81500, 163700, 184000, 149100, 402000, 135100, 182200, 234300, 15400, 101800, 152500, 417200, 87200]

id 6
F = [21, 33, 42, 17, 8, 21, 1, 16, 24, 13, 15, 14, 13, 2, 21, 9, 2, 9, 6, 25, 27, 5, 1, 13, 12, 2, 12, 12, 52, 29]
F2 = [85, 39, 187, 97, 96, 18, 1, 11, 46, 3, 26, 2, 60, 54, 57, 6, 18, 66, 20, 110, 49, 11, 77, 106, 34, 68, 153, 7, 26, 26]
T = [293100, 299600, 349500, 421000, 63400, 193500, 44400, 124600, 196400, 148400, 102100, 140300, 238600, 24500, 203200, 103500, 28800, 99800, 84700, 130300, 186800, 52700, 32700, 100100, 163600, 25600, 83800, 76000, 269000, 184200]
T2 = [329700, 181900, 702600, 432700, 380100, 117300, 8400, 38500, 142000, 13800, 64900, 6600, 361800, 152800, 270400, 25200, 68500, 208300, 81400, 401600, 158900, 31500, 189600, 326000, 141100, 252700, 382800, 17200, 82900, 85600]

id 7
F = [6, 24, 26, 4, 7, 9, 3, 7, 6, 10, 4, 9, 2, 12, 10, 10, 14, 29, 4, 32, 10, 6, 5, 43, 14, 12, 74, 1, 5, 2]
F2 = [57, 35, 149, 68, 18, 29, 11, 56, 46, 27, 66, 30, 70, 21, 46, 6, 5, 98, 12, 60, 132, 17, 88, 40, 5, 71, 27, 4, 45, 43]
T = [87400, 320800, 196800, 61000, 78000, 133300, 34400, 91100, 61300, 125700, 36100, 66600, 14100, 142600, 91000, 128900, 146800, 300800, 64100, 227500, 90200, 41500, 73500, 365600, 155100, 96900, 445200, 12000, 80600, 23100]
T2 = [393900, 205700, 568300, 226200, 66900, 89600, 38300, 168600, 183700, 147400, 154000, 75000, 226800, 145200, 160900, 21400, 21900, 372000, 38100, 188200, 504800, 112200, 271100, 142900, 10500, 207100, 95200, 14500, 128000, 170800]

id 8
F = [18, 8, 2, 4, 7, 1, 2, 9, 13, 1, 4, 46, 7, 6, 11, 2, 3, 22, 12, 21, 7, 6, 8, 12, 2, 5, 15, 7, 2, 14]
F2 = [73, 46, 26, 92, 157, 130, 14, 44, 18, 9, 1, 46, 40, 2, 148, 6, 2, 48, 106, 27, 54, 38, 78, 70, 8, 78, 1, 47, 44, 19]
T = [188600, 67800, 19700, 39500, 128700, 13600, 13700, 90800, 135100, 22700, 54900, 340600, 78700, 45200, 74100, 32100, 87000, 172900, 123100, 132600, 104800, 68300, 40700, 69200, 31800, 99600, 152600, 119600, 42500, 154400]
T2 = [390100, 123700, 114200, 321900, 616000, 374800, 56200, 122100, 128600, 37800, 3300, 129700, 107000, 5400, 436600, 20400, 20200, 234800, 262700, 86000, 314100, 99700, 216600, 247600, 27200, 484400, 4500, 208400, 185100, 78200]

id 9
F = [4, 13, 9, 6, 3, 6, 5, 15, 6, 1, 23, 8, 2, 6, 2, 32, 48, 8, 3, 1, 32, 6, 20, 23, 20, 3, 4, 2, 12, 12]
F2 = [67, 3, 254, 144, 6, 137, 14, 54, 30, 157, 71, 68, 66, 34, 14, 40, 199, 51, 22, 2, 64, 12, 120, 99, 27, 49, 49, 51, 48, 26]
T = [70200, 93100, 64000, 65500, 27100, 45600, 104200, 121900, 76600, 22700, 119900, 75500, 64000, 49400, 27200, 151600, 289800, 45500, 32300, 16600, 159300, 66400, 117500, 210500, 118500, 39800, 46500, 58900, 69800, 57900]
T2 = [304100, 24300, 694300, 661100, 19600, 537800, 54100, 181600, 347200, 676200, 150900, 238700, 186200, 116400, 34100, 137300, 525100, 144200, 51500, 7400, 167600, 32700, 324200, 469500, 110800, 145000, 196700, 171600, 155400, 50100]

id 10
F = [43, 5, 6, 3, 4, 5, 18, 3, 3, 3, 16, 23, 2, 18, 8, 1, 12, 12, 27, 28, 1, 7, 26, 21, 8, 11, 42, 7, 13, 3]
F2 = [2, 112, 19, 2, 43, 36, 30, 22, 24, 33, 118, 22, 23, 50, 11, 136, 1, 49, 6, 23, 46, 18, 119, 28, 74, 93, 20, 6, 39, 18]
T = [422400, 50100, 45400, 44300, 25200, 32000, 159900, 49800, 30600, 50400, 171000, 280300, 36300, 118200, 50700, 33800, 89100, 166100, 181100, 287200, 39900, 80000, 160300, 184100, 73600, 83700, 269400, 118800, 168600, 38400]
T2 = [8500, 318600, 56200, 8200, 115000, 87000, 157300, 93000, 74600, 132100, 998000, 126800, 71700, 247400, 46500, 414600, 5300, 159700, 24000, 88700, 146400, 54700, 499300, 68400, 162900, 263700, 60800, 40300, 160600, 57500]

id 11
F = [9, 28, 8, 35, 3, 2, 14, 1, 5, 10, 10, 7, 9, 9, 10, 16, 5, 45, 14, 3, 10, 28, 4, 34, 5, 1, 7, 3, 13, 23]
F2 = [31, 56, 70, 78, 4, 128, 55, 38, 93, 104, 21, 47, 2, 73, 53, 39, 17, 99, 1, 3, 82, 15, 116, 59, 29, 68, 27, 2, 33, 22]
T = [121500, 219800, 186200, 436100, 78700, 26200, 57300, 21000, 38300, 88400, 151000, 91600, 94700, 83800, 69100, 102900, 57400, 468100, 92700, 31700, 113100, 306300, 78200, 497600, 84400, 27200, 137400, 37700, 279700, 125300]
T2 = [114300, 184800, 355200, 419600, 26100, 799600, 121000, 83500, 224700, 298900, 104400, 219300, 77600, 201400, 120000, 92900, 45600, 391100, 4800, 23400, 401900, 72900, 826400, 433700, 206900, 320900, 127400, 11500, 202500, 65500]

id 12
F = [1, 7, 26, 37, 1, 12, 18, 6, 1, 5, 4, 5, 5, 3, 5, 43, 2, 1, 43, 3, 4, 15, 9, 2, 2, 6, 6, 30, 2, 5]
F2 = [9, 50, 28, 162, 30, 76, 38, 80, 36, 37, 36, 95, 90, 14, 41, 1, 17, 53, 7, 100, 44, 64, 32, 49, 64, 103, 135, 140, 20, 72]
T = [55400, 69700, 275200, 391300, 16300, 111700, 153400, 82300, 19500, 75800, 91400, 56100, 99200, 42700, 78800, 559200, 47300, 25500, 720600, 44100, 62600, 174200, 117600, 47500, 55800, 84900, 131800, 231800, 64500, 91500]
T2 = [63900, 183700, 195200, 1291500, 77600, 233700, 333100, 514100, 318100, 263300, 250900, 486300, 1062500, 81900, 322800, 6800, 138500, 502500, 42000, 1115300, 380900, 494100, 231600, 900800, 6238300, 1304800, 1104600, 392300, 114300, 614800]

id 13
F = [7, 21, 3, 23, 22, 1, 9, 6, 1, 6, 18, 2, 5, 15, 25, 4, 4, 18, 7, 1, 6, 12, 10, 3, 2, 6, 9, 4, 4, 15]
F2 = [19, 103, 27, 20, 237, 34, 133, 10, 99, 14, 121, 7, 6, 95, 63, 45, 21, 17, 21, 63, 22, 33, 7, 20, 39, 10, 220, 32, 39, 84]
T = [117100, 237700, 63500, 269200, 239500, 13200, 106500, 65700, 23600, 98700, 171500, 25300, 42100, 89200, 109700, 102900, 42800, 106500, 49500, 19400, 55700, 175100, 114700, 77700, 31600, 34600, 45100, 32300, 29000, 240600]
T2 = [137600, 459500, 393200, 129800, 1410400, 166700, 718900, 72700, 910300, 140000, 321400, 41900, 27500, 186900, 165400, 503800, 65700, 39000, 52100, 259100, 153900, 257100, 91000, 188900, 147300, 22400, 507500, 59200, 123100, 242200]

id 14
F = [5, 8, 22, 21, 13, 1, 43, 13, 4, 10, 1, 40, 2, 15, 6, 16, 7, 4, 5, 6, 6, 16, 7, 22, 6, 8, 22, 6, 40, 11]
F2 = [9, 135, 36, 1, 22, 17, 51, 12, 167, 17, 31, 79, 19, 131, 191, 98, 87, 119, 63, 44, 16, 65, 53, 1, 50, 3, 25, 107, 14, 19]
T = [43000, 62600, 76200, 141300, 81000, 13500, 652100, 60200, 60000, 104800, 11200, 166000, 33300, 171500, 56600, 178400, 65300, 31300, 32900, 47500, 49600, 55500, 35400, 147100, 34600, 34500, 131400, 48500, 182200, 111400]
T2 = [20100, 405100, 107100, 3600, 59800, 62400, 281400, 36400, 1652300, 58700, 130000, 225500, 66600, 617200, 896000, 432500, 423700, 414900, 174600, 147600, 47000, 183500, 139600, 4400, 95400, 20300, 90900, 287300, 149200, 102000]

id 15
F = [6, 35, 21, 35, 6, 10, 2, 2, 6, 16, 4, 11, 5, 7, 5, 1, 2, 6, 6, 1, 14, 13, 20, 7, 2, 49, 3, 10, 4, 6]
F2 = [54, 204, 111, 31, 11, 30, 24, 67, 36, 5, 23, 150, 7, 76, 103, 170, 10, 1, 53, 111, 2, 88, 41, 41, 11, 34, 34, 52, 17, 14]
T = [79200, 335900, 210900, 174500, 20500, 35800, 21000, 29700, 85900, 157600, 54800, 81400, 25300, 22200, 29900, 9300, 35600, 100000, 53000, 12600, 72400, 77000, 231700, 116200, 25200, 1566200, 25000, 34900, 25600, 103800]
T2 = [391200, 1195300, 662600, 76000, 31900, 78600, 66800, 144400, 356700, 19300, 170100, 405200, 12900, 207700, 245100, 356500, 71800, 7600, 229200, 447000, 4400, 197500, 268200, 263000, 51600, 134700, 117700, 155900, 51900, 111400]

id 16
F = [2, 8, 17, 8, 30, 27, 6, 10, 3, 8, 6, 33, 6, 16, 71, 35, 20, 15, 2, 2, 26, 2, 8, 13, 17, 11, 29, 11, 56, 33]
F2 = [91, 94, 47, 132, 36, 225, 112, 60, 82, 180, 17, 8, 159, 51, 1, 38, 122, 2, 124, 88, 6, 81, 56, 9, 53, 35, 83, 85, 9, 119]
T = [27300, 122900, 231200, 94100, 452100, 469900, 93600, 96900, 35900, 96900, 77600, 473800, 103900, 176800, 874300, 142700, 206400, 220400, 26200, 22400, 131800, 47400, 142500, 205200, 264000, 98800, 377300, 221700, 922700, 422700]
T2 = [639800, 596100, 388600, 944200, 252900, 1854000, 708100, 331400, 451300, 970300, 80400, 32400, 1097600, 296300, 10800, 76700, 844500, 11400, 829600, 264400, 12300, 696300, 280400, 80300, 199200, 344000, 455000, 637100, 53100, 638200]

id 17
F = [7, 2, 9, 13, 6, 5, 3, 12, 12, 24, 4, 15, 37, 11, 5, 17, 10, 3, 6, 4, 10, 1, 9, 1, 20, 7, 22, 41, 6, 7]
F2 = [48, 13, 8, 21, 67, 84, 31, 44, 12, 6, 129, 87, 58, 55, 20, 50, 7, 119, 46, 42, 31, 17, 16, 68, 18, 4, 24, 7, 81, 78]
T = [58200, 25100, 80400, 210700, 51600, 57200, 33400, 129100, 122200, 362200, 51700, 182600, 468700, 138200, 52900, 150900, 205700, 79500, 54100, 42300, 118400, 15600, 135700, 13400, 235300, 78100, 311600, 373800, 44600, 101600]
T2 = [166200, 52100, 40100, 165000, 314100, 461300, 217100, 241400, 66300, 33800, 594300, 511700, 331900, 367900, 140300, 441400, 55400, 696000, 305800, 237200, 185200, 106900, 134800, 520500, 123800, 43600, 164900, 68300, 462100, 385800]

id 18
F = [3, 2, 15, 1, 5, 5, 2, 1, 2, 15, 4, 14, 11, 31, 10, 45, 20, 21, 5, 19, 11, 15, 5, 7, 9, 10, 6, 27, 1, 14]
F2 = [31, 16, 64, 10, 54, 20, 1, 45, 109, 2, 150, 34, 16, 86, 50, 16, 108, 245, 12, 78, 79, 5, 142, 56, 60, 44, 3, 21, 60, 21]
T = [36600, 26200, 239800, 17400, 45400, 89600, 26900, 20000, 64500, 154200, 43800, 145300, 140000, 319700, 106900, 456300, 158600, 230800, 262800, 190400, 87800, 192600, 47900, 145200, 84300, 79600, 65100, 390600, 17000, 216000]
T2 = [140000, 115700, 424600, 56300, 414200, 158100, 6700, 377700, 737700, 10300, 933700, 236500, 82700, 854100, 271300, 121800, 628700, 1436400, 126700, 569600, 511100, 20700, 2756800, 535500, 356200, 283700, 21000, 177500, 341600, 152300]

id 19
F = [2, 5, 5, 12, 18, 23, 8, 6, 8, 14, 1, 22, 8, 4, 5, 19, 6, 2, 7, 16, 16, 3, 41, 11, 20, 1, 16, 8, 10, 11]
F2 = [6, 3, 47, 34, 89, 55, 32, 121, 6, 143, 39, 44, 22, 222, 35, 60, 10, 18, 52, 31, 10, 15, 45, 93, 9, 1, 127, 40, 13, 41]
T = [28100, 96000, 47700, 206600, 182400, 292800, 112700, 53900, 113700, 199900, 13300, 288600, 120100, 35900, 76600, 181300, 140800, 54800, 91200, 260500, 149300, 31200, 562600, 191700, 219900, 16200, 159200, 117800, 151700, 92900]
T2 = [56000, 15900, 327600, 232600, 438600, 363000, 220300, 801900, 37800, 917700, 270300, 321600, 200700, 1186000, 237000, 381900, 64600, 148800, 465600, 184500, 123600, 70900, 309400, 524700, 101800, 11300, 853100, 272800, 78100, 279800]

id 20
F = [19, 2, 2, 36, 2, 4, 13, 53, 10, 3, 2, 8, 26, 21, 9, 10, 2, 2, 5, 10, 4, 5, 6, 13, 1, 3, 8, 14, 16, 4]
F2 = [43, 70, 1, 161, 47, 97, 10, 5, 65, 65, 111, 146, 18, 17, 17, 132, 26, 23, 152, 12, 32, 38, 66, 2, 21, 14, 39, 9, 26, 103]
T = [219400, 29700, 47200, 354000, 25100, 50100, 194900, 616500, 166200, 47300, 27100, 103200, 292200, 253100, 100100, 132800, 27100, 23500, 81600, 183500, 50700, 54000, 50300, 106000, 14400, 45300, 76500, 293100, 199300, 84700]
T2 = [299100, 468000, 7900, 999600, 293400, 600800, 38900, 20200, 396700, 415600, 709400, 1116500, 108900, 102600, 86700, 676900, 168400, 165500, 953600, 79600, 181700, 276800, 580700, 17900, 142400, 105300, 234500, 37200, 132500, 763400]

id 21
F = [2, 8, 21, 4, 2, 11, 14, 1, 8, 23, 32, 9, 13, 14, 4, 26, 22, 30, 9, 14, 2, 1, 9, 17, 2, 12, 5, 13, 20, 13]
F2 = [4, 11, 72, 6, 102, 23, 8, 42, 66, 9, 233, 11, 48, 35, 102, 130, 16, 40, 72, 122, 7, 30, 67, 7, 101, 11, 50, 228, 68, 2]
T = [67000, 145100, 244000, 38600, 110500, 162700, 162100, 18800, 111300, 334000, 413700, 186400, 169300, 199500, 42000, 377100, 296300, 351400, 519300, 240900, 30700, 19000, 297800, 209000, 36900, 131800, 95500, 158100, 335900, 322700]
T2 = [34200, 45000, 560000, 28800, 1567700, 207900, 55400, 359000, 474900, 36300, 1445700, 64500, 330200, 167100, 619300, 921600, 211600, 310800, 1222400, 777200, 85500, 384300, 480600, 56400, 729700, 59400, 462800, 1772000, 646200, 17600]

id 22
F = [13, 1, 12, 17, 52, 55, 17, 3, 8, 1, 20, 11, 1, 11, 11, 2, 4, 12, 16, 18, 7, 49, 7, 4, 10, 4, 25, 34, 10, 4]
F2 = [69, 37, 64, 21, 54, 21, 70, 331, 14, 8, 89, 152, 79, 117, 31, 53, 30, 101, 65, 316, 75, 9, 1, 144, 14, 58, 14, 96, 54, 3]
T = [240900, 27400, 193700, 278800, 669800, 700100, 270900, 34200, 193000, 22500, 235800, 84700, 9200, 283000, 246200, 70100, 45500, 122100, 184300, 252300, 124500, 524500, 150600, 39800, 178800, 50600, 282000, 374700, 73700, 160400]
T2 = [489100, 224400, 501600, 130600, 421500, 163800, 555700, 1724300, 118700, 67000, 627200, 802700, 474600, 529300, 257900, 427800, 202000, 827400, 519300, 1738500, 640300, 81300, 17900, 704200, 74300, 355400, 96900, 578000, 289300, 26300]

id 23
F = [15, 12, 5, 3, 2, 6, 12, 7, 7, 28, 17, 2, 23, 3, 1, 7, 39, 7, 19, 9, 12, 9, 2, 2, 5, 1, 9, 18, 6, 15]
F2 = [24, 150, 20, 16, 162, 70, 56, 40, 92, 28, 19, 17, 77, 31, 51, 11, 58, 137, 36, 61, 167, 6, 7, 50, 43, 16, 8, 41, 49, 4]
T = [164000, 966800, 153100, 64100, 24600, 59800, 186100, 132800, 119000, 244000, 213100, 20900, 187600, 55700, 17700, 138500, 314400, 87200, 204400, 91000, 152600, 108500, 33500, 66100, 77500, 21200, 187000, 250900, 58700, 120100]
T2 = [186300, 1295300, 170900, 117000, 1191200, 439400, 312800, 264900, 509300, 208800, 144400, 90400, 420600, 313900, 361500, 84900, 475000, 666100, 243700, 320900, 1280900, 28300, 53400, 455700, 190900, 107700, 88000, 532000, 348900, 26300]

id 24
F = [5, 4, 6, 15, 17, 8, 31, 4, 13, 20, 3, 2, 4, 3, 5, 6, 3, 17, 4, 26, 18, 2, 6, 10, 6, 7, 24, 14, 13, 11]
F2 = [23, 21, 4, 29, 99, 85, 38, 62, 22, 5, 12, 98, 75, 10, 11, 28, 12, 8, 53, 38, 100, 61, 26, 164, 65, 138, 86, 18, 59, 107]
T = [76700, 188400, 77300, 251200, 201200, 68800, 360800, 74600, 157100, 260100, 25900, 19000, 58000, 60500, 115100, 53600, 37100, 231100, 31000, 282800, 157100, 20900, 68100, 129200, 59900, 139600, 236100, 188500, 99600, 125000]
T2 = [137400, 261500, 25000, 183300, 615700, 383300, 302600, 470600, 163500, 23600, 101100, 547400, 351300, 35700, 46200, 154800, 68500, 44300, 316600, 134100, 705800, 308900, 218900, 993100, 382300, 740500, 459000, 115900, 277700, 575600]

id 25
F = [6, 1, 3, 34, 2, 3, 1, 2, 24, 18, 5, 6, 10, 13, 12, 17, 14, 14, 8, 32, 21, 32, 4, 11, 12, 7, 7, 2, 8, 7]
F2 = [30, 23, 30, 3, 19, 77, 5, 95, 45, 54, 75, 27, 8, 51, 63, 67, 79, 29, 118, 6, 16, 10, 51, 22, 53, 2, 17, 83, 10, 108]
T = [107000, 26300, 34600, 544200, 17000, 35500, 38700, 120300, 218800, 236300, 49500, 69700, 103400, 165300, 175100, 138000, 230200, 236300, 212800, 333700, 218500, 258700, 82800, 136200, 216400, 117800, 90400, 37800, 82600, 49300]
T2 = [151600, 157000, 182700, 11500, 76200, 608900, 74100, 539700, 267200, 233700, 542100, 214300, 61600, 241200, 339800, 365700, 453500, 165200, 1115100, 22200, 149600, 42800, 435500, 123200, 431000, 12500, 144400, 603400, 38000, 467600]

id 26
F = [13, 3, 28, 7, 17, 2, 21, 8, 16, 17, 9, 10, 47, 35, 4, 9, 15, 31, 52, 9, 32, 2, 36, 4, 49, 7, 18, 1, 5, 13]
F2 = [4, 92, 21, 48, 58, 73, 172, 36, 29, 87, 6, 50, 34, 98, 4, 34, 67, 42, 22, 196, 12, 2, 19, 153, 71, 30, 136, 82, 11, 257]
T = [112800, 37200, 396700, 133100, 283400, 29900, 364300, 110700, 244300, 167000, 96400, 91900, 436800, 320600, 39100, 73200, 121900, 430300, 712100, 133000, 346400, 54300, 605100, 51500, 771600, 111600, 275600, 15600, 85400, 149200]
T2 = [16200, 653900, 109900, 348500, 593700, 489300, 1205800, 399000, 222000, 472700, 24500, 286800, 130200, 457200, 30800, 156800, 285300, 278600, 149200, 1455000, 104700, 18100, 274800, 1043400, 801800, 235400, 1235200, 561100, 99500, 1872900]

id 27
F = [26, 3, 2, 2, 1, 38, 21, 14, 14, 1, 1, 13, 3, 7, 6, 5, 3, 5, 8, 4, 1, 5, 16, 14, 4, 25, 7, 16, 4, 21]
F2 = [42, 114, 4, 22, 75, 77, 15, 13, 19, 31, 191, 39, 32, 4, 31, 82, 195, 24, 9, 79, 14, 41, 51, 11, 174, 57, 246, 14, 43, 51]
T = [627200, 43700, 57500, 30700, 14700, 614300, 296500, 214100, 177700, 21100, 19600, 250400, 43200, 175500, 141300, 46300, 81900, 57300, 89900, 74800, 28200, 92800, 248400, 182200, 41400, 517700, 85000, 397500, 66400, 630900]
T2 = [524900, 840300, 21400, 194600, 527000, 655200, 194500, 102800, 226200, 245700, 1246300, 377700, 413100, 78100, 272100, 764000, 1122000, 147000, 37000, 2320000, 80900, 320200, 326200, 145900, 999500, 451000, 1778500, 102700, 351200, 593900]

id 28
F = [3, 10, 2, 3, 16, 24, 23, 6, 7, 5, 15, 14, 2, 28, 13, 25, 1, 16, 5, 10, 25, 5, 15, 13, 2, 7, 1, 6, 8, 23]
F2 = [55, 247, 45, 23, 135, 36, 91, 31, 49, 31, 60, 39, 86, 70, 32, 110, 122, 30, 16, 45, 17, 64, 113, 5, 61, 2, 76, 5, 27, 117]
T = [27700, 107800, 22300, 41400, 338200, 340600, 315900, 72000, 111900, 74400, 302100, 229500, 28700, 309300, 245700, 408800, 23100, 267200, 58400, 90600, 293900, 73900, 174100, 229700, 38600, 181800, 26500, 143700, 122600, 416100]
T2 = [284300, 1647800, 252900, 116900, 2229800, 289400, 488400, 294100, 517800, 298400, 736500, 320100, 596500, 399600, 427500, 830300, 900200, 315000, 65600, 214900, 96600, 711000, 955600, 41000, 731300, 36200, 720500, 49700, 155000, 1106000]

id 29
F = [6, 6, 29, 4, 10, 9, 2, 12, 3, 12, 5, 11, 1, 23, 8, 31, 27, 47, 1, 6, 19, 4, 12, 2, 1, 5, 3, 4, 1, 7]
F2 = [47, 17, 18, 32, 2, 18, 11, 83, 166, 31, 11, 30, 9, 168, 32, 76, 85, 47, 19, 68, 72, 56, 174, 33, 127, 44, 45, 1, 58, 18]
T = [59800, 106900, 371000, 97900, 152800, 159800, 29400, 174600, 445400, 273200, 91900, 297000, 16900, 410400, 116900, 339300, 320800, 1117800, 34300, 125100, 295100, 68700, 248600, 30700, 27100, 75700, 33400, 83200, 16500, 509300]
T2 = [304900, 163100, 135900, 231400, 14900, 131900, 65700, 728700, 1919800, 164100, 112200, 247300, 66100, 1357000, 241400, 400800, 610700, 431600, 182400, 707100, 719300, 486100, 1615900, 197200, 998500, 250800, 334800, 8800, 577900, 172500]

id 30
F = [10, 1, 3, 2, 4, 12, 11, 12, 16, 3, 21, 10, 7, 14, 8, 2, 2, 1, 9, 10, 21, 9, 12, 1, 15, 4, 17, 4, 9, 25]
F2 = [187, 59, 116, 111, 131, 66, 2, 14, 43, 54, 24, 27, 25, 37, 3, 161, 20, 12, 32, 13, 54, 51, 23, 48, 6, 107, 77, 53, 12, 72]
T = [184500, 15800, 31600, 31500, 123600, 147000, 303300, 216300, 548300, 40600, 373200, 214900, 93100, 174300, 85200, 26500, 53200, 26900, 98800, 664500, 359400, 469400, 219900, 18100, 221100, 63600, 363300, 77700, 100100, 241700]
T2 = [1400900, 525800, 628500, 759600, 762600, 465600, 13400, 105200, 863200, 327400, 224200, 259200, 171000, 212600, 13400, 1436100, 236700, 99500, 345000, 173200, 959800, 406700, 314800, 335000, 73600, 877700, 831800, 464400, 74100, 405700]

id 31
F = [17, 37, 24, 19, 9, 5, 41, 3, 9, 4, 2, 2, 9, 16, 34, 10, 30, 7, 18, 8, 17, 26, 2, 9, 1, 30, 11, 21, 12, 4]
F2 = [122, 25, 17, 37, 50, 14, 9, 19, 95, 141, 34, 6, 10, 13, 34, 60, 74, 53, 7, 12, 54, 67, 28, 9, 48, 27, 48, 58, 28, 83]
T = [264600, 633800, 214600, 261200, 210700, 59100, 563600, 41500, 231300, 48500, 32300, 31300, 93700, 218300, 437800, 596100, 415100, 133800, 267200, 132800, 205900, 322000, 36500, 101200, 16200, 439700, 120200, 302300, 252200, 106100]
T2 = [640200, 217800, 56500, 250000, 369200, 1507500, 84200, 112900, 672300, 979600, 267200, 58400, 46900, 76900, 286300, 587900, 597600, 319900, 95100, 81000, 406000, 821800, 231200, 61900, 319800, 232800, 525200, 554400, 186000, 570300]

id 32
F = [6, 6, 4, 14, 6, 38, 17, 19, 6, 14, 10, 15, 12, 10, 8, 1, 7, 5, 3, 29, 13, 8, 17, 7, 1, 7, 7, 28, 3, 6]
F2 = [39, 2, 43, 10, 70, 113, 57, 23, 29, 47, 148, 137, 43, 16, 40, 17, 123, 34, 32, 13, 77, 139, 57, 5, 17, 70, 19, 63, 36, 35]
T = [79300, 31900, 87100, 118200, 65500, 234000, 101700, 1386800, 86000, 73700, 56900, 132300, 172100, 86400, 69600, 11500, 44500, 62800, 58000, 126500, 109700, 81300, 176900, 68600, 21800, 57300, 66700, 147300, 19500, 33000]
T2 = [532900, 5100, 142400, 32900, 206000, 254400, 164700, 170200, 185000, 132900, 693000, 771300, 161100, 63300, 92700, 48700, 443700, 124400, 195300, 55000, 231400, 429900, 334200, 16300, 102400, 192100, 71900, 147000, 116700, 87800]

id 33
F = [5, 15, 21, 9, 6, 4, 11, 5, 6, 5, 7, 35, 20, 3, 15, 4, 1, 9, 2, 22, 13, 9, 45, 4, 5, 5, 1, 6, 9, 8]
F2 = [57, 119, 66, 64, 35, 12, 67, 11, 18, 6, 87, 17, 13, 62, 11, 28, 48, 42, 38, 35, 1, 10, 17, 39, 16, 26, 62, 6, 68, 28]
T = [30400, 82800, 172800, 56300, 49800, 93000, 64000, 41600, 33200, 124600, 52000, 224100, 115400, 33400, 89900, 32400, 10700, 54300, 12800, 102800, 112800, 116600, 467400, 53000, 21700, 58400, 9900, 44200, 62900, 61400]
T2 = [202400, 389400, 198700, 176800, 160600, 52900, 180300, 41600, 61300, 16300, 263500, 72100, 59800, 400300, 22200, 51200, 116400, 127400, 108000, 87100, 3100, 30800, 115400, 166600, 70400, 163300, 218100, 21600, 149300, 69900]

id 34
F = [4, 24, 2, 4, 2, 4, 1, 5, 17, 3, 21, 13, 10, 7, 9, 7, 20, 8, 6, 1, 3, 14, 33, 8, 9, 4, 1, 3, 34, 10]
F2 = [32, 55, 54, 21, 97, 61, 39, 40, 14, 87, 1, 4, 31, 65, 4, 21, 49, 23, 13, 14, 14, 58, 193, 87, 12, 50, 24, 32, 147, 112]
T = [31400, 144700, 38600, 36800, 16300, 25400, 25700, 96200, 188300, 25600, 142400, 84300, 56400, 39500, 55600, 35400, 78300, 29800, 41000, 38000, 22900, 447200, 277700, 39600, 38100, 48600, 19600, 22400, 218300, 53500]
T2 = [96900, 184300, 184100, 81100, 312600, 224400, 121800, 214900, 69600, 306200, 3800, 22900, 95100, 190100, 11500, 44400, 111400, 96100, 34300, 83300, 40700, 296800, 605600, 246400, 20800, 146800, 163200, 119500, 509300, 627700]

id 35
F = [3, 10, 3, 8, 23, 27, 5, 32, 18, 2, 13, 5, 9, 9, 9, 7, 8, 5, 4, 20, 26, 9, 18, 12, 10, 25, 16, 3, 15, 16]
F2 = [27, 26, 5, 163, 59, 10, 32, 35, 25, 7, 8, 7, 11, 17, 99, 13, 33, 78, 28, 30, 74, 23, 56, 108, 21, 57, 88, 7, 209, 85]
T = [25000, 213800, 34400, 40900, 136300, 337400, 32200, 165800, 132100, 28900, 81500, 54900, 70900, 81000, 65800, 38800, 69100, 55600, 31000, 115400, 171300, 46500, 91900, 61500, 44600, 282900, 63900, 20300, 102000, 126000]
T2 = [77900, 249700, 15600, 496400, 171000, 31400, 97200, 67100, 112500, 82100, 30000, 21600, 23900, 46600, 312300, 27100, 119000, 392400, 72800, 76900, 257000, 72100, 170100, 224400, 52600, 172400, 206600, 25700, 714800, 364500]

id 36
F = [11, 13, 10, 1, 10, 17, 11, 10, 30, 21, 16, 1, 30, 3, 36, 2, 18, 40, 21, 10, 18, 4, 8, 6, 15, 20, 15, 1, 11, 44]
F2 = [23, 131, 171, 116, 79, 90, 59, 5, 28, 5, 115, 124, 19, 46, 80, 98, 76, 58, 28, 58, 30, 67, 58, 224, 15, 7, 36, 235, 32, 271]
T = [160800, 127000, 139500, 11200, 40500, 78100, 117300, 42700, 193300, 192500, 160000, 20300, 165600, 23200, 246200, 37800, 159300, 263800, 162100, 70500, 132800, 27700, 56100, 57600, 134500, 138500, 106200, 40800, 102900, 261000]
T2 = [154200, 645400, 710200, 897400, 194900, 217800, 151400, 8600, 73300, 21800, 547200, 304600, 76600, 126900, 244800, 314000, 262300, 719400, 136100, 175100, 97600, 209200, 171600, 618000, 47500, 21500, 165100, 898300, 180000, 1020500]

id 37
F = [9, 7, 5, 26, 21, 18, 31, 2, 49, 12, 6, 9, 1, 8, 22, 2, 8, 10, 8, 2, 17, 2, 12, 11, 4, 19, 11, 5, 5, 3]
F2 = [50, 3, 30, 5, 19, 36, 25, 183, 68, 46, 27, 18, 91, 22, 88, 52, 45, 45, 15, 90, 23, 58, 24, 106, 18, 15, 30, 30, 60, 70]
T = [44200, 56100, 35500, 197000, 216600, 229100, 256100, 26000, 385200, 73700, 39300, 56900, 16100, 61200, 194000, 19100, 61000, 83200, 65000, 47600, 224500, 18300, 92500, 130400, 57500, 111000, 68400, 138200, 61900, 20300]
T2 = [166800, 15900, 78800, 38600, 98900, 217800, 90400, 604900, 257100, 140400, 121700, 60500, 326600, 132000, 536900, 132300, 215700, 242300, 46700, 354700, 155400, 171400, 129400, 462100, 58700, 73000, 76900, 119600, 216500, 177900]

id 38
F = [5, 3, 9, 8, 23, 9, 39, 12, 7, 4, 15, 27, 14, 6, 26, 10, 5, 6, 11, 1, 16, 5, 3, 2, 17, 8, 3, 6, 39, 12]
F2 = [17, 5, 51, 11, 18, 68, 4, 54, 44, 4, 41, 109, 19, 10, 65, 15, 29, 18, 17, 38, 90, 1, 31, 47, 88, 43, 7, 11, 65, 90]
T = [30600, 33500, 137000, 62300, 189000, 68700, 189500, 75000, 64700, 53100, 137600, 270600, 105200, 53800, 178700, 93000, 33300, 43500, 99000, 18300, 99700, 61200, 33700, 15100, 155200, 88100, 29100, 81500, 323100, 61800]
T2 = [52200, 14100, 136600, 35000, 70400, 176800, 15600, 150000, 141500, 19200, 210200, 479400, 62600, 25400, 232800, 56200, 106500, 54100, 51700, 183700, 318500, 4900, 98600, 135200, 433500, 233400, 22900, 63800, 214800, 274400]

id 39
F = [21, 15, 7, 2, 3, 3, 3, 34, 21, 14, 9, 2, 4, 2, 13, 15, 3, 3, 47, 14, 4, 3, 3, 8, 15, 9, 38, 18, 2, 30]
F2 = [51, 37, 6, 47, 23, 41, 34, 84, 16, 99, 45, 9, 27, 5, 43, 33, 89, 72, 4, 41, 90, 135, 83, 55, 8, 129, 8, 6, 74, 93]
T = [119300, 103900, 57400, 32000, 36200, 21600, 32900, 321700, 116700, 136600, 106600, 22100, 34600, 19300, 106300, 984300, 36600, 25200, 231900, 80500, 23700, 14300, 20200, 28400, 99200, 78400, 225300, 141700, 17600, 247500]
T2 = [214500, 273100, 24700, 218800, 117100, 144100, 117500, 315600, 59700, 410400, 159400, 69300, 87500, 13200, 196900, 107100, 369000, 424900, 7000, 110400, 227400, 324900, 209800, 189100, 21000, 338500, 17600, 19900, 189500, 318700]

id 40
F = [5, 5, 8, 35, 22, 8, 14, 3, 4, 8, 5, 4, 8, 1, 2, 18, 5, 9, 2, 11, 5, 7, 13, 9, 1, 4, 8, 2, 15, 8]
F2 = [25, 10, 62, 24, 3, 16, 74, 45, 12, 29, 19, 21, 104, 18, 37, 21, 1, 32, 17, 101, 3, 29, 58, 138, 26, 49, 84, 35, 267, 68]
T = [20600, 15600, 25900, 260500, 134400, 52900, 86800, 20100, 30000, 72200, 49900, 20300, 26900, 18900, 16800, 160400, 43700, 48800, 21000, 45500, 17700, 48400, 44400, 76400, 18300, 59700, 54500, 26000, 89300, 90700]
T2 = [58600, 23400, 143000, 122000, 10800, 36300, 196200, 83000, 35700, 89900, 59000, 38400, 264100, 94600, 102400, 109500, 6500, 118300, 34300, 246900, 10400, 91800, 138000, 361100, 69200, 184100, 257100, 85300, 638300, 314200]

id 41
F = [1, 2, 15, 10, 7, 7, 1, 11, 27, 8, 9, 1, 20, 3, 19, 2, 2, 14, 2, 1, 14, 3, 14, 2, 1, 6, 31, 3, 23, 1]
F2 = [19, 20, 128, 45, 5, 57, 28, 18, 20, 111, 81, 18, 87, 89, 51, 56, 130, 6, 17, 12, 51, 53, 42, 8, 74, 14, 77, 88, 5, 24]
T = [66500, 47000, 85500, 86200, 62000, 65200, 18000, 114600, 138600, 24300, 44300, 3400, 113600, 26400, 114300, 62100, 21500, 247000, 26200, 14300, 110600, 34100, 105600, 32600, 23300, 47200, 255400, 43600, 488700, 17500]
T2 = [88500, 262300, 2372800, 322000, 22600, 142700, 80000, 147900, 70500, 265700, 180300, 39900, 225200, 211300, 142300, 232200, 700200, 24200, 72100, 89800, 422900, 258700, 141500, 109600, 532800, 168200, 421100, 728300, 31100, 170100]

id 42
F = [18, 17, 7, 5, 1, 3, 8, 10, 3, 9, 19, 5, 6, 3, 8, 25, 13, 8, 11, 3, 6, 5, 5, 30, 5, 20, 13, 2, 17, 20]
F2 = [55, 69, 56, 92, 17, 73, 42, 18, 29, 50, 53, 68, 14, 71, 122, 11, 26, 44, 111, 60, 53, 67, 93, 3, 45, 102, 5, 55, 90, 124]
T = [242400, 233600, 92100, 75500, 14400, 64800, 97300, 169700, 33800, 111800, 232400, 50300, 75300, 33400, 59000, 382600, 128500, 93900, 84000, 46600, 101500, 85700, 160200, 674700, 63300, 569900, 242900, 32200, 175800, 252500]
T2 = [354100, 635100, 356400, 588400, 163900, 954100, 296100, 172700, 307200, 305600, 436600, 399800, 95200, 393800, 776800, 76600, 138400, 289500, 706300, 381500, 375100, 546900, 600300, 72100, 333000, 1489900, 63200, 336000, 602100, 811600]

id 43
F = [48, 2, 8, 1, 4, 20, 5, 4, 5, 5, 5, 15, 4, 8, 10, 2, 15, 5, 6, 12, 25, 9, 20, 6, 4, 12, 2, 1, 6, 11]
F2 = [40, 20, 183, 127, 13, 68, 43, 78, 2, 131, 59, 18, 54, 25, 31, 36, 127, 8, 33, 6, 61, 8, 90, 6, 15, 25, 63, 7, 39, 3]
T = [444900, 38100, 68600, 23900, 51500, 358600, 99300, 114100, 81600, 124200, 46400, 191000, 77200, 172600, 271400, 24500, 241000, 47500, 69700, 172200, 289000, 76800, 190500, 72700, 48200, 182200, 30900, 19700, 88600, 94000]
T2 = [202700, 121400, 1509900, 1154600, 136000, 479200, 516700, 629200, 13000, 889300, 412800, 103600, 514300, 181700, 317900, 313700, 744100, 64200, 224800, 33800, 421600, 36500, 576600, 50300, 108900, 231700, 485700, 65100, 420000, 24500]

id 44
F = [11, 18, 35, 15, 8, 13, 3, 19, 1, 1, 8, 49, 20, 5, 5, 2, 2, 5, 20, 31, 1, 2, 2, 11, 4, 1, 31, 12, 7, 7]
F2 = [47, 11, 94, 16, 13, 152, 86, 70, 191, 34, 66, 17, 11, 156, 54, 127, 93, 20, 26, 5, 149, 270, 44, 11, 23, 93, 63, 36, 28, 19]
T = [155000, 311800, 449200, 268500, 84800, 223100, 33800, 418700, 16100, 27200, 167700, 561900, 393400, 101600, 80300, 29600, 23500, 75900, 357300, 345700, 16800, 27800, 38100, 298600, 57800, 22400, 448300, 304200, 90000, 109500]
T2 = [232000, 56100, 712900, 124800, 80400, 1061500, 702800, 627900, 1453500, 252100, 438300, 164400, 76100, 1067200, 599800, 1060600, 647900, 137500, 200200, 31400, 887900, 2006600, 418400, 68400, 209300, 1011900, 1454300, 203500, 247700, 184800]

id 45
F = [6, 4, 1, 21, 8, 32, 13, 10, 7, 3, 7, 3, 1, 19, 5, 23, 4, 12, 12, 36, 4, 15, 3, 13, 12, 2, 9, 2, 5, 4]
F2 = [58, 4, 30, 13, 127, 51, 46, 52, 56, 39, 42, 7, 61, 8, 20, 101, 131, 40, 44, 56, 46, 91, 32, 40, 44, 166, 36, 93, 44, 40]
T = [68300, 110100, 15200, 248100, 132900, 457300, 174600, 205000, 71300, 34500, 98900, 74200, 18300, 254800, 52800, 275500, 82500, 234200, 232300, 521500, 137900, 163600, 36800, 146400, 194100, 25400, 140500, 31300, 79300, 126100]
T2 = [391700, 24200, 226100, 120100, 784200, 385400, 374400, 341400, 298200, 265000, 271400, 61700, 471000, 49700, 175400, 873700, 1234900, 379800, 378900, 549200, 367300, 881500, 193200, 206200, 506100, 1130900, 412900, 830900, 394700, 296200]

id 46
F = [4, 12, 19, 1, 8, 4, 9, 1, 8, 2, 15, 7, 10, 13, 5, 9, 27, 2, 13, 63, 1, 9, 1, 13, 4, 27, 7, 2, 3, 12]
F2 = [118, 27, 100, 4, 78, 31, 62, 34, 12, 52, 73, 23, 34, 22, 134, 9, 30, 32, 176, 77, 31, 22, 11, 18, 54, 3, 72, 48, 100, 3]
T = [28400, 86000, 188000, 10900, 77700, 54300, 52100, 11500, 38900, 16600, 81800, 63000, 66800, 54700, 51000, 52200, 146600, 16700, 91700, 596500, 12300, 49300, 13500, 56400, 38400, 185200, 83600, 26100, 46400, 144900]
T2 = [345700, 56100, 495900, 20900, 418700, 85700, 163200, 109600, 31300, 141600, 193600, 130000, 107100, 52500, 313200, 18400, 120700, 106300, 647600, 823700, 119300, 49000, 34000, 43900, 195800, 12100, 327900, 170500, 839900, 18500]

id 47
F = [9, 5, 27, 12, 2, 1, 22, 23, 14, 4, 11, 14, 12, 16, 1, 20, 2, 1, 18, 2, 7, 12, 13, 5, 23, 2, 17, 11, 4, 2]
F2 = [47, 33, 105, 120, 33, 18, 33, 36, 4, 57, 42, 60, 95, 120, 44, 88, 22, 28, 15, 145, 87, 114, 68, 48, 10, 11, 8, 35, 12, 239]
T = [54500, 62000, 183200, 68100, 19000, 10200, 189400, 185300, 129300, 45300, 121400, 89500, 81400, 86500, 25900, 93700, 16600, 9600, 107300, 19900, 44500, 79200, 120800, 121500, 164100, 48900, 137600, 245400, 44400, 21400]
T2 = [139300, 137100, 378400, 443500, 95100, 58200, 186400, 140300, 14100, 327100, 589900, 219200, 346400, 520500, 231400, 278000, 119000, 128500, 61600, 752000, 340400, 384100, 298800, 353300, 27500, 118100, 21100, 218300, 35100, 2958900]

id 48
F = [2, 3, 4, 4, 6, 5, 8, 5, 12, 1, 15, 7, 3, 9, 19, 10, 17, 1, 20, 13, 1, 36, 15, 17, 10, 21, 2, 8, 8, 8]
F2 = [78, 28, 40, 14, 41, 14, 4, 31, 67, 17, 5, 9, 75, 33, 72, 118, 21, 16, 15, 10, 61, 115, 14, 209, 154, 82, 53, 52, 3, 85]
T = [36900, 19700, 24500, 48100, 37200, 31700, 55300, 30700, 86800, 17400, 160200, 62600, 52500, 72800, 174900, 163500, 215100, 19600, 144800, 82900, 16500, 680100, 311300, 199100, 79200, 129500, 12500, 51000, 77200, 86800]
T2 = [424200, 69900, 106300, 48700, 168800, 43600, 14700, 126600, 375400, 50100, 30500, 77400, 314400, 143400, 255800, 1319100, 71300, 61400, 37600, 48800, 361300, 9846600, 71500, 1320100, 482600, 294200, 174800, 257700, 12500, 239700]

id 49
F = [12, 2, 4, 3, 5, 14, 1, 14, 41, 6, 3, 37, 31, 4, 8, 1, 4, 1, 18, 3, 2, 4, 4, 20, 9, 19, 16, 4, 13, 10]
F2 = [20, 127, 7, 36, 94, 89, 7, 93, 72, 96, 83, 61, 59, 18, 151, 204, 13, 58, 172, 29, 20, 80, 64, 89, 172, 37, 33, 41, 61, 152]
T = [58700, 18700, 33200, 42500, 61600, 249300, 14900, 82400, 225200, 40600, 23400, 773900, 298300, 25000, 90800, 16200, 40100, 15100, 113700, 131600, 28400, 66700, 33500, 126200, 75200, 119300, 84000, 25000, 116600, 98700]
T2 = [48400, 494200, 16800, 93200, 512900, 486100, 24700, 559700, 261500, 663600, 268300, 304000, 281200, 57100, 485900, 1279600, 66100, 199200, 866200, 77200, 91600, 398900, 206500, 350800, 656500, 133400, 84200, 127200, 491400, 430200]

