id 0
F = [7, 5, 3, 9, 11, 18, 2, 4, 15, 26, 20, 14, 6, 19, 21, 1, 15, 2, 4, 3, 48, 36, 15, 12, 6, 13, 18, 23, 15, 22]
F2 = [57, 33, 30, 81, 34, 44, 315, 26, 15, 96, 50, 44, 3, 19, 153, 1, 87, 167, 258, 66, 15, 37, 63, 53, 39, 1, 1, 72, 38, 104]
T = [9760900, 553500, 260800, 1209100, 593000, 616400, 1494900, 107600, 356300, 507500, 314900, 399200, 9225800, 538300, 924600, 48800, 420500, 86800, 244800, 160200, 6714800, 830800, 434100, 262600, 155300, 353500, 361400, 490800, 819800, 500100]
T2 = [9964500, 1458700, 2239300, 7382500, 851000, 2677600, 7516900, 176700, 121900, 887900, 922600, 587800, 69500, 182300, 1378600, 18300, 1636900, 1247100, 14427300, 743000, 282700, 249300, 820000, 401000, 361900, 14400, 10800, 1505500, 607600, 823800]

id 1
F = [7, 10, 2, 18, 16, 11, 13, 4, 20, 26, 2, 34, 16, 10, 36, 29, 1, 19, 12, 15, 42, 46, 20, 1, 8, 8, 9, 17, 19, 10]
F2 = [36, 79, 125, 48, 32, 112, 2, 82, 11, 75, 103, 49, 2, 104, 23, 46, 47, 8, 128, 18, 42, 106, 12, 49, 38, 26, 204, 39, 40, 19]
T = [272900, 339300, 187600, 507300, 251100, 242800, 235400, 172000, 306700, 314500, 35500, 372600, 183800, 90700, 331900, 484900, 47000, 222900, 83700, 102600, 331500, 355000, 308400, 50400, 135700, 211500, 94900, 230100, 193300, 117200]
T2 = [398200, 1828500, 950200, 493600, 329000, 754100, 12400, 650900, 122200, 371300, 725200, 258500, 11500, 479100, 151900, 357000, 365200, 31900, 506600, 79200, 141000, 358300, 60400, 309400, 266800, 111600, 729100, 208500, 175300, 67900]

id 2
F = [13, 2, 8, 7, 5, 4, 3, 3, 18, 6, 2, 2, 2, 12, 16, 2, 16, 5, 19, 7, 6, 4, 14, 8, 19, 3, 19, 12, 19, 4]
F2 = [14, 21, 59, 84, 2, 74, 1, 19, 44, 1, 89, 83, 260, 40, 79, 12, 13, 26, 124, 28, 156, 53, 12, 141, 1, 105, 1, 44, 22, 166]
T = [142200, 43400, 250900, 140100, 52900, 77900, 54800, 57200, 395300, 108600, 37300, 43000, 35100, 133300, 129000, 35700, 138300, 93600, 203600, 71200, 65000, 77600, 150400, 69200, 192300, 40100, 262900, 174400, 139900, 104200]
T2 = [57000, 247100, 461400, 335200, 7700, 376100, 4800, 64300, 304400, 4900, 444000, 252800, 1111300, 220200, 270500, 41500, 61000, 112500, 496000, 115500, 624900, 297000, 42200, 394700, 10300, 478200, 4600, 223000, 63800, 600000]

id 3
F = [29, 7, 1, 2, 4, 20, 14, 3, 2, 4, 12, 32, 16, 4, 4, 4, 16, 3, 1, 1, 53, 6, 21, 10, 10, 1, 14, 15, 15, 18]
F2 = [66, 129, 5, 11, 34, 170, 37, 13, 1, 19, 225, 9, 43, 26, 6, 113, 22, 38, 105, 1, 153, 3, 1, 5, 1, 80, 104, 6, 131, 107]
T = [210000, 43600, 27900, 53400, 37300, 166900, 110500, 37900, 28900, 81100, 219500, 438500, 387300, 58500, 97100, 66900, 321500, 51300, 45600, 27600, 939400, 162800, 250800, 158300, 215500, 42400, 214100, 291700, 349400, 224400]
T2 = [230400, 318700, 33400, 38000, 111100, 1095300, 145500, 78400, 3200, 162400, 1778800, 56100, 630600, 148000, 28400, 749700, 178900, 196300, 607800, 9300, 1083400, 25700, 8000, 52000, 15400, 392400, 551700, 52400, 942600, 625900]

id 4
F = [3, 1, 5, 4, 24, 31, 4, 4, 1, 26, 9, 1, 10, 3, 6, 12, 8, 2, 1, 14, 12, 1, 13, 14, 9, 15, 7, 12, 9, 33]
F2 = [56, 32, 125, 194, 284, 4, 5, 26, 107, 12, 40, 117, 31, 7, 24, 38, 1, 89, 84, 6, 56, 46, 14, 9, 52, 51, 6, 57, 116, 50]
T = [87700, 17900, 34400, 77900, 119700, 257200, 56800, 62000, 41300, 274300, 150500, 35700, 124200, 55600, 77900, 125800, 67400, 29700, 54800, 126200, 92800, 18000, 116200, 204600, 136600, 139000, 79800, 154400, 93400, 748600]
T2 = [214800, 111800, 342100, 807800, 717900, 18800, 20900, 142400, 530700, 125400, 133500, 871600, 158800, 24200, 84700, 172300, 4800, 395600, 307300, 23100, 252400, 179100, 59300, 37600, 257000, 227600, 37700, 309800, 607700, 276300]

id 5
F = [41, 2, 8, 30, 19, 10, 9, 14, 13, 4, 2, 3, 7, 11, 38, 30, 33, 3, 4, 6, 14, 12, 2, 22, 22, 17, 6, 22, 2, 5]
F2 = [51, 82, 49, 8, 38, 59, 1, 4, 91, 9, 39, 42, 64, 2, 80, 69, 117, 105, 43, 49, 49, 33, 61, 122, 47, 198, 18, 32, 172, 37]
T = [561500, 72500, 72000, 525700, 127900, 124600, 161200, 160100, 219000, 34300, 47200, 61700, 110600, 73600, 219100, 163800, 431300, 37400, 65000, 74500, 85200, 149700, 26600, 120400, 110300, 290600, 39600, 133500, 37200, 117400]
T2 = [315800, 481700, 184000, 42500, 153700, 211900, 9000, 20200, 542900, 39700, 334900, 289100, 342700, 4800, 191600, 171200, 639500, 310000, 145800, 266100, 109300, 182700, 166300, 352400, 120400, 819900, 56500, 129200, 547700, 171000]

id 6
F = [5, 6, 5, 9, 15, 21, 13, 17, 15, 23, 20, 1, 61, 2, 3, 4, 4, 1, 3, 8, 19, 3, 14, 7, 22, 8, 16, 6, 12, 1]
F2 = [16, 63, 107, 43, 40, 12, 34, 76, 25, 20, 123, 13, 18, 52, 65, 22, 33, 6, 1, 138, 52, 19, 119, 100, 119, 88, 10, 1, 111, 10]
T = [121500, 72000, 65300, 51900, 110200, 144000, 90500, 171800, 189800, 198800, 133200, 16200, 470000, 49300, 31300, 60400, 95600, 27800, 30200, 47300, 153800, 38900, 90000, 92200, 103600, 67500, 95200, 81500, 108000, 33400]
T2 = [78500, 257900, 280300, 122100, 95500, 28000, 121300, 498900, 160200, 68300, 372400, 45900, 71000, 165700, 184200, 74800, 179300, 31400, 4200, 740100, 156100, 45200, 323100, 305200, 300200, 323400, 19300, 4900, 336900, 60400]

id 7
F = [20, 2, 2, 15, 11, 5, 8, 3, 41, 9, 12, 8, 7, 8, 58, 6, 7, 7, 2, 26, 6, 26, 14, 16, 3, 9, 9, 13, 34, 4]
F2 = [39, 6, 25, 21, 1, 3, 47, 19, 17, 109, 34, 69, 120, 93, 67, 28, 18, 4, 77, 31, 58, 150, 55, 92, 37, 78, 77, 103, 15, 118]
T = [127900, 41500, 24500, 72700, 79600, 38900, 56200, 47200, 344000, 69700, 86300, 50800, 40000, 100400, 321900, 35200, 61300, 94100, 53100, 220500, 38600, 160500, 96900, 112000, 49400, 41400, 109000, 105400, 140900, 45700]
T2 = [156800, 57500, 85300, 52400, 3200, 7700, 99000, 39400, 85800, 449200, 110900, 139300, 302000, 348900, 154400, 74000, 49200, 9300, 206400, 72600, 173000, 339700, 125800, 324800, 201900, 202300, 268400, 296900, 36000, 293800]

id 8
F = [1, 21, 2, 13, 36, 3, 1, 12, 59, 2, 9, 14, 37, 10, 26, 8, 28, 2, 22, 2, 6, 1, 9, 6, 36, 7, 19, 10, 5, 8]
F2 = [30, 81, 99, 100, 10, 73, 75, 51, 3, 15, 51, 77, 104, 7, 15, 41, 22, 1, 59, 67, 30, 15, 87, 44, 3, 1, 24, 101, 211, 11]
T = [26500, 134900, 43100, 76000, 200200, 43000, 23700, 81500, 285500, 17100, 69400, 81700, 209300, 168900, 189600, 115800, 438900, 75800, 306800, 35600, 77900, 15900, 49600, 54300, 185800, 48400, 122700, 195400, 44500, 354400]
T2 = [76100, 338100, 395500, 283400, 27400, 406800, 399900, 129700, 6600, 33400, 127700, 231500, 256200, 85200, 36200, 367800, 135100, 8100, 457000, 394300, 132800, 64700, 207000, 88000, 5800, 2800, 65400, 586400, 613000, 93600]

id 9
F = [13, 6, 8, 10, 10, 13, 4, 15, 18, 6, 21, 5, 1, 24, 4, 18, 17, 6, 2, 2, 5, 2, 23, 8, 16, 6, 1, 24, 21, 17]
F2 = [66, 23, 5, 30, 1, 147, 1, 136, 3, 44, 43, 27, 18, 104, 124, 84, 67, 16, 27, 144, 9, 33, 47, 38, 80, 42, 128, 24, 10, 16]
T = [213600, 112100, 107800, 127500, 107100, 106600, 50700, 129800, 125000, 27300, 98800, 17600, 24600, 250500, 43000, 147500, 78100, 51000, 45500, 21100, 62700, 49400, 93400, 131100, 70000, 60000, 6400, 118800, 396800, 67500]
T2 = [613500, 200200, 29200, 226700, 3000, 311000, 5200, 317700, 7600, 108300, 83000, 53400, 63600, 646300, 292400, 241100, 150600, 43200, 292900, 847900, 48300, 275000, 118300, 205600, 222000, 88800, 302800, 86800, 112200, 41800]

id 10
F = [26, 1, 2, 2, 26, 35, 5, 6, 7, 11, 10, 3, 7, 5, 12, 15, 21, 11, 9, 1, 25, 9, 15, 10, 8, 3, 17, 21, 18, 3]
F2 = [87, 33, 98, 19, 24, 56, 10, 16, 72, 57, 22, 238, 58, 112, 9, 150, 108, 4, 39, 5, 7, 51, 70, 221, 70, 67, 38, 45, 61, 80]
T = [775600, 22400, 43600, 24400, 390700, 522100, 55300, 102100, 114000, 145600, 142500, 70100, 104300, 61200, 130400, 147700, 181600, 276000, 167700, 28400, 277800, 145700, 3991100, 191400, 104800, 50500, 276700, 394900, 207800, 48600]
T2 = [616800, 227900, 695600, 116800, 233500, 380400, 41400, 110500, 481200, 483000, 141300, 2179000, 483700, 730200, 97700, 824000, 605700, 23800, 342800, 60000, 49100, 238700, 661400, 2078700, 514700, 407300, 398900, 297700, 472900, 607500]

id 11
F = [13, 18, 32, 13, 9, 16, 3, 19, 3, 4, 27, 6, 32, 4, 14, 7, 30, 2, 26, 11, 3, 16, 10, 18, 1, 30, 38, 1, 10, 20]
F2 = [29, 37, 58, 112, 35, 1, 71, 8, 105, 33, 19, 99, 140, 3, 1, 75, 31, 1, 5, 11, 15, 10, 80, 10, 64, 47, 128, 11, 1, 26]
T = [160900, 192300, 374800, 110200, 187800, 296500, 110200, 464800, 40700, 96300, 474900, 74400, 338000, 66500, 128400, 105500, 446900, 31600, 393500, 175800, 43800, 315300, 193400, 375500, 28200, 311800, 593200, 19600, 124400, 134100]
T2 = [201700, 245300, 283700, 605500, 185000, 8800, 561200, 97100, 582300, 242100, 171300, 914400, 799300, 40000, 5800, 555200, 189800, 8900, 25600, 69600, 96700, 81700, 796400, 109000, 498300, 565300, 866000, 55200, 7700, 118100]

id 12
F = [21, 12, 1, 14, 2, 39, 15, 11, 21, 9, 7, 20, 28, 8, 7, 11, 31, 1, 2, 13, 19, 10, 3, 4, 20, 3, 7, 6, 3, 15]
F2 = [17, 165, 69, 60, 32, 164, 76, 82, 132, 169, 36, 22, 1, 36, 106, 19, 54, 62, 64, 1, 66, 24, 65, 73, 5, 49, 48, 187, 111, 64]
T = [111900, 112000, 10000, 73500, 14300, 444000, 187600, 70100, 202000, 88000, 59300, 121400, 415000, 140500, 39200, 55900, 385800, 18500, 9200, 79400, 426000, 106800, 41000, 75900, 278200, 122800, 135800, 57400, 45000, 294700]
T2 = [60200, 1138700, 152600, 174400, 72100, 1152800, 544500, 238700, 712200, 938500, 96400, 74700, 8200, 376400, 264600, 51000, 331200, 154600, 149900, 2600, 680000, 83600, 220800, 280500, 28200, 494500, 365900, 730800, 615700, 585900]

id 13
F = [12, 1, 19, 39, 5, 40, 2, 11, 3, 5, 5, 31, 1, 30, 6, 6, 15, 15, 13, 13, 20, 1, 11, 67, 13, 8, 2, 7, 14, 29]
F2 = [30, 51, 78, 111, 92, 100, 8, 32, 32, 32, 127, 100, 1, 1, 32, 17, 7, 11, 12, 9, 42, 84, 7, 1, 68, 17, 52, 139, 36, 55]
T = [195600, 57000, 138600, 654200, 44000, 423200, 30500, 159400, 59300, 71800, 35300, 469300, 13700, 246100, 78200, 100400, 215600, 151300, 136900, 258600, 214900, 15100, 108200, 648300, 92400, 56200, 33400, 96800, 263900, 570000]
T2 = [211000, 519700, 262600, 423300, 3101800, 738200, 70000, 307600, 516200, 144800, 442100, 870600, 6900, 5500, 183100, 109800, 42200, 64900, 77500, 39500, 245000, 260400, 15700, 4100, 184300, 58800, 367200, 916000, 310600, 551400]

id 14
F = [5, 2, 7, 8, 35, 20, 45, 12, 7, 5, 1, 11, 3, 8, 15, 10, 37, 6, 4, 15, 5, 3, 12, 22, 1, 1, 29, 15, 17, 5]
F2 = [95, 27, 96, 1, 32, 5, 72, 18, 55, 56, 75, 34, 7, 130, 33, 75, 20, 1, 170, 30, 25, 115, 73, 25, 21, 34, 292, 72, 4, 75]
T = [183400, 76500, 395100, 113000, 339500, 350100, 440100, 119100, 80300, 57400, 27600, 125700, 26800, 64600, 71600, 126200, 227800, 68900, 48000, 159200, 79300, 28500, 220100, 279200, 15200, 14800, 434300, 100200, 334900, 35100]
T2 = [711500, 455100, 998100, 9400, 231300, 31400, 619000, 78400, 352600, 320000, 443800, 299600, 34400, 548500, 75900, 409700, 71500, 7400, 985400, 176500, 128200, 597600, 430200, 112600, 100400, 185600, 2192000, 210700, 19500, 209600]

id 15
F = [8, 28, 4, 10, 38, 13, 7, 9, 1, 5, 20, 9, 4, 7, 2, 9, 19, 3, 27, 8, 30, 15, 5, 3, 35, 20, 5, 41, 4, 18]
F2 = [14, 10, 16, 1, 41, 36, 57, 34, 79, 1, 1, 61, 13, 34, 43, 1, 1, 70, 17, 58, 80, 125, 27, 1, 31, 10, 52, 2, 6, 112]
T = [184800, 309200, 35200, 66600, 395300, 146400, 93000, 82900, 21000, 63300, 227900, 84400, 44900, 177000, 29200, 51000, 93300, 20000, 166000, 39400, 147000, 104700, 47300, 18000, 189200, 158300, 22900, 149200, 20300, 91600]
T2 = [150200, 56100, 110700, 2700, 230200, 248200, 406500, 153700, 426900, 6300, 6700, 358700, 112100, 272600, 262500, 2400, 3000, 146400, 64000, 125600, 177900, 338800, 99000, 2900, 79000, 21400, 113800, 4000, 32000, 385200]

id 16
F = [7, 4, 31, 2, 9, 7, 3, 32, 10, 11, 3, 15, 15, 11, 6, 5, 30, 2, 1, 5, 12, 14, 12, 4, 19, 11, 6, 3, 41, 6]
F2 = [51, 115, 40, 105, 19, 37, 70, 39, 17, 16, 90, 20, 43, 31, 11, 26, 75, 15, 1, 9, 60, 58, 60, 101, 42, 8, 83, 87, 26, 178]
T = [85600, 47800, 270300, 17700, 288300, 107000, 109100, 549800, 121200, 180200, 43100, 166000, 195000, 128800, 55500, 60600, 296800, 46400, 20000, 67800, 298600, 263100, 157400, 60800, 340500, 147000, 96300, 38200, 727600, 97100]
T2 = [269700, 923000, 199000, 857200, 205000, 384100, 693300, 394300, 113300, 158600, 605700, 134400, 306400, 131400, 71600, 204500, 369800, 73400, 14500, 127600, 471500, 618600, 514900, 898300, 329900, 42100, 906500, 629400, 203100, 1232500]

id 17
F = [3, 11, 18, 6, 2, 7, 4, 1, 1, 19, 2, 37, 11, 12, 9, 12, 11, 23, 2, 2, 7, 9, 6, 17, 36, 12, 9, 10, 21, 37]
F2 = [3, 34, 22, 38, 39, 64, 3, 90, 1, 28, 103, 23, 94, 3, 61, 32, 85, 21, 33, 73, 30, 37, 43, 110, 67, 106, 16, 51, 23, 160]
T = [85500, 212900, 190700, 128500, 35700, 80800, 94400, 18700, 18600, 249600, 19900, 563900, 169000, 143700, 203700, 179300, 190900, 358900, 26500, 31200, 174700, 179100, 65700, 315600, 901900, 177900, 114300, 173700, 163600, 436400]
T2 = [20800, 186200, 117400, 362300, 252700, 395200, 45500, 869500, 8900, 125000, 659300, 158100, 844500, 19400, 428500, 228400, 475600, 207800, 225700, 937000, 355400, 285800, 396100, 770700, 920000, 652800, 190500, 302500, 171100, 922100]

id 18
F = [1, 11, 2, 13, 5, 1, 29, 37, 4, 8, 9, 17, 8, 21, 10, 22, 4, 3, 3, 1, 10, 10, 4, 9, 19, 54, 2, 3, 14, 8]
F2 = [34, 146, 65, 35, 51, 77, 133, 2, 78, 68, 18, 91, 94, 42, 176, 148, 67, 22, 39, 1, 27, 17, 40, 87, 18, 39, 1, 13, 1, 21]
T = [34200, 145500, 31700, 269900, 66700, 18500, 410500, 521300, 92500, 143600, 160600, 213000, 91500, 236400, 199300, 285800, 43700, 34600, 94800, 26800, 145900, 177200, 98800, 173700, 265600, 640200, 39200, 60100, 144400, 116300]
T2 = [253900, 1096800, 609200, 211200, 414900, 759000, 940500, 12500, 495800, 389800, 118200, 518200, 780000, 228300, 1371500, 975500, 358000, 133100, 345700, 12400, 184200, 149600, 403200, 571700, 110800, 185100, 15700, 168600, 8300, 134100]

id 19
F = [1, 1, 32, 22, 1, 8, 7, 7, 1, 50, 19, 3, 2, 5, 2, 3, 14, 2, 4, 3, 9, 5, 21, 5, 54, 6, 22, 12, 13, 24]
F2 = [10, 1, 11, 1, 20, 30, 60, 60, 40, 3, 54, 75, 19, 42, 24, 19, 20, 6, 153, 16, 21, 41, 2, 32, 17, 137, 73, 1, 18, 1]
T = [39800, 16100, 367800, 350600, 18300, 105600, 65100, 78700, 24000, 644500, 285700, 34800, 55400, 64400, 49500, 39000, 208600, 46500, 92900, 37000, 197300, 63900, 1535600, 61100, 656900, 146600, 258600, 180400, 182900, 328500]
T2 = [109800, 8100, 74700, 6900, 140200, 199000, 396200, 432800, 254600, 13500, 279200, 446900, 97000, 183900, 184800, 145700, 146900, 40200, 1267600, 78000, 96900, 249200, 12400, 376100, 139700, 1116100, 505800, 6600, 143600, 9300]

id 20
F = [16, 6, 6, 5, 9, 1, 7, 1, 9, 2, 9, 9, 7, 18, 20, 3, 6, 2, 10, 11, 17, 8, 4, 1, 1, 8, 5, 2, 6, 2]
F2 = [17, 25, 54, 29, 75, 10, 144, 112, 1, 13, 12, 32, 22, 128, 145, 1, 33, 21, 229, 23, 12, 48, 1, 50, 50, 147, 33, 29, 98, 23]
T = [219600, 115100, 63800, 110700, 94400, 40300, 133100, 18000, 113500, 34400, 212200, 134900, 142900, 349100, 249800, 37000, 72900, 23200, 85400, 243200, 175400, 96400, 37500, 19500, 19600, 93700, 51500, 33200, 65200, 24000]
T2 = [115700, 214900, 369700, 277900, 495400, 108000, 1040900, 681500, 6900, 80600, 160600, 141900, 140100, 1019200, 1185600, 6500, 236800, 105900, 1251500, 168000, 61900, 230500, 8800, 314100, 292100, 908400, 200800, 242600, 545400, 113300]

id 21
F = [29, 1, 25, 2, 13, 2, 1, 23, 10, 3, 5, 18, 2, 16, 14, 10, 9, 5, 27, 28, 3, 9, 26, 12, 9, 2, 12, 25, 22, 25]
F2 = [15, 142, 73, 68, 7, 3, 43, 31, 15, 4, 35, 39, 1, 184, 30, 62, 22, 18, 64, 29, 8, 72, 17, 1, 12, 37, 17, 40, 10, 50]
T = [368000, 17300, 201500, 29300, 144200, 42900, 18400, 235900, 129600, 33100, 78400, 199400, 58400, 157200, 1668000, 135600, 82300, 39200, 566100, 376600, 135200, 138100, 382000, 95800, 120000, 42500, 166700, 300500, 281400, 358600]
T2 = [129000, 1008000, 437600, 500500, 38300, 15200, 251100, 176900, 84300, 26300, 191400, 238700, 7000, 1140500, 437500, 354500, 163500, 100600, 566600, 161300, 65900, 405900, 142200, 6900, 86300, 241300, 139900, 285200, 130700, 246400]

id 22
F = [9, 7, 44, 9, 24, 5, 14, 6, 3, 11, 7, 6, 18, 5, 14, 13, 11, 17, 2, 4, 1, 21, 1, 7, 18, 45, 3, 3, 29, 1]
F2 = [17, 161, 31, 1, 81, 42, 34, 62, 90, 1, 42, 6, 74, 119, 18, 73, 40, 1, 1, 48, 25, 141, 83, 139, 1, 86, 32, 22, 3, 44]
T = [91600, 97500, 509000, 194700, 271100, 65400, 252500, 75000, 38300, 94200, 155900, 56200, 299900, 71700, 192300, 179000, 180700, 253400, 27000, 46600, 35900, 396900, 19200, 130100, 177700, 628200, 93300, 38600, 390900, 16800]
T2 = [144100, 1030900, 253600, 10500, 586300, 187400, 224200, 364900, 708900, 6600, 281700, 26700, 520400, 969200, 114400, 641100, 230000, 9100, 6900, 337300, 160700, 1167600, 631800, 975600, 8800, 460900, 311600, 212000, 17100, 249000]

id 23
F = [13, 4, 7, 7, 19, 15, 10, 16, 1, 5, 7, 5, 12, 10, 18, 3, 10, 2, 6, 7, 3, 14, 4, 12, 3, 6, 16, 18, 2, 11]
F2 = [39, 89, 8, 68, 1, 211, 3, 32, 28, 93, 88, 38, 18, 6, 46, 4, 52, 41, 98, 106, 16, 136, 41, 28, 192, 103, 74, 19, 17, 25]
T = [143900, 72800, 135000, 58400, 183000, 179400, 128500, 208000, 21000, 92700, 82000, 92800, 121800, 83700, 157600, 33200, 141800, 28600, 73600, 79200, 59700, 237700, 91500, 129600, 71500, 53500, 230000, 236200, 23500, 84900]
T2 = [194000, 563500, 63400, 469100, 8700, 1164300, 14800, 187000, 231800, 517400, 605700, 222000, 102800, 29700, 303500, 19000, 388200, 218800, 572600, 568000, 89000, 1325700, 295500, 188000, 1453000, 670200, 514700, 123500, 139200, 132300]

id 24
F = [9, 5, 15, 4, 6, 7, 4, 1, 3, 2, 32, 2, 17, 7, 15, 17, 1, 5, 36, 1, 17, 5, 13, 2, 8, 8, 8, 7, 4, 37]
F2 = [87, 139, 55, 38, 125, 4, 31, 81, 37, 64, 51, 301, 4, 32, 27, 28, 54, 66, 32, 263, 35, 189, 130, 103, 88, 69, 80, 138, 59, 44]
T = [125500, 81500, 160100, 47000, 81000, 99600, 48300, 26600, 81200, 59400, 309400, 47200, 234600, 75200, 112700, 209000, 13800, 53500, 516700, 20500, 192800, 78400, 167000, 31200, 97900, 97200, 130900, 83700, 76500, 456700]
T2 = [525800, 856100, 265300, 279100, 732300, 93000, 297100, 484300, 310200, 414900, 343000, 1824000, 18400, 167300, 165700, 122400, 302700, 549800, 374100, 1600800, 223300, 1279700, 866700, 714100, 1118200, 366100, 588400, 745500, 613700, 332400]

id 25
F = [5, 36, 63, 10, 26, 1, 3, 8, 12, 1, 15, 2, 2, 1, 11, 32, 22, 5, 2, 7, 12, 80, 42, 1, 2, 14, 12, 4, 12, 37]
F2 = [47, 46, 127, 30, 111, 126, 20, 44, 50, 75, 70, 40, 18, 40, 26, 14, 69, 34, 134, 3, 30, 1, 32, 11, 29, 31, 6, 205, 49, 6]
T = [64000, 446000, 667900, 94300, 265600, 30100, 43900, 131900, 160600, 13100, 222900, 40800, 28600, 12900, 161000, 287200, 517600, 81400, 23400, 111500, 172200, 926100, 348300, 23600, 30600, 138600, 168300, 33900, 146200, 409700]
T2 = [350400, 271400, 856900, 195300, 726500, 1165200, 168600, 259100, 345600, 518400, 355800, 266900, 100000, 298700, 197100, 136100, 852600, 158400, 825800, 15400, 226000, 7100, 166400, 110300, 337000, 218300, 35200, 1104700, 309000, 72500]

id 26
F = [22, 30, 7, 11, 4, 10, 15, 12, 20, 8, 6, 7, 4, 24, 26, 23, 22, 3, 12, 1, 1, 7, 20, 29, 9, 19, 11, 18, 2, 15]
F2 = [90, 7, 1, 43, 71, 80, 1, 64, 65, 38, 24, 78, 75, 114, 32, 19, 65, 51, 133, 89, 2, 1, 2, 38, 85, 32, 10, 20, 31, 60]
T = [512600, 402600, 653100, 161400, 42300, 176800, 239100, 126400, 269000, 102600, 76500, 154100, 40700, 249300, 320700, 284900, 383900, 71700, 106400, 20500, 20400, 193200, 234600, 421200, 99400, 293700, 151000, 232700, 62300, 239600]
T2 = [710700, 45400, 9600, 347700, 390200, 360900, 10800, 365300, 383700, 221000, 190700, 797200, 580900, 814100, 211400, 102200, 523900, 532100, 1025800, 729600, 14100, 10700, 10500, 249600, 892200, 324500, 55400, 154700, 223600, 661300]

id 27
F = [18, 36, 23, 19, 17, 11, 12, 1, 9, 10, 7, 11, 5, 31, 25, 21, 2, 9, 41, 11, 3, 20, 5, 8, 4, 18, 37, 1, 4, 8]
F2 = [109, 132, 78, 95, 14, 11, 73, 1, 24, 74, 111, 14, 18, 117, 15, 56, 224, 163, 111, 96, 42, 20, 71, 100, 27, 56, 35, 87, 96, 54]
T = [294000, 478700, 340700, 177000, 374500, 128400, 131700, 21000, 190700, 189500, 109300, 188100, 88800, 331300, 207900, 396400, 52600, 99500, 506300, 114600, 37700, 344400, 60400, 122200, 101100, 181900, 427600, 20800, 75600, 114300]
T2 = [789800, 784100, 795900, 480200, 114700, 68200, 358300, 12400, 217400, 518800, 727400, 80500, 101600, 595700, 81400, 522300, 1294800, 884800, 696300, 781900, 237200, 100500, 473000, 727100, 157900, 286700, 268700, 702900, 736100, 322300]

id 28
F = [18, 1, 7, 25, 20, 27, 5, 2, 4, 10, 6, 4, 1, 11, 6, 11, 4, 2, 5, 4, 3, 3, 9, 1, 8, 33, 31, 7, 6, 1]
F2 = [3, 11, 59, 57, 66, 20, 77, 47, 46, 38, 70, 1, 26, 14, 5, 165, 15, 15, 40, 25, 44, 36, 1, 12, 262, 1, 45, 27, 85, 12]
T = [286000, 26100, 70800, 388600, 218100, 484900, 59200, 21000, 37800, 113300, 51800, 32800, 12900, 206600, 55400, 162700, 47300, 24600, 48900, 46100, 63700, 38600, 143100, 40000, 92800, 306700, 367000, 102000, 101700, 13600]
T2 = [20400, 78400, 430500, 369200, 456800, 154100, 494500, 320700, 283700, 243900, 388700, 6500, 138100, 67200, 21400, 1358600, 89700, 87500, 208400, 171200, 247600, 240100, 7000, 100200, 1525900, 7100, 270300, 228200, 529300, 57500]

id 29
F = [2, 17, 56, 1, 16, 4, 9, 10, 10, 2, 1, 12, 5, 1, 5, 4, 1, 27, 12, 27, 21, 6, 3, 10, 24, 8, 4, 14, 3, 10]
F2 = [70, 67, 1, 1, 69, 83, 5, 56, 29, 38, 133, 22, 120, 11, 1, 62, 62, 67, 35, 72, 289, 33, 1, 85, 26, 137, 64, 64, 96, 104]
T = [39800, 203500, 615400, 16500, 148500, 51700, 103300, 185600, 82500, 40700, 23200, 180300, 62500, 54900, 54300, 52900, 19000, 334100, 124600, 289500, 591500, 97100, 35000, 189500, 368800, 112500, 51200, 153200, 33600, 124500]
T2 = [452800, 435600, 7200, 9300, 527500, 484000, 42000, 433500, 132000, 213800, 840500, 173200, 726000, 67300, 7200, 357400, 401300, 330300, 314400, 430500, 1684600, 209800, 6500, 460200, 253500, 713800, 403000, 399400, 700400, 560300]

id 30
F = [3, 11, 15, 4, 16, 18, 2, 12, 4, 7, 22, 28, 10, 7, 9, 24, 8, 22, 7, 25, 29, 37, 8, 11, 1, 4, 21, 5, 5, 6]
F2 = [123, 70, 8, 45, 6, 228, 3, 7, 80, 17, 70, 21, 36, 20, 60, 80, 1, 57, 64, 37, 35, 17, 3, 17, 1, 71, 28, 52, 5, 1]
T = [77000, 247200, 166900, 43500, 136600, 214500, 32700, 122500, 37400, 59000, 388800, 332400, 181400, 93600, 81000, 292800, 90100, 238500, 98900, 300700, 282100, 423400, 93300, 136800, 13100, 38000, 260700, 49500, 108500, 144500]
T2 = [829600, 631300, 31900, 282900, 25200, 1641000, 14300, 49500, 436200, 114600, 590100, 105900, 273400, 167300, 328500, 585100, 3500, 456300, 450000, 271500, 191700, 111400, 13600, 72400, 8600, 459900, 231700, 374900, 29400, 10500]

id 31
F = [2, 12, 3, 7, 12, 9, 41, 2, 7, 14, 20, 16, 15, 18, 4, 4, 15, 6, 1, 12, 7, 7, 14, 10, 30, 14, 2, 27, 26, 13]
F2 = [86, 1, 92, 1, 100, 81, 99, 57, 137, 21, 62, 50, 123, 21, 71, 141, 43, 20, 17, 104, 31, 60, 35, 1, 3, 22, 76, 12, 1, 63]
T = [46100, 134100, 38500, 115300, 173100, 135500, 493600, 68500, 78200, 183500, 173600, 238900, 222200, 238800, 41200, 67100, 220800, 89800, 18600, 99100, 127400, 61600, 223300, 130000, 505500, 173600, 93100, 327300, 421100, 111900]
T2 = [471900, 6500, 620600, 7700, 603400, 556000, 653500, 348500, 788600, 107000, 324300, 399700, 915200, 109000, 461800, 807900, 309800, 128500, 137500, 688300, 193600, 439200, 184100, 4300, 14900, 159400, 538700, 56200, 10500, 362300]

id 32
F = [7, 38, 34, 24, 31, 3, 11, 2, 7, 5, 1, 2, 27, 24, 21, 1, 16, 16, 4, 1, 61, 15, 22, 55, 25, 3, 32, 3, 9, 2]
F2 = [103, 348, 26, 1, 69, 40, 15, 55, 10, 77, 11, 29, 306, 9, 7, 1, 60, 48, 178, 28, 127, 12, 60, 22, 11, 23, 11, 9, 2, 142]
T = [139700, 644900, 350500, 398900, 550700, 39900, 172600, 72200, 106700, 58400, 35100, 25600, 270900, 264600, 268000, 20700, 222100, 223900, 39800, 27400, 719600, 436500, 324200, 570700, 316300, 63500, 688700, 43700, 176400, 26600]
T2 = [606300, 2392600, 208000, 6500, 642200, 311500, 104900, 327400, 55200, 461600, 56900, 147700, 2176900, 41600, 39400, 10800, 341600, 288200, 1089200, 217100, 917500, 80100, 391400, 176700, 93600, 229600, 156600, 43900, 17100, 943800]

id 33
F = [4, 21, 21, 4, 9, 8, 18, 2, 5, 15, 3, 15, 8, 10, 7, 19, 9, 8, 4, 9, 7, 3, 2, 6, 12, 8, 21, 1, 1, 19]
F2 = [114, 4, 60, 3, 11, 47, 95, 2, 10, 85, 62, 1, 42, 4, 162, 95, 140, 38, 180, 58, 5, 50, 7, 85, 70, 33, 20, 38, 160, 11]
T = [45800, 241300, 691400, 72900, 137800, 77700, 225100, 68000, 64000, 233000, 26200, 183500, 79600, 173800, 86000, 215600, 111300, 86800, 76800, 155700, 91800, 79100, 33000, 66900, 230100, 71600, 313200, 22200, 14600, 279800]
T2 = [718500, 18800, 441400, 17500, 61900, 303100, 691300, 14400, 59400, 636400, 594000, 8500, 361200, 20500, 1082300, 470800, 606800, 230800, 1568500, 527000, 92400, 288300, 73000, 587000, 605200, 279800, 153700, 308000, 1015000, 116500]

id 34
F = [9, 1, 9, 13, 8, 15, 14, 14, 19, 13, 3, 28, 4, 14, 6, 3, 7, 11, 18, 11, 2, 6, 7, 27, 3, 65, 1, 14, 23, 22]
F2 = [94, 68, 43, 112, 16, 85, 4, 18, 154, 40, 79, 14, 157, 79, 38, 116, 55, 12, 30, 148, 83, 26, 20, 1, 61, 106, 90, 15, 56, 28]
T = [239400, 26000, 123400, 237500, 74100, 128200, 213700, 185700, 155500, 230600, 35800, 384200, 34600, 205100, 205900, 42600, 80300, 179300, 254800, 120000, 134700, 69000, 80300, 349300, 32100, 902100, 24300, 200000, 334300, 357500]
T2 = [804500, 432600, 445300, 1200300, 103700, 672200, 30100, 103900, 899600, 226700, 487200, 82400, 1000700, 579900, 196700, 861800, 368300, 54000, 183200, 997900, 465900, 137900, 139400, 7500, 364300, 821200, 588500, 55400, 379500, 240300]

id 35
F = [23, 1, 14, 11, 2, 4, 52, 4, 16, 17, 9, 23, 6, 29, 27, 1, 2, 42, 3, 31, 13, 5, 19, 6, 6, 25, 9, 8, 25, 9]
F2 = [42, 1, 17, 18, 1, 26, 45, 73, 2, 5, 81, 86, 82, 2, 68, 53, 16, 12, 97, 35, 42, 7, 52, 125, 8, 87, 31, 81, 37, 28]
T = [301300, 27600, 136400, 123900, 26000, 49100, 3008500, 42300, 179000, 244200, 144300, 232500, 68500, 313200, 315900, 24800, 80300, 405400, 37900, 395300, 184000, 93500, 218600, 56300, 73100, 333700, 157200, 285100, 416800, 101500]
T2 = [237200, 9600, 140000, 118700, 8100, 203200, 415500, 496700, 10200, 21800, 630700, 547900, 446800, 9800, 440200, 330700, 105900, 85400, 515300, 373700, 269200, 33000, 349400, 838800, 51400, 611600, 294600, 568200, 249300, 201400]

id 36
F = [12, 50, 2, 4, 2, 20, 6, 16, 16, 47, 28, 12, 9, 23, 13, 8, 16, 16, 5, 4, 9, 18, 11, 13, 1, 14, 23, 15, 5, 6]
F2 = [45, 7, 218, 14, 65, 115, 17, 1, 119, 192, 6, 135, 129, 53, 63, 1, 118, 225, 44, 61, 52, 26, 86, 94, 52, 30, 27, 124, 57, 80]
T = [171700, 570800, 28100, 160900, 84400, 349800, 103600, 214900, 213900, 561900, 397200, 177100, 150800, 415200, 256300, 126700, 212500, 196500, 54300, 37600, 145100, 215500, 129500, 251800, 18100, 218000, 315800, 245700, 62400, 71100]
T2 = [310100, 52800, 1757300, 95200, 499400, 1113000, 122400, 58100, 852100, 1326700, 40800, 767400, 750000, 557100, 647800, 10300, 761600, 1530300, 260300, 351000, 378300, 304900, 642400, 942900, 413400, 262000, 235000, 1087600, 336600, 515000]

id 37
F = [22, 4, 23, 8, 3, 12, 10, 15, 20, 3, 7, 13, 2, 4, 11, 9, 8, 5, 5, 3, 10, 1, 4, 2, 19, 19, 8, 4, 20, 7]
F2 = [55, 6, 90, 105, 3, 127, 110, 64, 130, 1, 13, 44, 275, 105, 190, 37, 33, 25, 59, 21, 70, 1, 83, 1, 106, 83, 122, 22, 44, 27]
T = [352000, 96000, 441700, 96800, 41600, 104800, 140700, 131900, 260300, 54000, 59600, 221700, 28100, 40600, 116600, 84900, 105200, 72800, 86100, 46700, 217800, 24800, 73800, 27700, 202600, 369000, 70900, 91700, 189900, 136100]
T2 = [385500, 33200, 818500, 779300, 18000, 688500, 548900, 324400, 757100, 150700, 151900, 266200, 1697100, 659200, 1202800, 321400, 202100, 212800, 454700, 116700, 712600, 13200, 437600, 7300, 519300, 527100, 993400, 183200, 270800, 166900]

id 38
F = [18, 16, 1, 20, 15, 4, 6, 28, 13, 9, 17, 1, 7, 5, 7, 1, 3, 6, 2, 11, 14, 6, 22, 5, 24, 17, 11, 1, 2, 36]
F2 = [28, 61, 54, 21, 60, 59, 1, 33, 40, 81, 44, 33, 40, 94, 101, 58, 1, 1, 47, 130, 74, 114, 33, 57, 6, 48, 72, 53, 30, 28]
T = [225800, 175600, 21600, 298400, 143100, 41000, 87700, 341000, 161400, 116400, 171300, 21000, 60000, 58200, 54600, 11700, 27600, 58200, 36900, 122300, 169900, 51900, 317500, 63000, 255600, 162200, 122100, 24500, 60900, 432200]
T2 = [168000, 395600, 335300, 202500, 321300, 379900, 6600, 195900, 206800, 490200, 294900, 268500, 292700, 548700, 624900, 368800, 6400, 6800, 400500, 699100, 456900, 614700, 205800, 503700, 47700, 354000, 390100, 294000, 181500, 247900]

id 39
F = [28, 10, 11, 14, 25, 9, 6, 5, 2, 11, 14, 4, 1, 1, 3, 38, 29, 8, 2, 7, 20, 6, 18, 1, 6, 7, 10, 12, 19, 10]
F2 = [36, 131, 25, 20, 53, 59, 57, 30, 155, 30, 206, 1, 66, 96, 44, 38, 25, 10, 49, 22, 1, 44, 43, 44, 3, 24, 57, 8, 18, 78]
T = [840700, 136100, 249300, 140400, 360200, 122200, 80400, 105100, 41100, 111100, 118700, 47400, 38100, 21400, 45000, 417700, 313700, 150600, 28600, 99300, 256500, 192800, 214800, 17100, 134900, 135700, 183000, 169100, 413600, 123900]
T2 = [161700, 1140000, 185200, 173800, 292200, 408200, 328200, 361900, 1064300, 150100, 1046800, 7900, 420000, 608400, 247400, 209000, 160500, 65200, 341100, 234700, 6800, 657500, 217700, 304200, 19800, 151800, 407900, 36900, 91800, 604700]

id 40
F = [1, 12, 12, 8, 17, 2, 28, 6, 2, 21, 18, 9, 6, 24, 7, 10, 8, 8, 14, 24, 6, 21, 21, 6, 30, 2, 16, 1, 47, 2]
F2 = [97, 54, 70, 24, 43, 48, 132, 140, 59, 294, 6, 44, 20, 1, 125, 82, 49, 29, 37, 1, 104, 22, 29, 13, 24, 111, 56, 83, 44, 36]
T = [15600, 151500, 88600, 116800, 179700, 25300, 263000, 96400, 26500, 241200, 170800, 123100, 107700, 326000, 63600, 81100, 111700, 70100, 206000, 365700, 158500, 226600, 273200, 107100, 522200, 25400, 217000, 24100, 816800, 39900]
T2 = [604200, 237000, 461200, 185800, 283000, 295300, 787600, 2287600, 408600, 1922500, 24400, 286700, 91200, 6500, 736600, 528300, 287700, 193300, 282600, 7200, 711200, 157700, 181500, 133400, 138000, 784300, 420500, 664600, 375900, 177300]

id 41
F = [10, 9, 1, 14, 11, 20, 11, 19, 25, 35, 3, 3, 7, 10, 27, 1, 4, 24, 6, 27, 17, 1, 2, 9, 1, 3, 14, 10, 3, 5]
F2 = [49, 63, 22, 110, 151, 35, 5, 1, 42, 175, 145, 31, 1, 125, 8, 63, 8, 69, 13, 8, 130, 170, 127, 185, 159, 28, 46, 1, 61, 46]
T = [196000, 158600, 18100, 128700, 127900, 269900, 111100, 224700, 249700, 390700, 53900, 26800, 60300, 115200, 348900, 22400, 51100, 326900, 63400, 282400, 270300, 19900, 27900, 178600, 19900, 97300, 227600, 105300, 38200, 53800]
T2 = [360300, 293700, 148300, 641500, 836900, 210900, 42900, 7000, 480200, 1307700, 813700, 206000, 6600, 765600, 44700, 534700, 48700, 414300, 51500, 130200, 814700, 922000, 971600, 1227100, 932700, 142000, 373500, 7600, 348100, 417800]

id 42
F = [13, 5, 7, 3, 27, 4, 38, 11, 20, 37, 3, 22, 1, 7, 4, 4, 1, 14, 36, 12, 9, 15, 2, 6, 11, 6, 5, 20, 18, 1]
F2 = [35, 95, 18, 71, 100, 198, 9, 143, 18, 11, 31, 2, 33, 102, 77, 29, 4, 36, 15, 48, 48, 1, 11, 47, 55, 176, 9, 94, 70, 69]
T = [255800, 91100, 92000, 57400, 367100, 83300, 1131700, 162400, 410600, 682800, 36000, 331600, 26800, 138200, 75400, 82300, 35100, 258600, 707100, 182800, 108600, 247200, 27800, 54900, 170400, 71900, 81100, 211400, 196900, 18300]
T2 = [911800, 974200, 232900, 419500, 613800, 1489200, 116700, 1034400, 92400, 45300, 257600, 10600, 199800, 725700, 389400, 205200, 35300, 280300, 108500, 312600, 435000, 6500, 56600, 367200, 432400, 1034200, 60700, 606900, 323500, 513100]

id 43
F = [11, 1, 3, 15, 7, 8, 3, 17, 3, 8, 20, 1, 15, 46, 4, 4, 4, 32, 6, 1, 4, 6, 7, 3, 12, 15, 9, 9, 6, 9]
F2 = [181, 59, 41, 152, 36, 56, 66, 174, 74, 9, 49, 153, 8, 97, 18, 102, 216, 1, 139, 156, 95, 120, 75, 114, 44, 7, 7, 141, 177, 15]
T = [109000, 18400, 67900, 197200, 96100, 104700, 24500, 218300, 43000, 86700, 248500, 39300, 268000, 482000, 130900, 46600, 36900, 344100, 69200, 30900, 43900, 98200, 116700, 50700, 151000, 322900, 189700, 137200, 56900, 181500]
T2 = [1067600, 274200, 245200, 1072000, 293300, 357600, 317000, 1265200, 578000, 53700, 317700, 1138100, 53700, 603900, 87400, 545100, 1189500, 6800, 1143300, 1074800, 576800, 890700, 525100, 2802500, 239700, 52100, 61400, 1397300, 1118600, 171900]

id 44
F = [1, 1, 11, 11, 15, 12, 5, 18, 7, 6, 2, 19, 15, 71, 43, 51, 13, 5, 13, 7, 13, 13, 8, 15, 22, 7, 3, 20, 3, 9]
F2 = [146, 209, 87, 5, 86, 18, 91, 69, 5, 61, 107, 4, 10, 60, 65, 78, 47, 28, 8, 61, 42, 31, 24, 46, 253, 5, 165, 8, 72, 25]
T = [21000, 25500, 97100, 264000, 250700, 158200, 61700, 157500, 127700, 59200, 36600, 217900, 175000, 804800, 485300, 637500, 201200, 84100, 164700, 55700, 159200, 186100, 97900, 270500, 312400, 122900, 45500, 320300, 35900, 166900]
T2 = [1017000, 1313600, 521500, 30500, 573500, 109400, 615500, 3650700, 74500, 289400, 708000, 17700, 39000, 347600, 343800, 537500, 313200, 165000, 53300, 374500, 351300, 161700, 167700, 387600, 1776900, 34900, 988000, 50900, 560900, 248000]

id 45
F = [18, 9, 14, 1, 10, 21, 6, 2, 22, 9, 14, 2, 22, 8, 2, 5, 8, 2, 11, 5, 20, 21, 7, 1, 4, 5, 4, 19, 2, 10]
F2 = [46, 235, 41, 1, 235, 14, 16, 18, 10, 37, 15, 88, 116, 14, 146, 35, 45, 21, 60, 96, 95, 19, 127, 102, 96, 39, 45, 171, 68, 84]
T = [263300, 113000, 236900, 18500, 133200, 321500, 60100, 32800, 347100, 151200, 230200, 25800, 241900, 104000, 25900, 55400, 84000, 26500, 115700, 60700, 228700, 190700, 106500, 19400, 64300, 48600, 35600, 238300, 28600, 85400]
T2 = [254600, 1305400, 191700, 8400, 1366100, 87400, 139700, 216300, 58900, 297700, 97900, 497600, 777100, 58500, 962400, 198200, 306300, 117100, 374400, 658400, 667900, 119700, 727600, 624600, 672200, 256700, 319100, 1307500, 381300, 535400]

id 46
F = [11, 19, 9, 5, 2, 6, 19, 5, 12, 8, 20, 7, 8, 5, 12, 30, 2, 11, 4, 27, 4, 1, 9, 16, 11, 20, 15, 1, 2, 2]
F2 = [30, 40, 14, 24, 21, 1, 8, 64, 6, 62, 117, 127, 25, 76, 22, 76, 22, 31, 64, 19, 44, 149, 20, 23, 23, 46, 21, 1, 22, 14]
T = [151500, 291600, 132900, 47100, 51200, 120500, 227500, 60300, 183300, 81900, 174800, 60700, 439500, 72800, 118500, 274200, 29800, 131800, 51900, 283800, 111100, 18500, 103200, 258700, 172900, 203400, 638500, 17800, 33000, 27400]
T2 = [236600, 250300, 64000, 105500, 160000, 8000, 90700, 471500, 140000, 401600, 658300, 690100, 231500, 473700, 122200, 470500, 139300, 317200, 335400, 161000, 270600, 887700, 150200, 180900, 127600, 342200, 142000, 12800, 153400, 78300]

id 47
F = [2, 6, 20, 16, 55, 12, 2, 16, 23, 13, 22, 24, 32, 6, 44, 5, 4, 13, 26, 2, 12, 28, 11, 1, 2, 2, 18, 7, 5, 30]
F2 = [14, 49, 2, 173, 33, 72, 24, 114, 161, 4, 7, 72, 43, 96, 89, 54, 2, 1, 30, 36, 39, 51, 121, 14, 61, 44, 35, 5, 21, 50]
T = [46000, 70100, 431700, 151600, 876000, 110800, 18400, 178400, 300100, 260100, 246000, 246500, 319800, 161000, 560900, 46100, 43200, 353200, 280400, 39000, 106500, 404000, 118800, 26200, 34300, 26300, 225600, 249600, 53400, 304300]
T2 = [261400, 311000, 10900, 1049100, 225600, 426500, 300700, 571800, 1007800, 19100, 37800, 397000, 374300, 558400, 556700, 328700, 10100, 9300, 287700, 253300, 252400, 362400, 809800, 105500, 363700, 266500, 215000, 33000, 266300, 360000]

id 48
F = [7, 6, 2, 16, 29, 1, 3, 12, 2, 7, 5, 1, 16, 8, 26, 8, 2, 22, 12, 17, 14, 12, 15, 6, 19, 5, 8, 5, 14, 21]
F2 = [25, 123, 39, 104, 60, 1, 182, 50, 18, 225, 12, 48, 1, 34, 25, 94, 38, 20, 98, 4, 155, 7, 56, 1, 31, 23, 111, 60, 12, 112]
T = [67900, 64300, 29300, 209000, 273600, 19100, 41700, 161000, 26600, 59800, 68000, 19400, 300300, 105900, 315300, 155200, 56100, 232300, 213700, 366300, 190500, 162400, 143200, 100400, 374600, 104500, 233000, 55800, 197200, 344400]
T2 = [141900, 771700, 207800, 591600, 1917800, 8800, 1056800, 260900, 127400, 1273400, 109900, 341600, 6600, 240800, 177800, 865600, 226300, 116200, 673400, 29600, 991600, 30400, 365500, 7500, 424600, 186600, 1017400, 379200, 118800, 660700]

id 49
F = [14, 14, 11, 7, 34, 17, 54, 19, 11, 12, 3, 1, 15, 11, 46, 2, 48, 23, 15, 7, 15, 27, 45, 55, 9, 5, 4, 1, 28, 2]
F2 = [163, 63, 133, 26, 305, 57, 35, 18, 19, 1, 25, 174, 39, 6, 24, 13, 10, 51, 147, 107, 25, 180, 16, 88, 40, 142, 15, 54, 3, 88]
T = [314000, 154700, 108700, 123900, 400000, 290200, 958700, 229500, 261100, 144700, 149900, 23000, 159600, 114400, 566400, 26900, 530700, 336700, 165000, 62600, 192100, 204200, 776100, 922600, 128100, 49900, 63700, 19200, 424100, 29000]
T2 = [1975700, 460500, 765300, 182200, 1811400, 367400, 432100, 116000, 155400, 7300, 454300, 1057100, 182000, 40800, 124600, 99500, 96900, 380900, 924300, 594200, 116700, 1071700, 153600, 683600, 310300, 854300, 134800, 270400, 16200, 489300]

