id 0
F = [4, 6, 4, 1, 9, 12, 3, 44, 13, 3, 1, 1, 7, 36, 18, 5, 9, 25, 1, 4, 15, 27, 22, 7, 1, 22, 32, 2, 4, 54]
F2 = [23, 13, 192, 31, 45, 190, 11, 12, 4, 14, 10, 92, 97, 6, 38, 105, 34, 213, 5, 5, 156, 12, 143, 89, 35, 9, 25, 176, 136, 46]
T = [1842800, 3555500, 658500, 488700, 4109700, 1360200, 725000, 2031500, 591900, 149600, 74800, 64500, 333800, 2068700, 666300, 180700, 437800, 1706100, 54600, 559500, 923900, 1446500, 866100, 183900, 43900, 1038400, 1647400, 129900, 361500, 3590700]
T2 = [7345800, 6083100, 31495600, 4298800, 4500100, 7247700, 314700, 223700, 107000, 226800, 316400, 1566700, 2444300, 127400, 748400, 1812400, 881800, 3840500, 137000, 92000, 4339500, 310500, 4339200, 1198200, 454400, 159200, 320800, 3651000, 2662400, 2642800]

id 1
F = [24, 8, 6, 15, 15, 27, 30, 13, 6, 3, 43, 4, 8, 6, 17, 4, 8, 91, 1, 9, 8, 19, 2, 12, 1, 4, 6, 11, 50, 7]
F2 = [58, 24, 91, 65, 11, 41, 13, 6, 7, 71, 80, 204, 37, 120, 30, 20, 5, 6, 42, 70, 200, 59, 27, 45, 27, 75, 47, 50, 11, 168]
T = [492200, 225800, 191200, 424200, 232600, 405700, 442000, 137600, 106300, 68600, 449300, 101000, 114300, 85000, 151700, 87400, 129500, 972700, 50900, 103100, 169800, 266300, 43200, 104800, 29700, 75600, 95500, 163500, 708400, 76100]
T2 = [649600, 218800, 681100, 561400, 83700, 317500, 107300, 36300, 50300, 451700, 392100, 962800, 282800, 617600, 123700, 100500, 33100, 25600, 323500, 336800, 1433300, 279700, 130300, 172300, 145300, 325400, 250300, 343000, 73000, 694300]

id 2
F = [6, 2, 8, 10, 35, 11, 2, 1, 11, 6, 5, 4, 1, 16, 18, 28, 13, 24, 5, 1, 1, 7, 16, 6, 4, 15, 7, 19, 1, 3]
F2 = [40, 45, 88, 37, 71, 49, 27, 107, 57, 58, 12, 42, 111, 7, 12, 79, 14, 9, 18, 47, 30, 13, 50, 120, 90, 13, 57, 29, 12, 22]
T = [75900, 42300, 96700, 181000, 331100, 130900, 139800, 36100, 284800, 53600, 70500, 107200, 28300, 239500, 326000, 225400, 236200, 245800, 49900, 73300, 22700, 70600, 189300, 73500, 80500, 120300, 129800, 263300, 43900, 48500]
T2 = [222000, 181200, 336300, 151300, 283700, 300000, 162500, 834500, 286100, 207100, 44700, 251300, 530200, 34600, 100800, 310800, 136300, 40200, 66900, 210500, 141400, 54600, 250100, 413900, 4503000, 50600, 325400, 186000, 103600, 79800]

id 3
F = [4, 15, 22, 9, 11, 1, 7, 7, 5, 10, 4, 11, 8, 6, 2, 5, 5, 8, 12, 16, 14, 5, 18, 45, 1, 4, 7, 14, 37, 4]
F2 = [24, 129, 42, 23, 13, 56, 1, 38, 70, 3, 15, 27, 12, 47, 25, 4, 10, 32, 34, 19, 1, 12, 14, 6, 30, 13, 11, 19, 30, 27]
T = [54000, 130600, 212800, 257800, 89800, 25600, 65800, 121700, 73500, 57100, 50800, 158700, 80300, 50400, 39500, 33400, 41700, 82100, 94500, 464500, 110000, 35400, 85600, 238900, 47400, 53700, 58900, 117000, 185100, 28400]
T2 = [64600, 413700, 160400, 73800, 46300, 278200, 4400, 183400, 367500, 6700, 52000, 127400, 38300, 175500, 76600, 18100, 24200, 92300, 109600, 1014100, 4700, 22100, 28600, 14800, 201300, 87600, 32800, 43800, 84600, 56200]

id 4
F = [4, 16, 2, 10, 18, 13, 8, 13, 10, 3, 1, 7, 12, 9, 6, 8, 2, 2, 16, 20, 4, 2, 2, 7, 3, 1, 3, 4, 7, 20]
F2 = [12, 39, 111, 52, 39, 13, 74, 179, 15, 73, 168, 40, 37, 87, 26, 30, 50, 62, 39, 29, 29, 93, 13, 27, 39, 112, 14, 60, 8, 75]
T = [53700, 180500, 35800, 171200, 168700, 139900, 81900, 133700, 100400, 45500, 36500, 108800, 118400, 141200, 144900, 169200, 65100, 84800, 358700, 159300, 52800, 25600, 35300, 128200, 107000, 38700, 72300, 82900, 144500, 207200]
T2 = [51500, 247200, 483400, 283100, 161500, 62300, 264600, 856300, 64800, 245200, 746500, 177900, 152900, 498700, 216300, 341000, 195900, 263700, 352500, 116300, 96200, 342500, 60800, 226700, 199500, 577900, 73200, 317300, 77500, 308700]

id 5
F = [2, 23, 10, 7, 9, 1, 2, 5, 2, 25, 10, 2, 30, 10, 4, 1, 8, 24, 26, 3, 6, 24, 8, 8, 11, 1, 13, 3, 3, 8]
F2 = [34, 48, 7, 13, 23, 9, 38, 192, 92, 7, 62, 91, 1, 56, 11, 47, 40, 32, 3, 12, 48, 34, 47, 34, 5, 137, 62, 24, 12, 158]
T = [95000, 264700, 114800, 234400, 146000, 52600, 52500, 88900, 100400, 268700, 114600, 33400, 245800, 122800, 168700, 39200, 83000, 254700, 384100, 97800, 174000, 685200, 176200, 238200, 152700, 41300, 352200, 47400, 42500, 48400]
T2 = [251200, 603300, 29900, 144800, 1748400, 84500, 485100, 1583200, 597500, 37500, 641200, 459300, 5500, 203700, 174300, 208000, 130300, 144600, 16500, 69800, 474900, 188500, 537300, 373700, 27400, 1808500, 458700, 135600, 70000, 1013800]

id 6
F = [6, 5, 6, 4, 10, 63, 4, 7, 6, 29, 10, 26, 21, 3, 16, 7, 4, 8, 33, 1, 2, 10, 5, 1, 34, 14, 33, 17, 1, 16]
F2 = [22, 137, 15, 46, 49, 2, 13, 85, 17, 18, 140, 8, 3, 59, 51, 47, 20, 7, 135, 26, 43, 17, 6, 57, 1, 19, 195, 41, 32, 18]
T = [129300, 119100, 116800, 65100, 51300, 420500, 37800, 75900, 39500, 230000, 109000, 314900, 160400, 28400, 164100, 56300, 62200, 94800, 226500, 31800, 28400, 60600, 42000, 15400, 207600, 139700, 392900, 171700, 143000, 222500]
T2 = [203700, 1032300, 129100, 328000, 114400, 7200, 31500, 263100, 47100, 49900, 475700, 23100, 8900, 205400, 522500, 379600, 133400, 53700, 402700, 83300, 165300, 41400, 15800, 167000, 2300, 99500, 1124200, 170800, 1354500, 111000]

id 7
F = [1, 22, 4, 22, 3, 16, 1, 3, 1, 14, 14, 8, 4, 14, 24, 3, 5, 9, 25, 9, 1, 1, 4, 11, 36, 4, 13, 32, 6, 23]
F2 = [25, 132, 44, 12, 9, 136, 15, 13, 82, 25, 34, 125, 1, 28, 23, 78, 2, 6, 50, 22, 19, 25, 62, 15, 13, 189, 3, 97, 26, 16]
T = [31900, 236200, 57700, 208600, 61600, 232200, 33500, 65600, 43800, 197400, 186100, 99900, 52900, 289400, 522300, 73300, 75300, 190200, 378100, 113200, 49300, 33600, 81200, 172800, 654200, 100300, 149700, 4750500, 131800, 337300]
T2 = [128800, 671900, 235400, 44900, 36500, 944200, 66900, 89700, 623900, 154500, 171300, 555100, 7300, 439400, 145200, 381800, 19600, 56500, 324000, 105600, 129300, 187400, 332500, 88100, 102700, 2001400, 15900, 13741300, 244900, 78600]

id 8
F = [2, 18, 8, 14, 3, 3, 17, 4, 2, 4, 2, 16, 3, 2, 22, 6, 24, 11, 17, 35, 14, 13, 11, 3, 1, 13, 14, 1, 11, 7]
F2 = [120, 2, 25, 11, 85, 19, 26, 50, 17, 39, 10, 82, 89, 12, 15, 3, 7, 8, 27, 59, 29, 64, 7, 26, 81, 3, 66, 13, 6, 22]
T = [44600, 426400, 90900, 277900, 54900, 85300, 154200, 45500, 64600, 68600, 76500, 383600, 76600, 56000, 360600, 71100, 1050300, 113800, 152500, 622300, 214400, 226400, 195600, 52000, 26600, 143100, 224700, 41800, 98900, 114600]
T2 = [715700, 15900, 123100, 83700, 767400, 174700, 124700, 227500, 114700, 180300, 112900, 837100, 677600, 108400, 99800, 13800, 37300, 41900, 98500, 497200, 230200, 451900, 28200, 182600, 334000, 15500, 413300, 122400, 42400, 163300]

id 9
F = [8, 14, 3, 67, 14, 2, 18, 3, 2, 10, 9, 5, 3, 9, 7, 10, 7, 11, 2, 10, 1, 12, 3, 7, 15, 4, 9, 2, 7, 31]
F2 = [69, 52, 15, 6, 17, 6, 221, 145, 4, 27, 1, 12, 63, 1, 94, 64, 71, 20, 27, 11, 63, 4, 9, 138, 183, 52, 11, 2, 54, 60]
T = [236200, 116900, 26400, 539000, 143000, 20100, 210300, 56400, 37600, 99800, 69900, 126900, 31100, 180800, 79800, 91100, 67000, 101400, 23900, 866100, 35200, 80400, 30700, 84100, 80500, 36100, 70400, 27000, 81200, 274400]
T2 = [606400, 140300, 36100, 28600, 50100, 17700, 1529500, 516500, 14000, 77200, 4000, 78300, 241800, 5200, 2220400, 310200, 416000, 88800, 98400, 41100, 352300, 10200, 43100, 727900, 2528800, 142100, 55800, 25000, 318800, 198700]

id 10
F = [19, 6, 7, 2, 7, 2, 50, 19, 34, 1, 6, 1, 1, 58, 17, 1, 11, 11, 1, 19, 3, 18, 23, 8, 26, 10, 6, 10, 1, 3]
F2 = [56, 12, 56, 45, 100, 67, 105, 66, 168, 21, 47, 72, 71, 72, 18, 41, 426, 31, 17, 20, 62, 88, 4, 111, 39, 13, 2, 17, 6, 10]
T = [220000, 41000, 91400, 44800, 72500, 41300, 315300, 963700, 335700, 19600, 119100, 26200, 44000, 429600, 140300, 17900, 221400, 143900, 110600, 228700, 92900, 191100, 244900, 96600, 488700, 97900, 125500, 125800, 40400, 31100]
T2 = [227500, 46000, 285300, 459900, 801000, 205000, 381000, 213600, 471100, 89200, 332900, 358300, 763900, 222200, 62700, 104300, 1381200, 151100, 96700, 121000, 470600, 400400, 20100, 623300, 163000, 37100, 9900, 68200, 54800, 61300]

id 11
F = [11, 24, 3, 19, 20, 23, 6, 4, 11, 10, 9, 46, 11, 7, 17, 15, 15, 25, 14, 6, 4, 4, 6, 15, 13, 4, 9, 30, 32, 20]
F2 = [76, 9, 51, 12, 4, 7, 82, 119, 50, 51, 70, 40, 92, 20, 52, 1, 86, 171, 1, 15, 11, 33, 107, 20, 3, 101, 26, 7, 53, 2]
T = [149600, 186800, 40100, 175300, 192200, 309000, 44400, 83400, 98600, 165700, 70700, 280800, 135700, 95500, 151700, 181400, 207500, 220000, 340400, 57000, 43000, 44000, 91500, 327100, 101800, 29200, 83900, 318800, 309400, 306500]
T2 = [322200, 26900, 511200, 38000, 12300, 51500, 238000, 534400, 130700, 257400, 298100, 149300, 382900, 112900, 253200, 4600, 435500, 639800, 5200, 71100, 67500, 146700, 671800, 118500, 7700, 521700, 89300, 48000, 297000, 11300]

id 12
F = [3, 10, 6, 16, 8, 2, 7, 2, 20, 7, 8, 4, 5, 18, 3, 4, 14, 2, 8, 14, 13, 1, 9, 6, 4, 3, 14, 9, 11, 8]
F2 = [29, 110, 231, 14, 102, 122, 20, 25, 157, 31, 158, 14, 63, 9, 32, 24, 158, 49, 20, 44, 66, 76, 166, 41, 31, 1, 47, 14, 5, 200]
T = [35600, 85100, 76600, 70400, 57200, 34000, 110700, 45300, 118100, 76900, 66700, 40200, 52800, 113100, 32600, 76200, 190700, 41500, 106200, 122000, 107100, 24000, 51600, 80900, 55600, 44200, 152700, 71300, 84100, 54800]
T2 = [112200, 298000, 1858400, 36500, 673400, 328100, 95100, 97200, 407100, 255800, 568900, 42300, 348300, 39700, 178700, 85800, 1081000, 279600, 62300, 222300, 337300, 244200, 531500, 124200, 100100, 7300, 222000, 48900, 13000, 526900]

id 13
F = [4, 24, 15, 2, 5, 25, 15, 1, 2, 7, 5, 16, 26, 6, 2, 40, 8, 6, 11, 37, 17, 8, 8, 33, 1, 12, 42, 28, 11, 24]
F2 = [61, 57, 40, 50, 8, 46, 79, 61, 19, 99, 222, 88, 83, 118, 71, 24, 21, 28, 85, 20, 47, 33, 101, 17, 43, 7, 63, 88, 2, 59]
T = [36400, 124900, 89100, 21300, 36700, 173100, 88100, 12500, 25400, 66100, 39500, 154500, 405600, 69000, 27400, 209700, 64700, 71300, 88500, 358000, 81200, 64800, 36800, 128100, 10500, 63300, 162900, 114700, 62300, 146700]
T2 = [153300, 150600, 105300, 104800, 22000, 137700, 197100, 172800, 39300, 320300, 584200, 354600, 757900, 331100, 174300, 59700, 113700, 67800, 178300, 64800, 138800, 103600, 206700, 38200, 208200, 17800, 155900, 226900, 5100, 120800]

id 14
F = [8, 3, 8, 6, 15, 9, 14, 2, 2, 11, 16, 11, 2, 35, 7, 5, 25, 4, 26, 1, 4, 7, 24, 14, 6, 2, 11, 2, 16, 1]
F2 = [5, 20, 51, 12, 63, 31, 27, 139, 87, 30, 21, 7, 68, 48, 40, 9, 59, 32, 22, 38, 7, 23, 141, 41, 97, 55, 69, 35, 65, 22]
T = [69800, 85200, 75900, 73900, 136200, 77200, 164300, 26200, 30600, 65900, 58800, 90000, 35100, 198400, 46600, 32200, 104800, 21200, 260700, 30600, 46000, 48900, 220600, 132000, 49700, 25000, 69900, 28600, 106900, 11800]
T2 = [11600, 124700, 211600, 50700, 328100, 109600, 161300, 976400, 507000, 106300, 46500, 15500, 267000, 141200, 94500, 16100, 136300, 113000, 164500, 135900, 52900, 80500, 1570300, 508100, 356600, 268700, 152100, 86800, 115800, 63900]

id 15
F = [8, 13, 42, 2, 2, 17, 10, 24, 3, 6, 3, 10, 34, 7, 5, 12, 3, 25, 20, 24, 26, 6, 8, 4, 18, 7, 7, 1, 59, 6]
F2 = [54, 86, 92, 100, 24, 16, 45, 64, 28, 44, 14, 1, 48, 12, 41, 75, 75, 12, 111, 57, 4, 15, 113, 47, 87, 55, 34, 77, 184, 56]
T = [88200, 100000, 297700, 31000, 26600, 159100, 174600, 155800, 37500, 58400, 45700, 53400, 229000, 63900, 26500, 51200, 21000, 94600, 176100, 132300, 155000, 27000, 46000, 30100, 162200, 36900, 45400, 34800, 704900, 36000]
T2 = [238700, 473800, 377700, 467600, 83300, 45900, 171700, 284700, 168000, 215700, 55500, 3600, 179200, 30100, 113700, 202900, 216100, 34500, 364900, 142100, 10200, 30600, 247200, 148100, 282500, 141400, 102500, 208600, 592900, 151400]

id 16
F = [18, 24, 5, 1, 1, 3, 4, 14, 8, 21, 21, 50, 19, 2, 15, 29, 41, 7, 1, 3, 56, 2, 2, 9, 50, 3, 20, 19, 16, 12]
F2 = [17, 3, 3, 12, 41, 31, 44, 6, 4, 155, 35, 6, 14, 68, 56, 21, 37, 62, 5, 53, 87, 49, 24, 5, 42, 2, 5, 1, 13, 10]
T = [102400, 256300, 33500, 11800, 11200, 29300, 69200, 76700, 50200, 173700, 121900, 304400, 125400, 23300, 118100, 149700, 199900, 35800, 9200, 32100, 344200, 20400, 19400, 95800, 269100, 22400, 85700, 93900, 73800, 66400]
T2 = [51600, 17400, 8700, 24400, 112400, 82000, 144100, 10200, 11500, 285100, 107900, 55000, 55700, 352700, 161800, 36000, 83600, 161200, 11200, 145900, 374300, 140900, 76900, 16600, 113400, 5900, 13800, 3800, 22500, 23500]

id 17
F = [6, 10, 48, 5, 1, 19, 3, 6, 21, 34, 3, 1, 5, 14, 12, 24, 3, 24, 3, 4, 22, 2, 8, 9, 13, 3, 1, 6, 12, 1]
F2 = [5, 127, 7, 27, 9, 109, 102, 16, 2, 36, 83, 20, 129, 45, 124, 18, 7, 24, 93, 16, 13, 22, 53, 54, 51, 98, 4, 30, 6, 87]
T = [99400, 126400, 412100, 30100, 51300, 86300, 16100, 28900, 102100, 173200, 28100, 36000, 48600, 51300, 42300, 116500, 45200, 196700, 28700, 50900, 124300, 13900, 30100, 89900, 158100, 35000, 21200, 109300, 110900, 10100]
T2 = [19600, 642800, 33200, 55700, 40200, 241100, 257800, 26400, 4000, 70800, 269500, 85800, 615400, 101500, 235800, 42400, 22500, 126100, 261100, 83800, 36600, 59300, 118700, 172400, 463100, 464300, 49200, 163700, 10600, 426700]

id 18
F = [8, 2, 15, 2, 23, 11, 11, 6, 7, 28, 1, 10, 9, 20, 1, 15, 24, 2, 10, 6, 1, 8, 7, 17, 3, 2, 17, 19, 1, 8]
F2 = [19, 47, 37, 2, 47, 51, 73, 15, 11, 28, 1, 7, 54, 147, 50, 20, 2, 115, 150, 159, 5, 37, 19, 62, 11, 67, 72, 8, 12, 67]
T = [120200, 25900, 102300, 18400, 131300, 61200, 55200, 48400, 49500, 124800, 7700, 54700, 40000, 98100, 16100, 70000, 401300, 26300, 124600, 83000, 17400, 91600, 65200, 70000, 41100, 18700, 101700, 135200, 23400, 81000]
T2 = [119300, 140000, 102200, 5300, 97100, 148300, 158700, 46900, 33800, 78100, 3600, 12300, 156800, 427500, 142700, 50800, 16400, 398600, 1148500, 749800, 22500, 219500, 52600, 136900, 53600, 135000, 142400, 22100, 101200, 335100]

id 19
F = [23, 43, 1, 5, 5, 4, 12, 25, 29, 1, 13, 14, 4, 2, 10, 7, 22, 5, 6, 20, 10, 49, 7, 19, 2, 4, 10, 16, 2, 17]
F2 = [32, 19, 15, 81, 77, 209, 21, 44, 21, 1, 41, 30, 91, 14, 145, 30, 203, 38, 113, 23, 26, 10, 11, 17, 106, 123, 4, 51, 18, 78]
T = [280700, 537700, 12000, 45800, 61400, 42800, 43100, 429200, 183800, 14000, 189200, 71800, 59900, 22200, 51200, 125100, 308300, 97700, 48400, 112400, 58100, 510600, 72600, 284800, 34600, 36500, 76000, 514700, 50800, 182400]
T2 = [164000, 88600, 52200, 471100, 457400, 564000, 56400, 347800, 87700, 9000, 215600, 113200, 237500, 39900, 378700, 195100, 1093900, 288000, 326700, 47900, 59900, 49300, 24900, 153700, 564500, 277700, 11800, 507100, 102400, 529500]

id 20
F = [50, 14, 2, 8, 3, 2, 4, 2, 2, 8, 6, 10, 8, 1, 2, 11, 23, 12, 10, 5, 12, 20, 4, 8, 12, 6, 1, 2, 6, 31]
F2 = [2, 19, 38, 48, 21, 37, 45, 129, 39, 2, 34, 10, 28, 2, 27, 4, 22, 17, 50, 4, 101, 5, 10, 25, 2, 65, 72, 17, 35, 62]
T = [844400, 195500, 31500, 133500, 49700, 42000, 85000, 34500, 58900, 100200, 67500, 53800, 53800, 11900, 11500, 116600, 231400, 128800, 122400, 159100, 104800, 153000, 41300, 48800, 61200, 33800, 28400, 10100, 41200, 517600]
T2 = [17400, 88100, 185000, 218200, 94100, 279100, 348600, 846000, 267500, 12000, 194400, 26500, 79000, 5400, 49200, 22900, 119400, 106700, 269000, 77700, 356100, 13100, 38100, 65800, 5000, 165000, 246000, 36000, 108200, 325000]

id 21
F = [30, 10, 41, 6, 2, 2, 8, 24, 26, 2, 2, 18, 29, 1, 6, 21, 7, 16, 29, 3, 14, 29, 2, 9, 26, 11, 1, 19, 3, 16]
F2 = [53, 129, 10, 56, 145, 6, 32, 35, 2, 34, 126, 20, 133, 10, 108, 3, 7, 4, 7, 4, 36, 15, 48, 83, 6, 11, 31, 53, 94, 1]
T = [426100, 66400, 255700, 34700, 11100, 54800, 67200, 186100, 249000, 29100, 24700, 215400, 394600, 16300, 43700, 144900, 47900, 99800, 130900, 30100, 157100, 313800, 34300, 134700, 243200, 114700, 18600, 340300, 39900, 193200]
T2 = [286800, 296000, 45900, 151700, 480700, 52800, 101900, 110400, 12900, 240500, 718800, 152300, 895600, 68300, 654500, 12800, 29800, 8400, 15300, 22200, 191600, 122600, 257800, 688400, 34600, 45100, 380900, 564300, 596000, 7000]

id 22
F = [9, 10, 9, 3, 4, 1, 14, 13, 7, 20, 5, 1, 20, 25, 6, 38, 5, 10, 4, 8, 1, 4, 28, 1, 8, 3, 10, 5, 40, 4]
F2 = [185, 12, 61, 66, 23, 107, 22, 27, 110, 31, 65, 1, 64, 9, 47, 29, 40, 117, 35, 157, 10, 93, 35, 53, 34, 10, 93, 24, 15, 11]
T = [166600, 91900, 147100, 41600, 49700, 20800, 146800, 229900, 106200, 733400, 123300, 19800, 253000, 289100, 88200, 336300, 147300, 179600, 44100, 176200, 18100, 50000, 219700, 25300, 176700, 55500, 199100, 36600, 314900, 33200]
T2 = [1363200, 50300, 274900, 349300, 122100, 681200, 134700, 373600, 583900, 344100, 378900, 8400, 424500, 81700, 351200, 134300, 386800, 1045800, 205300, 1520700, 83000, 613000, 191800, 206000, 190600, 115200, 663400, 139100, 60500, 50300]

id 23
F = [13, 7, 28, 28, 3, 16, 22, 36, 7, 5, 14, 16, 1, 5, 14, 4, 2, 8, 23, 14, 11, 48, 17, 36, 17, 12, 2, 2, 1, 6]
F2 = [162, 34, 20, 127, 25, 29, 59, 33, 3, 88, 85, 78, 34, 100, 10, 20, 3, 13, 80, 80, 16, 72, 2, 4, 25, 16, 20, 48, 22, 60]
T = [161100, 64000, 468600, 389800, 30200, 133900, 271900, 399200, 162300, 48800, 217400, 353400, 21700, 89700, 188300, 94700, 25900, 106800, 327300, 162500, 282600, 1128600, 162800, 532400, 168400, 185500, 24600, 32200, 25500, 180100]
T2 = [1266100, 165100, 260900, 914700, 167500, 193000, 310000, 205300, 23600, 556400, 633100, 572100, 238100, 662000, 85900, 81200, 16400, 150900, 614600, 459600, 162700, 393100, 10600, 17700, 99000, 113300, 109000, 241300, 266800, 692000]

id 24
F = [45, 29, 6, 2, 2, 7, 23, 4, 8, 10, 4, 14, 13, 8, 1, 11, 79, 6, 35, 8, 11, 12, 11, 2, 9, 18, 10, 6, 18, 14]
F2 = [10, 34, 11, 36, 89, 27, 45, 80, 91, 3, 26, 44, 29, 7, 95, 18, 72, 141, 24, 7, 95, 67, 33, 31, 67, 17, 22, 3, 27, 25]
T = [609600, 416400, 129800, 38600, 33900, 128200, 393600, 70500, 128000, 139100, 75900, 223300, 124300, 349700, 18100, 116400, 1297000, 89800, 471800, 255600, 148700, 132400, 207600, 27800, 82400, 250400, 99000, 68400, 157600, 204300]
T2 = [61800, 207100, 64400, 294700, 764700, 193500, 310600, 751300, 847600, 13500, 382700, 275700, 197900, 66800, 598800, 111300, 491700, 1029800, 225800, 96200, 599600, 622500, 323800, 373800, 398200, 173900, 121200, 14200, 134900, 122600]

id 25
F = [17, 11, 5, 12, 9, 33, 3, 9, 5, 17, 4, 3, 3, 5, 8, 33, 15, 1, 4, 6, 1, 58, 10, 5, 15, 28, 2, 39, 19, 12]
F2 = [152, 13, 4, 46, 84, 24, 21, 42, 1, 197, 33, 4, 4, 38, 14, 22, 54, 32, 30, 107, 43, 6, 114, 11, 32, 52, 44, 10, 98, 52]
T = [291600, 172500, 63700, 246000, 218000, 514600, 34000, 95600, 78500, 201000, 80900, 75700, 76500, 115500, 176200, 289700, 173400, 34400, 49600, 100200, 22900, 668000, 117100, 49900, 336000, 493300, 27500, 452900, 159200, 181400]
T2 = [980100, 59500, 52300, 392400, 690800, 211200, 165400, 382600, 9800, 1569800, 166200, 23400, 25000, 428100, 113600, 149400, 257400, 341100, 219300, 870600, 297800, 38700, 698800, 79100, 317000, 326200, 206100, 48300, 631000, 467600]

id 26
F = [43, 9, 9, 5, 11, 9, 8, 18, 22, 7, 16, 28, 2, 4, 7, 22, 7, 5, 2, 20, 5, 4, 4, 2, 1, 9, 5, 2, 14, 20]
F2 = [5, 16, 8, 72, 26, 75, 30, 50, 31, 108, 53, 38, 11, 6, 24, 44, 22, 97, 144, 5, 3, 3, 175, 11, 55, 26, 29, 29, 11, 54]
T = [700400, 142700, 125900, 42700, 99500, 83600, 194700, 212900, 288300, 224600, 348400, 511800, 34000, 56200, 123900, 335100, 120100, 107800, 26400, 352500, 63200, 37600, 46800, 47900, 25800, 120400, 167700, 29100, 233500, 330300]
T2 = [22000, 119200, 33000, 452000, 161000, 406600, 190300, 453800, 163500, 867800, 496600, 248900, 69600, 39000, 193000, 331300, 202000, 839500, 830600, 25100, 67200, 15200, 1053300, 61000, 305600, 171400, 194700, 177400, 69500, 452000]

id 27
F = [14, 15, 14, 6, 3, 1, 4, 3, 6, 7, 6, 5, 42, 2, 15, 7, 6, 12, 13, 12, 35, 18, 6, 4, 2, 3, 16, 7, 9, 38]
F2 = [94, 19, 32, 44, 60, 34, 41, 76, 39, 21, 54, 2, 81, 36, 73, 35, 19, 54, 31, 3, 2, 6, 36, 42, 28, 17, 4, 163, 203, 552]
T = [184200, 187200, 233900, 107800, 45800, 15100, 60700, 45200, 148400, 118900, 85900, 61400, 373600, 31400, 180100, 88300, 108200, 187100, 173300, 135800, 568400, 263700, 81900, 74200, 71800, 53400, 219600, 83900, 163600, 863300]
T2 = [624500, 86300, 270900, 444100, 376300, 279000, 302800, 511100, 300800, 143900, 247200, 10800, 489300, 268300, 673100, 181300, 178200, 387600, 157900, 15000, 16500, 34400, 183200, 343500, 194000, 98500, 42500, 1240600, 1645400, 3934800]

id 28
F = [10, 20, 10, 7, 7, 27, 1, 4, 10, 21, 12, 29, 26, 29, 6, 21, 3, 5, 6, 5, 4, 23, 11, 11, 1, 27, 8, 9, 21, 7]
F2 = [26, 20, 66, 3, 13, 159, 7, 3, 1, 39, 17, 70, 47, 96, 89, 53, 1, 53, 77, 13, 27, 12, 50, 15, 8, 24, 30, 125, 5, 66]
T = [119400, 330700, 174900, 80800, 92400, 437500, 19300, 54800, 139400, 525100, 153200, 481600, 592200, 403000, 93100, 247900, 40900, 63700, 86900, 249900, 161800, 361100, 222100, 190400, 21300, 449100, 80100, 147500, 400100, 102300]
T2 = [154100, 141000, 337800, 20400, 126700, 1471900, 45900, 20300, 9700, 281400, 146800, 618100, 408300, 722300, 846600, 525100, 7800, 1439600, 884800, 597400, 216500, 128400, 401100, 285900, 86700, 162500, 193800, 1060300, 25500, 395300]

id 29
F = [9, 1, 3, 3, 3, 3, 1, 1, 9, 9, 12, 7, 14, 3, 5, 22, 2, 15, 60, 8, 18, 14, 16, 30, 7, 6, 3, 15, 1, 1]
F2 = [46, 54, 12, 30, 72, 147, 52, 11, 95, 27, 2, 24, 32, 18, 3, 164, 145, 31, 9, 6, 10, 83, 47, 74, 7, 6, 82, 59, 15, 67]
T = [100400, 27600, 28000, 64900, 33800, 65600, 14900, 14100, 117300, 184600, 175700, 87800, 205700, 45800, 68100, 430700, 29500, 207800, 823500, 122100, 252400, 192500, 182700, 387700, 148600, 63100, 53200, 285500, 14800, 17600]
T2 = [261700, 416500, 50500, 188300, 464000, 1138000, 245700, 54600, 490300, 240200, 13300, 159000, 262400, 137100, 22700, 1307200, 1053200, 204600, 66900, 55300, 38200, 1677800, 280000, 486300, 48000, 59200, 550200, 493800, 91700, 549000]

id 30
F = [4, 1, 22, 11, 23, 5, 10, 44, 3, 32, 12, 31, 8, 2, 16, 14, 1, 37, 8, 13, 1, 20, 43, 19, 3, 11, 28, 1, 13, 12]
F2 = [15, 11, 41, 105, 15, 193, 52, 43, 57, 22, 29, 13, 140, 17, 84, 29, 33, 26, 37, 3, 96, 84, 64, 18, 34, 83, 21, 19, 145, 61]
T = [76400, 29600, 137800, 149800, 476400, 59800, 56700, 525100, 71000, 442700, 251700, 374800, 46000, 16200, 80800, 202600, 13300, 469500, 106400, 64000, 20600, 114500, 255600, 146800, 20700, 70600, 147700, 39500, 57100, 66700]
T2 = [152000, 91900, 101900, 900600, 137800, 1389900, 305300, 388000, 538900, 143200, 252100, 53200, 430700, 61700, 199200, 187200, 115900, 119200, 203000, 7500, 246600, 265100, 202100, 56200, 71000, 226300, 34300, 53000, 388300, 165800]

id 31
F = [14, 2, 2, 9, 2, 55, 7, 1, 3, 3, 43, 85, 7, 10, 2, 5, 11, 16, 5, 24, 2, 10, 20, 6, 8, 13, 23, 3, 12, 26]
F2 = [159, 22, 4, 49, 18, 57, 92, 17, 13, 12, 38, 26, 89, 91, 42, 40, 24, 38, 8, 75, 165, 136, 8, 48, 21, 18, 35, 99, 130, 1]
T = [64300, 49500, 39800, 62500, 17400, 290600, 101100, 11900, 27300, 33800, 291400, 526500, 54400, 46600, 22400, 53900, 110200, 863000, 80000, 284500, 30400, 115600, 129400, 32800, 84000, 89300, 277500, 60300, 56400, 230600]
T2 = [355900, 76600, 24900, 114000, 65400, 206700, 340000, 41700, 27900, 58000, 84400, 98500, 192300, 203400, 152100, 211800, 138800, 901300, 106400, 414000, 640800, 461900, 29800, 141300, 99800, 31600, 124300, 385200, 282600, 4700]

id 32
F = [18, 23, 2, 15, 4, 2, 1, 2, 13, 28, 6, 23, 18, 7, 2, 39, 10, 1, 23, 8, 2, 2, 17, 4, 23, 15, 56, 15, 4, 19]
F2 = [18, 166, 11, 40, 1, 1, 10, 13, 67, 97, 7, 67, 27, 11, 82, 107, 90, 42, 7, 20, 140, 96, 49, 18, 88, 211, 87, 56, 34, 54]
T = [101100, 150800, 28900, 108700, 23700, 17900, 9100, 15900, 70000, 145500, 35200, 120400, 147100, 49000, 32300, 236200, 61200, 11000, 162400, 48000, 29300, 26700, 171900, 37600, 144000, 269200, 304500, 184500, 44800, 141300]
T2 = [32100, 617600, 38100, 109200, 3800, 3200, 18100, 24500, 195100, 266800, 13500, 196300, 68800, 24800, 300200, 267100, 194000, 126500, 25600, 45100, 307500, 234800, 221800, 127200, 486200, 650400, 262000, 215500, 110100, 137500]

id 33
F = [30, 2, 31, 3, 4, 16, 17, 10, 7, 39, 29, 14, 15, 9, 4, 2, 8, 16, 4, 14, 9, 2, 18, 21, 8, 1, 47, 16, 9, 5]
F2 = [13, 83, 44, 16, 31, 20, 17, 48, 11, 52, 3, 163, 79, 151, 30, 163, 53, 37, 2, 5, 32, 66, 24, 221, 23, 51, 46, 12, 60, 8]
T = [124100, 16900, 255000, 41700, 62900, 97500, 131900, 55000, 46500, 234900, 144700, 91100, 97300, 59800, 32500, 69800, 38000, 141400, 23300, 94000, 66300, 15000, 191700, 87600, 68600, 20600, 154900, 58600, 81600, 38000]
T2 = [24100, 211200, 171600, 75000, 182000, 79100, 55300, 129600, 28400, 138600, 6000, 503700, 250100, 311400, 105800, 1321700, 201400, 168700, 4900, 10900, 74000, 153100, 99000, 668000, 96300, 135300, 116400, 23700, 226000, 26700]

id 34
F = [4, 18, 16, 25, 34, 27, 11, 8, 5, 17, 6, 2, 8, 2, 21, 2, 10, 13, 10, 1, 9, 14, 6, 3, 10, 12, 21, 6, 8, 5]
F2 = [84, 25, 149, 20, 26, 78, 49, 11, 2, 115, 35, 78, 9, 17, 50, 96, 15, 16, 87, 16, 409, 17, 10, 209, 16, 25, 73, 75, 14, 5]
T = [32400, 114000, 107500, 165500, 204300, 210800, 58800, 64300, 23900, 62500, 34800, 19200, 34000, 13000, 169000, 13600, 33800, 86500, 73200, 20200, 90300, 126600, 53800, 43000, 82000, 69400, 99300, 37300, 41300, 47500]
T2 = [222000, 61100, 375900, 44800, 92500, 196100, 115700, 47300, 5100, 313400, 73500, 212300, 16600, 43000, 100700, 212700, 44500, 43100, 390200, 70800, 1627900, 72000, 40500, 928800, 52500, 95700, 173100, 235400, 32400, 13300]

id 35
F = [2, 8, 2, 14, 10, 10, 16, 5, 1, 21, 2, 5, 2, 1, 26, 9, 11, 1, 22, 2, 2, 8, 19, 24, 12, 1, 15, 4, 1, 5]
F2 = [105, 190, 36, 34, 77, 45, 105, 16, 4, 117, 43, 30, 3, 108, 29, 93, 95, 5, 125, 1, 18, 81, 7, 151, 36, 30, 8, 129, 87, 10]
T = [28600, 98600, 42200, 78400, 78900, 67000, 89900, 24700, 11900, 126200, 16900, 35900, 20500, 11100, 152600, 79300, 75600, 26500, 166500, 22000, 35700, 36100, 163400, 258200, 66200, 67100, 118400, 55200, 15700, 71500]
T2 = [278100, 703600, 110700, 126800, 185200, 155800, 297200, 25600, 12900, 446000, 131100, 70900, 20000, 313500, 71000, 367200, 215500, 20200, 438000, 5600, 84700, 333000, 30000, 713500, 104800, 105300, 21300, 515400, 306800, 35000]

id 36
F = [6, 20, 26, 7, 3, 9, 21, 2, 50, 16, 11, 5, 32, 4, 7, 5, 7, 25, 19, 5, 18, 12, 23, 4, 5, 14, 3, 63, 10, 7]
F2 = [57, 74, 69, 144, 21, 14, 15, 76, 2, 115, 55, 14, 14, 196, 8, 27, 88, 4, 2, 8, 14, 38, 45, 14, 16, 247, 104, 31, 65, 137]
T = [64200, 133500, 169800, 40500, 34900, 66100, 139600, 15000, 451000, 76800, 58900, 38600, 196800, 39600, 93100, 51600, 58200, 198000, 208200, 112100, 144300, 108900, 296200, 39200, 44600, 105200, 114200, 375900, 69800, 62900]
T2 = [171900, 195700, 193300, 333200, 66600, 32300, 38900, 187500, 7500, 348500, 1340700, 48500, 50600, 542000, 46100, 179200, 258200, 20500, 13300, 83400, 44000, 96800, 155200, 54600, 50800, 927100, 468000, 90000, 189100, 374900]

id 37
F = [12, 6, 16, 39, 2, 13, 9, 15, 34, 5, 7, 8, 6, 12, 11, 5, 8, 19, 15, 52, 51, 6, 7, 7, 39, 6, 4, 3, 10, 44]
F2 = [33, 2, 206, 49, 55, 8, 7, 35, 38, 22, 8, 108, 23, 30, 6, 32, 104, 60, 13, 1, 32, 67, 30, 4, 13, 14, 13, 44, 12, 95]
T = [124200, 35100, 112400, 343500, 21700, 76600, 47300, 98700, 173100, 28500, 69400, 55800, 47700, 651800, 184200, 44700, 92100, 117700, 104100, 426700, 376600, 39900, 51100, 39500, 451100, 43700, 56400, 42300, 84400, 327200]
T2 = [114000, 6400, 640000, 174400, 177300, 28500, 34000, 95600, 119400, 63500, 38300, 257900, 143400, 1490600, 56600, 166200, 401100, 173500, 40900, 4500, 120600, 195700, 56700, 7100, 56200, 42000, 29200, 232000, 32300, 265300]

id 38
F = [37, 1, 3, 7, 8, 12, 4, 20, 4, 14, 21, 9, 1, 3, 8, 13, 21, 10, 8, 25, 2, 1, 3, 5, 14, 3, 32, 5, 22, 29]
F2 = [161, 8, 85, 23, 39, 194, 82, 81, 28, 5, 37, 18, 45, 17, 59, 78, 50, 51, 5, 29, 69, 9, 5, 38, 132, 54, 76, 16, 63, 15]
T = [461700, 44700, 55300, 317600, 72100, 99600, 35700, 287100, 70500, 126700, 213000, 77000, 13200, 40200, 76900, 1146300, 361600, 100700, 54500, 309000, 18800, 12300, 23900, 45800, 85200, 27500, 254600, 43600, 158000, 211200]
T2 = [903100, 35400, 295400, 88700, 235500, 479900, 248700, 311900, 76500, 16200, 160600, 47300, 176900, 88400, 233300, 2303900, 218300, 184800, 12900, 238400, 198400, 42800, 14200, 106600, 380400, 199700, 283200, 73800, 210900, 52000]

id 39
F = [65, 12, 4, 5, 58, 12, 7, 14, 39, 24, 4, 25, 27, 20, 27, 3, 9, 7, 25, 1, 2, 1, 21, 7, 13, 9, 3, 4, 2, 12]
F2 = [76, 3, 77, 103, 55, 101, 37, 12, 2, 11, 87, 299, 96, 65, 105, 34, 106, 17, 11, 7, 122, 19, 76, 31, 63, 4, 14, 64, 16, 1]
T = [460200, 90500, 30900, 30800, 380700, 79400, 52800, 91300, 388400, 365800, 53900, 224000, 401900, 188900, 212200, 19100, 83600, 70200, 119300, 12200, 16500, 11300, 190000, 49600, 66600, 53600, 37400, 27800, 31600, 184500]
T2 = [266900, 7400, 217200, 333900, 154100, 648600, 151500, 82100, 22700, 183900, 413900, 1285100, 594400, 307400, 353600, 142700, 324700, 46800, 24200, 22200, 320700, 78500, 324700, 88800, 193200, 9800, 36900, 217700, 82100, 5100]

id 40
F = [5, 3, 4, 2, 1, 29, 9, 27, 25, 1, 12, 19, 3, 10, 3, 29, 16, 8, 29, 1, 3, 14, 9, 5, 39, 27, 2, 26, 6, 8]
F2 = [41, 100, 39, 44, 27, 72, 8, 13, 2, 18, 106, 156, 23, 29, 11, 12, 22, 59, 15, 73, 39, 20, 2, 102, 131, 22, 25, 46, 69, 164]
T = [45100, 20500, 33000, 17500, 16100, 172800, 72800, 146100, 113600, 8100, 95400, 87600, 25800, 71100, 21600, 185700, 147000, 67500, 156800, 21400, 39300, 108400, 50000, 24900, 240100, 165800, 19500, 137500, 24400, 53000]
T2 = [126600, 293100, 96500, 158100, 77800, 209900, 20300, 30200, 4800, 55400, 320100, 544400, 68100, 117400, 50400, 29600, 65600, 173200, 27600, 250300, 136900, 112100, 4900, 294500, 400700, 63000, 67100, 119300, 157900, 486800]

id 41
F = [2, 5, 23, 11, 13, 6, 14, 1, 3, 16, 6, 3, 18, 40, 15, 29, 13, 12, 39, 4, 11, 17, 49, 3, 15, 4, 45, 8, 12, 18]
F2 = [9, 56, 20, 19, 37, 64, 20, 8, 87, 18, 61, 8, 18, 21, 27, 14, 45, 30, 35, 94, 30, 36, 1, 18, 13, 8, 25, 86, 7, 72]
T = [19900, 41200, 148200, 90000, 134400, 52900, 248600, 12900, 43800, 146200, 36200, 60000, 149800, 222700, 118300, 228800, 104300, 80700, 337500, 30500, 45100, 110700, 294500, 31300, 83200, 27900, 246600, 75500, 106400, 120600]
T2 = [42000, 198100, 46200, 45700, 208400, 231600, 114900, 22000, 254700, 50900, 150900, 50400, 84300, 64500, 86900, 97900, 233900, 110200, 109200, 271700, 64800, 140000, 4500, 99700, 38600, 35600, 134200, 478400, 25300, 220400]

id 42
F = [34, 1, 1, 2, 9, 1, 3, 1, 4, 16, 11, 9, 1, 10, 8, 11, 9, 29, 1, 11, 14, 6, 9, 7, 25, 4, 6, 1, 24, 2]
F2 = [4, 7, 101, 35, 4, 20, 53, 41, 36, 10, 180, 25, 19, 28, 20, 114, 7, 5, 35, 111, 1, 54, 38, 61, 96, 3, 11, 107, 39, 43]
T = [218000, 11700, 13100, 21300, 85200, 12500, 42500, 14200, 41200, 123900, 78100, 82900, 11900, 121000, 39500, 78300, 47900, 274300, 11400, 108600, 109900, 37900, 80200, 92200, 195900, 69200, 53100, 11700, 134500, 36800]
T2 = [13200, 20300, 402400, 99500, 28200, 90000, 173200, 121900, 198800, 29100, 525700, 96000, 82600, 104200, 38200, 995800, 20700, 98300, 81800, 389600, 4700, 187700, 112300, 320500, 404400, 18400, 30500, 244700, 126600, 158000]

id 43
F = [5, 13, 35, 29, 48, 4, 21, 15, 24, 18, 16, 14, 54, 30, 3, 1, 2, 11, 10, 2, 48, 12, 52, 34, 14, 3, 4, 23, 1, 14]
F2 = [37, 27, 13, 75, 8, 117, 4, 13, 8, 11, 69, 206, 46, 29, 88, 22, 9, 51, 37, 57, 15, 74, 58, 12, 91, 6, 53, 59, 63, 9]
T = [70400, 152700, 263000, 263500, 460100, 70100, 135200, 133500, 126900, 143100, 117200, 150100, 321200, 256700, 32300, 25300, 28000, 65700, 60600, 27200, 338300, 100100, 435000, 190500, 82800, 35300, 81100, 1332400, 14600, 84100]
T2 = [185400, 137000, 44400, 296400, 19000, 419800, 14900, 38400, 21500, 26600, 261700, 755300, 168100, 66400, 337700, 93200, 25800, 223100, 102100, 214200, 46500, 254700, 221800, 23000, 233300, 15000, 281500, 454700, 233500, 22100]

id 44
F = [27, 6, 1, 7, 32, 3, 4, 17, 19, 15, 5, 8, 20, 54, 21, 12, 27, 1, 2, 17, 22, 22, 3, 47, 13, 2, 6, 14, 27, 10]
F2 = [172, 13, 22, 62, 67, 5, 1, 40, 16, 28, 31, 32, 53, 6, 46, 15, 69, 34, 79, 32, 54, 96, 8, 173, 31, 16, 63, 2, 22, 42]
T = [219300, 67800, 14800, 53300, 294100, 49100, 84800, 125600, 132900, 98600, 87100, 98800, 144000, 418200, 176200, 93000, 206500, 11800, 34200, 155000, 182200, 129400, 34700, 379800, 151700, 26100, 69000, 120600, 197700, 192800]
T2 = [480900, 63100, 110000, 283100, 222100, 16900, 5200, 111300, 88200, 130800, 182000, 93300, 143600, 17000, 343800, 45600, 283000, 163900, 280400, 190200, 177300, 222400, 27900, 625200, 172500, 85400, 228600, 8900, 91700, 290500]

id 45
F = [5, 11, 10, 33, 7, 1, 10, 22, 2, 58, 19, 9, 9, 27, 9, 2, 7, 8, 7, 8, 3, 34, 5, 2, 4, 4, 4, 4, 20, 11]
F2 = [5, 11, 60, 77, 66, 60, 14, 34, 126, 63, 21, 6, 1, 64, 22, 37, 88, 4, 34, 90, 119, 28, 22, 27, 31, 12, 20, 27, 5, 43]
T = [47900, 85700, 83900, 322500, 76200, 11500, 66800, 118800, 22200, 558300, 168200, 62300, 37800, 125700, 75100, 24500, 64600, 40100, 44100, 90900, 24400, 267600, 56300, 23300, 28400, 43300, 136700, 70300, 118100, 77800]
T2 = [15100, 32800, 233400, 331500, 243300, 182800, 59100, 112400, 380700, 243500, 100800, 13000, 3100, 158700, 64100, 152500, 267800, 9800, 98600, 368900, 391600, 140400, 96200, 86600, 103100, 37000, 97700, 89000, 11600, 124800]

id 46
F = [20, 13, 12, 10, 10, 2, 26, 12, 6, 16, 27, 13, 7, 11, 13, 5, 3, 13, 12, 20, 11, 12, 7, 9, 9, 4, 6, 25, 4, 4]
F2 = [8, 12, 32, 77, 3, 108, 49, 14, 2, 214, 76, 39, 135, 118, 34, 48, 23, 94, 110, 61, 50, 36, 71, 42, 67, 18, 45, 41, 16, 110]
T = [197600, 127000, 96000, 59600, 226600, 27600, 159300, 117500, 73900, 162700, 253700, 55700, 25500, 103900, 99300, 29200, 16400, 122500, 79900, 100900, 57900, 74900, 50700, 43900, 66500, 23200, 46800, 177600, 35900, 18900]
T2 = [43100, 51500, 259300, 300700, 13200, 1706200, 168200, 46100, 10200, 982400, 343200, 79600, 278400, 619900, 115800, 110500, 64000, 373400, 416000, 176000, 134500, 85700, 220100, 102500, 203100, 49900, 123000, 130200, 52100, 238000]

id 47
F = [20, 1, 18, 6, 16, 4, 40, 7, 14, 7, 10, 13, 1, 60, 9, 6, 14, 1, 1, 26, 9, 9, 10, 6, 31, 24, 14, 3, 1, 8]
F2 = [1, 9, 177, 20, 7, 17, 4, 81, 40, 32, 27, 124, 46, 3, 18, 17, 17, 75, 222, 91, 36, 196, 68, 123, 15, 8, 29, 36, 23, 19]
T = [123100, 4200, 102000, 43600, 101400, 20200, 153800, 36300, 92400, 53900, 72700, 114900, 10600, 334800, 59400, 37500, 53600, 6000, 17000, 148800, 42100, 81700, 68300, 64900, 186900, 192500, 134600, 18800, 11700, 49000]
T2 = [3600, 54100, 423200, 58000, 32100, 41500, 14800, 210300, 126600, 79800, 82100, 446700, 121200, 6200, 40200, 32300, 83900, 248900, 916900, 285200, 97600, 599300, 197300, 641300, 91600, 18600, 106200, 83300, 60400, 55800]

id 48
F = [20, 7, 2, 49, 7, 1, 11, 5, 3, 1, 11, 6, 4, 2, 13, 6, 1, 9, 10, 38, 1, 25, 3, 17, 13, 4, 9, 6, 22, 12]
F2 = [7, 51, 175, 31, 5, 138, 34, 179, 100, 6, 17, 175, 52, 41, 31, 218, 32, 42, 15, 147, 18, 4, 25, 28, 1, 130, 2, 5, 19, 38]
T = [114500, 72200, 20500, 402100, 44800, 23900, 43100, 51800, 33400, 12700, 64700, 58400, 50900, 12300, 73100, 40000, 22300, 85400, 37700, 240500, 15000, 146000, 18500, 124800, 136400, 41900, 129400, 41200, 117400, 62400]
T2 = [15200, 209300, 685200, 90700, 17600, 493100, 101600, 580800, 557900, 18900, 44400, 1817500, 202900, 110000, 74000, 656400, 82100, 94900, 32600, 385800, 43600, 50700, 94400, 112800, 7100, 363600, 7500, 12900, 49400, 96000]

id 49
F = [1, 18, 9, 21, 6, 6, 14, 15, 3, 7, 1, 5, 21, 49, 1, 2, 10, 11, 9, 1, 10, 13, 16, 22, 8, 18, 18, 25, 10, 3]
F2 = [16, 62, 47, 75, 33, 52, 8, 64, 94, 92, 163, 9, 6, 63, 2, 19, 47, 19, 11, 10, 1, 27, 34, 356, 51, 115, 12, 49, 75, 35]
T = [12900, 108700, 57100, 204500, 57500, 75200, 113600, 77800, 30200, 117100, 26400, 24500, 175500, 240400, 12400, 45400, 244100, 67500, 93500, 18800, 59700, 105700, 90900, 119800, 46900, 84500, 75600, 209500, 108200, 21800]
T2 = [50600, 130200, 89200, 326000, 98800, 175500, 29700, 231900, 263600, 413700, 548400, 26300, 15900, 268200, 6600, 75400, 314300, 69700, 39200, 44600, 2400, 105500, 117800, 1102000, 135000, 238600, 25500, 159400, 201000, 117300]

