id 0
F = [34, 5, 22, 4, 20, 10, 2, 11, 27, 34, 4, 10, 13, 4, 24, 12, 3, 4, 14, 14, 15, 1, 25, 14, 2, 7, 57, 58, 6, 3]
F2 = [62, 21, 53, 43, 102, 18, 54, 40, 61, 56, 68, 47, 64, 124, 41, 19, 26, 16, 10, 63, 10, 10, 76, 15, 24, 133, 138, 160, 25, 9]
T = [30183300, 1310300, 6380700, 1749100, 2518000, 428600, 164000, 508100, 1405100, 1593900, 153800, 565300, 438400, 164800, 974300, 714700, 306900, 309300, 405400, 812200, 725900, 57000, 801100, 1249000, 330200, 551500, 2890900, 3237600, 378800, 147800]
T2 = [8193000, 2555500, 14128600, 3031600, 2089300, 427500, 1421200, 771400, 1088900, 712800, 1358500, 1350000, 2976700, 2682000, 1017800, 368900, 835700, 443400, 165600, 1593300, 287500, 144500, 1000400, 361800, 837200, 7555900, 4731000, 5797100, 716900, 172600]

id 1
F = [2, 8, 4, 40, 1, 3, 8, 18, 1, 2, 4, 37, 3, 12, 12, 11, 21, 9, 2, 5, 11, 7, 17, 11, 70, 4, 18, 1, 19, 7]
F2 = [5, 55, 97, 110, 37, 5, 86, 8, 93, 9, 49, 35, 42, 11, 19, 54, 68, 27, 114, 19, 9, 179, 47, 90, 8, 3, 121, 73, 8, 41]
T = [99900, 531600, 151300, 1271200, 141900, 228200, 360800, 452400, 53500, 90100, 299200, 1144600, 82200, 545200, 352200, 261700, 782900, 310700, 70300, 179800, 330500, 207800, 400700, 334200, 1522700, 90900, 396200, 34100, 462000, 154600]
T2 = [92500, 1007800, 1590600, 1699200, 896400, 102300, 2185200, 91000, 1687300, 150800, 669400, 636300, 573900, 120900, 298100, 949000, 1468900, 311300, 1507000, 204400, 76600, 2300400, 390200, 1036000, 96700, 27200, 1297200, 820100, 58100, 432000]

id 2
F = [18, 2, 21, 27, 8, 5, 18, 8, 43, 5, 3, 18, 25, 3, 5, 1, 6, 1, 2, 21, 4, 7, 7, 8, 25, 1, 8, 5, 6, 1]
F2 = [9, 57, 31, 8, 14, 7, 235, 19, 45, 28, 62, 15, 86, 40, 49, 62, 53, 44, 135, 8, 19, 25, 33, 30, 10, 92, 151, 137, 69, 19]
T = [502300, 100400, 305100, 400400, 149300, 289200, 313700, 355500, 639400, 131300, 86000, 238700, 308200, 53700, 121900, 142300, 91100, 41200, 88400, 335400, 84200, 235700, 135300, 241100, 358700, 49400, 187600, 106400, 121700, 51400]
T2 = [140200, 385900, 244600, 35600, 103900, 105000, 1692700, 239500, 390900, 202700, 607000, 89200, 852200, 303100, 499200, 541600, 349500, 284100, 1182700, 47700, 153600, 343600, 215100, 232500, 139200, 1251000, 945700, 952900, 441300, 158300]

id 3
F = [18, 19, 4, 2, 18, 9, 17, 21, 2, 18, 16, 3, 20, 10, 13, 10, 6, 37, 5, 34, 5, 1, 3, 1, 6, 12, 1, 7, 4, 12]
F2 = [100, 103, 83, 30, 142, 78, 26, 51, 141, 168, 53, 36, 4, 40, 20, 6, 63, 4, 32, 69, 10, 30, 35, 111, 31, 182, 78, 136, 58, 30]
T = [454700, 332700, 101200, 81500, 236500, 108300, 337800, 292200, 36300, 304400, 243000, 123000, 271100, 159300, 147700, 163000, 84400, 712500, 157700, 587600, 250500, 28600, 152800, 42900, 103800, 228800, 49800, 128800, 90600, 305600]
T2 = [1085000, 808600, 919300, 216400, 798800, 455200, 221400, 286800, 906200, 908500, 294100, 307000, 29200, 271400, 205500, 61200, 486900, 44800, 246500, 349000, 164900, 260500, 471800, 778900, 261000, 1104300, 506700, 1027700, 539300, 278500]

id 4
F = [9, 3, 1, 17, 3, 3, 15, 5, 11, 4, 27, 13, 4, 2, 11, 12, 8, 4, 2, 2, 15, 31, 1, 12, 4, 31, 8, 3, 21, 4]
F2 = [142, 18, 48, 21, 39, 37, 38, 4, 6, 47, 3, 45, 80, 25, 11, 72, 21, 5, 32, 76, 59, 29, 23, 38, 50, 24, 25, 1, 40, 33]
T = [167700, 99500, 32100, 251200, 59900, 180300, 354000, 101500, 181800, 117000, 519100, 316700, 68900, 43900, 196100, 1021700, 186400, 135200, 43300, 60000, 222000, 846200, 95000, 966400, 91900, 354700, 112300, 76000, 298000, 104300]
T2 = [716800, 293100, 540500, 170500, 403100, 333100, 297500, 24100, 38000, 410300, 43700, 440200, 577300, 151500, 71600, 880100, 201900, 35300, 272800, 740100, 399200, 294500, 226300, 360000, 312800, 115100, 165100, 6700, 259100, 379700]

id 5
F = [5, 14, 8, 9, 1, 14, 7, 19, 4, 27, 5, 36, 45, 5, 11, 17, 17, 11, 10, 1, 1, 6, 17, 1, 38, 25, 17, 16, 24, 3]
F2 = [199, 59, 111, 43, 75, 51, 56, 10, 21, 55, 89, 7, 15, 38, 4, 5, 50, 107, 29, 16, 5, 12, 105, 142, 4, 31, 53, 9, 2, 9]
T = [209800, 232200, 210700, 154500, 29200, 221500, 145700, 419500, 97900, 372100, 97000, 483900, 801800, 142600, 205100, 333500, 1001200, 213500, 192900, 96600, 31000, 99200, 380400, 51600, 750700, 343200, 278300, 116500, 486100, 81700]
T2 = [2651900, 364600, 1101400, 382000, 513900, 480800, 599400, 90800, 151900, 347800, 661700, 29500, 107400, 219900, 22400, 28400, 639600, 837500, 329300, 137000, 38700, 132700, 930300, 1331900, 42600, 179000, 374200, 30700, 45400, 179900]

id 6
F = [15, 4, 21, 6, 7, 4, 5, 13, 6, 15, 9, 15, 23, 19, 25, 21, 24, 22, 18, 5, 7, 21, 24, 1, 13, 13, 6, 3, 17, 10]
F2 = [22, 73, 28, 67, 11, 27, 57, 53, 115, 32, 5, 4, 54, 135, 36, 98, 56, 13, 168, 148, 2, 8, 42, 129, 153, 2, 28, 13, 34, 9]
T = [252900, 37200, 199900, 96600, 112300, 114500, 44800, 107300, 95000, 175800, 136900, 150600, 297800, 248200, 288300, 171500, 344200, 295800, 149700, 118400, 152200, 288300, 355200, 26900, 265500, 320800, 117900, 50300, 299000, 157400]
T2 = [172200, 310000, 90600, 429600, 57500, 210700, 127900, 152800, 849900, 158300, 43300, 18700, 251300, 716100, 167500, 252600, 371100, 78600, 1147400, 1080600, 10000, 59500, 366700, 709400, 1438400, 24800, 240400, 101400, 236900, 66500]

id 7
F = [7, 13, 3, 2, 11, 13, 7, 19, 19, 2, 14, 8, 11, 13, 9, 15, 2, 29, 11, 7, 1, 5, 2, 6, 3, 13, 20, 2, 3, 35]
F2 = [20, 29, 28, 20, 118, 146, 1, 5, 28, 90, 2, 29, 129, 57, 12, 36, 81, 83, 5, 90, 367, 38, 40, 12, 57, 88, 6, 17, 46, 7]
T = [339700, 382500, 52100, 33600, 150700, 125700, 86100, 181300, 219900, 39400, 227300, 105100, 173700, 172400, 257700, 237800, 45500, 769100, 252800, 88000, 43100, 78800, 38000, 163700, 45700, 208600, 202100, 29300, 78000, 507900]
T2 = [225500, 456900, 228500, 199200, 699300, 832400, 7500, 23500, 138900, 446200, 12100, 142100, 885400, 399000, 154900, 273600, 516500, 1088500, 35600, 692600, 2531600, 219100, 208100, 136900, 305500, 469400, 27300, 132000, 362400, 32100]

id 8
F = [10, 7, 17, 4, 2, 13, 15, 4, 31, 4, 17, 7, 2, 3, 9, 18, 8, 1, 2, 1, 12, 27, 11, 8, 5, 1, 11, 4, 23, 10]
F2 = [10, 17, 20, 89, 17, 8, 5, 47, 18, 7, 7, 9, 46, 10, 15, 27, 69, 8, 9, 36, 201, 3, 13, 72, 17, 14, 32, 57, 125, 67]
T = [141900, 111300, 372100, 47200, 53100, 168600, 236000, 80200, 318500, 87500, 268000, 70600, 68900, 42200, 168400, 249600, 124500, 32300, 44500, 25900, 258000, 622000, 197400, 100100, 63600, 21700, 201600, 53000, 445000, 147600]
T2 = [51900, 102500, 143100, 502900, 87900, 85700, 82200, 297000, 123600, 46900, 40900, 59400, 287400, 85500, 84200, 189400, 508100, 45200, 69100, 280600, 1874800, 43900, 109700, 615200, 111400, 107800, 252400, 283100, 1060100, 483900]

id 9
F = [18, 2, 14, 1, 3, 11, 5, 6, 34, 6, 11, 3, 1, 40, 4, 3, 47, 10, 2, 25, 59, 41, 3, 20, 2, 37, 7, 46, 4, 2]
F2 = [69, 6, 129, 76, 35, 13, 18, 51, 53, 60, 78, 4, 15, 145, 11, 116, 50, 37, 192, 31, 74, 22, 63, 55, 21, 17, 87, 25, 89, 74]
T = [353200, 58700, 191800, 24900, 48800, 159300, 63100, 124800, 353300, 40800, 81300, 44900, 45600, 413300, 58200, 30300, 394800, 65800, 29600, 176300, 866300, 490600, 124200, 332700, 45200, 567900, 153300, 480800, 80100, 30800]
T2 = [534700, 46700, 989900, 727400, 208300, 61700, 88500, 316000, 197600, 243500, 452100, 15100, 62600, 696700, 88800, 478800, 215200, 119500, 899900, 91800, 447900, 111500, 523600, 326400, 145700, 97800, 486500, 102300, 533600, 425600]

id 10
F = [3, 2, 2, 6, 21, 2, 17, 2, 12, 3, 7, 17, 6, 3, 4, 79, 11, 44, 3, 7, 2, 1, 5, 1, 8, 4, 1, 7, 8, 2]
F2 = [84, 4, 84, 5, 8, 24, 21, 59, 18, 40, 77, 4, 78, 11, 28, 9, 36, 18, 8, 19, 10, 23, 82, 2, 188, 14, 44, 10, 149, 34]
T = [129700, 62000, 34100, 109000, 842300, 31700, 314500, 27100, 188600, 41700, 73600, 178200, 93900, 48100, 42000, 1105700, 112700, 533800, 147200, 70300, 45600, 20800, 70500, 36200, 176000, 70300, 28900, 149400, 228800, 34800]
T2 = [991800, 38000, 573900, 21700, 62000, 127900, 153500, 378900, 124200, 199900, 446200, 25000, 455100, 60600, 128700, 63200, 162400, 91100, 49900, 94100, 116900, 151700, 468000, 18700, 1323100, 111100, 405400, 100000, 1511100, 163900]

id 11
F = [12, 19, 15, 30, 12, 11, 3, 14, 1, 9, 13, 13, 17, 19, 2, 2, 6, 14, 1, 1, 8, 19, 1, 1, 20, 11, 8, 16, 16, 9]
F2 = [23, 77, 58, 16, 34, 98, 9, 25, 4, 106, 124, 16, 140, 4, 56, 7, 6, 47, 109, 34, 105, 54, 6, 85, 10, 63, 47, 44, 55, 18]
T = [113900, 309400, 327900, 669500, 378200, 127600, 58500, 170700, 21100, 117000, 262700, 253300, 169900, 265600, 29700, 22100, 101200, 250900, 31800, 26800, 103800, 365000, 36400, 36900, 251900, 293400, 193500, 126200, 171600, 79900]
T2 = [182800, 474000, 335000, 266600, 452200, 529200, 46500, 159000, 22700, 646300, 831800, 184600, 679700, 34700, 321100, 34300, 25500, 273300, 892000, 398600, 1266800, 477400, 118300, 620700, 38700, 533300, 405100, 256000, 281900, 99400]

id 12
F = [30, 1, 3, 6, 4, 2, 7, 23, 2, 1, 10, 28, 1, 6, 2, 21, 2, 15, 44, 32, 10, 10, 28, 2, 1, 3, 8, 4, 2, 13]
F2 = [128, 18, 11, 124, 74, 40, 189, 65, 44, 89, 11, 19, 132, 36, 93, 441, 191, 24, 64, 57, 42, 97, 110, 101, 19, 9, 40, 10, 26, 51]
T = [1577800, 21600, 37500, 83500, 63900, 67500, 68600, 368000, 39800, 52200, 134300, 271000, 16600, 96000, 32200, 221000, 19900, 135900, 1007600, 429500, 195500, 114900, 386700, 91000, 24100, 63700, 128500, 53900, 16900, 196900]
T2 = [1547900, 187000, 53300, 792200, 420800, 169600, 1016700, 573600, 249900, 1125800, 60400, 130800, 623600, 241600, 851900, 2444300, 1069200, 132600, 885800, 687600, 208600, 758700, 516000, 1053300, 133300, 58300, 224300, 71200, 152300, 380400]

id 13
F = [36, 2, 5, 3, 9, 14, 4, 1, 25, 11, 58, 13, 6, 20, 8, 17, 59, 28, 26, 16, 3, 57, 1, 4, 15, 8, 16, 19, 13, 5]
F2 = [3, 73, 46, 17, 7, 42, 17, 13, 9, 92, 34, 47, 4, 26, 4, 65, 5, 15, 14, 31, 44, 23, 16, 42, 13, 45, 40, 33, 4, 1]
T = [488800, 35300, 44500, 29300, 110600, 155800, 57900, 27200, 357200, 125400, 874500, 437700, 66900, 320300, 80800, 227200, 973900, 336800, 610800, 146100, 29400, 638300, 16400, 94200, 370500, 138600, 155400, 206400, 128700, 201000]
T2 = [15100, 655400, 225700, 145100, 34000, 182300, 124700, 94300, 50500, 462500, 149900, 382700, 18400, 193600, 18100, 360900, 105100, 80000, 122100, 162800, 304700, 106700, 66800, 184100, 89500, 252500, 197300, 194300, 19600, 13500]

id 14
F = [4, 6, 14, 3, 20, 19, 12, 12, 40, 2, 2, 6, 15, 9, 1, 11, 12, 1, 1, 1, 2, 1, 2, 22, 17, 9, 2, 5, 7, 6]
F2 = [38, 122, 125, 5, 64, 3, 102, 14, 29, 23, 86, 12, 11, 7, 3, 11, 1, 138, 25, 7, 54, 30, 142, 26, 10, 39, 67, 25, 21, 1]
T = [88400, 56900, 210000, 34000, 277200, 304200, 172300, 378400, 431700, 40100, 33900, 61700, 247600, 93700, 21500, 122900, 154800, 16200, 20700, 19900, 43900, 27200, 26200, 255400, 267300, 168900, 37300, 90400, 65200, 85800]
T2 = [391500, 1100000, 756900, 33600, 344100, 16300, 506000, 106900, 143900, 127100, 532400, 105900, 69600, 40500, 13200, 50900, 10300, 806800, 187800, 78500, 306300, 254800, 785900, 118000, 90300, 399800, 540400, 166700, 126400, 10700]

id 15
F = [2, 22, 4, 6, 12, 57, 13, 1, 16, 21, 11, 12, 22, 6, 15, 6, 7, 13, 26, 15, 46, 11, 10, 16, 12, 2, 1, 39, 18, 3]
F2 = [269, 45, 45, 36, 73, 52, 100, 23, 20, 6, 31, 61, 108, 150, 22, 20, 19, 5, 79, 9, 25, 135, 7, 9, 8, 50, 30, 28, 4, 19]
T = [73600, 325600, 42200, 85700, 210600, 465700, 79700, 22100, 176700, 182000, 81400, 142600, 229800, 76900, 121800, 68600, 72200, 140100, 210100, 151200, 383300, 109900, 96300, 251000, 108100, 18100, 13300, 379500, 150300, 59000]
T2 = [1535000, 354300, 233200, 160900, 445300, 233000, 392100, 114600, 132500, 29500, 124900, 309500, 456200, 650700, 102500, 93200, 101800, 18000, 436400, 30200, 102000, 674800, 32100, 31100, 33400, 199100, 118700, 110900, 17500, 71900]

id 16
F = [58, 2, 1, 23, 2, 5, 30, 20, 7, 16, 65, 2, 9, 2, 36, 1, 20, 26, 2, 14, 11, 15, 32, 5, 1, 3, 1, 33, 13, 1]
F2 = [20, 167, 57, 21, 68, 21, 111, 54, 87, 25, 25, 89, 2, 50, 7, 49, 43, 9, 159, 131, 16, 75, 111, 37, 1, 52, 39, 20, 122, 121]
T = [906600, 30100, 10400, 287000, 21600, 52000, 428800, 178600, 133900, 180300, 679500, 77100, 79700, 29300, 317800, 22200, 275300, 390300, 37800, 203000, 170200, 165000, 521500, 70500, 24000, 37200, 20600, 369400, 249600, 53300]
T2 = [109500, 797400, 338300, 148100, 408200, 109300, 604600, 318100, 574100, 114100, 95200, 499800, 11000, 309900, 40700, 352600, 212400, 67200, 1221300, 791400, 108100, 595500, 930800, 235800, 9400, 475700, 278600, 110200, 821000, 878700]

id 17
F = [5, 38, 23, 1, 7, 12, 34, 4, 8, 7, 8, 8, 6, 50, 5, 10, 22, 56, 19, 5, 3, 7, 5, 9, 5, 1, 30, 12, 8, 9]
F2 = [56, 15, 48, 18, 15, 104, 33, 32, 6, 36, 48, 45, 2, 26, 2, 76, 40, 8, 8, 2, 79, 79, 1, 11, 151, 3, 33, 27, 57, 100]
T = [56800, 659900, 492600, 40100, 539400, 121500, 260000, 42000, 71200, 101400, 115100, 73400, 66300, 433500, 208700, 131000, 270700, 647100, 229300, 68000, 37400, 70900, 50500, 104100, 137700, 16800, 459100, 175700, 133700, 81900]
T2 = [320000, 82200, 254000, 118200, 162100, 695000, 204900, 155300, 27600, 242200, 367800, 389000, 10900, 209900, 10900, 387100, 235600, 35100, 34300, 11300, 476700, 406800, 7000, 55400, 811200, 21700, 224600, 276100, 338700, 541800]

id 18
F = [3, 1, 11, 10, 10, 9, 3, 4, 9, 12, 33, 1, 12, 32, 40, 2, 9, 11, 24, 50, 1, 13, 2, 13, 1, 31, 13, 7, 28, 44]
F2 = [33, 7, 67, 60, 10, 31, 61, 34, 4, 16, 27, 36, 49, 127, 34, 13, 30, 15, 123, 5, 33, 99, 7, 4, 4, 1, 3, 44, 118, 17]
T = [39500, 53100, 2068800, 275700, 189500, 134200, 81000, 75100, 99900, 115100, 432400, 25000, 99800, 487100, 528000, 32500, 101000, 80000, 287700, 671500, 22900, 251400, 39600, 165700, 25800, 439300, 214300, 85200, 406100, 501900]
T2 = [210300, 56800, 416500, 425500, 62100, 262400, 468900, 144300, 22100, 150400, 208500, 268100, 222100, 933500, 207300, 62500, 224500, 57200, 930900, 101700, 219900, 500500, 67600, 32900, 21600, 8000, 31600, 254200, 675200, 88700]

id 19
F = [14, 7, 24, 2, 34, 18, 11, 4, 1, 10, 8, 8, 12, 1, 1, 12, 21, 4, 9, 1, 21, 14, 7, 10, 3, 3, 10, 16, 56, 37]
F2 = [20, 11, 14, 39, 25, 37, 92, 1, 51, 5, 109, 2, 18, 62, 13, 13, 23, 54, 65, 3, 16, 3, 18, 126, 10, 66, 16, 112, 77, 2]
T = [175500, 158000, 332900, 25200, 660200, 262100, 229600, 46100, 20500, 153900, 126700, 132200, 142800, 20000, 41000, 133900, 459100, 38000, 89200, 19600, 237800, 183500, 93600, 126000, 88900, 50200, 124200, 265100, 644300, 312800]
T2 = [103200, 99000, 89400, 208500, 155000, 257000, 1240600, 4600, 310800, 27500, 685900, 14800, 117700, 350300, 98100, 85200, 160800, 358900, 488500, 17800, 88200, 16500, 160200, 655000, 63900, 450100, 139300, 727000, 640300, 10800]

id 20
F = [1, 2, 3, 14, 9, 35, 14, 29, 1, 28, 2, 1, 12, 2, 25, 8, 23, 2, 6, 3, 1, 29, 18, 6, 2, 10, 19, 12, 4, 9]
F2 = [9, 48, 12, 22, 72, 19, 25, 11, 50, 23, 14, 55, 143, 56, 5, 126, 34, 22, 56, 145, 50, 190, 10, 43, 33, 3, 7, 26, 39, 36]
T = [21300, 32500, 42800, 194500, 128300, 373900, 126300, 482400, 23000, 523000, 27200, 10900, 145000, 28900, 363900, 87500, 332600, 41800, 102900, 31100, 31700, 242200, 179600, 106800, 19700, 122400, 237400, 152200, 68800, 82300]
T2 = [124000, 262100, 148400, 162800, 384500, 87900, 154400, 44600, 317100, 202200, 148800, 327100, 810300, 421700, 22900, 747900, 168300, 91400, 321500, 726700, 267000, 1105200, 76300, 291800, 150400, 26500, 69600, 117000, 315300, 259800]

id 21
F = [26, 30, 10, 8, 37, 1, 15, 26, 3, 2, 12, 22, 13, 1, 7, 2, 12, 9, 5, 3, 1, 4, 50, 1, 44, 3, 1, 7, 1, 4]
F2 = [38, 7, 33, 67, 307, 3, 20, 134, 137, 35, 163, 45, 75, 4, 6, 96, 49, 56, 12, 38, 4, 48, 199, 75, 31, 39, 3, 9, 38, 15]
T = [376100, 367700, 112000, 138100, 443200, 20900, 198600, 573100, 63100, 25900, 292500, 233400, 199600, 23500, 66900, 31100, 217800, 102200, 44500, 49300, 13400, 55600, 540600, 15700, 616300, 37600, 26100, 71100, 23100, 75400]
T2 = [260900, 31300, 190800, 390200, 1650300, 33000, 127600, 1316700, 872300, 281700, 1007000, 251800, 493500, 77300, 28400, 629600, 333700, 320900, 66300, 256400, 23300, 263400, 1071300, 351400, 141900, 209600, 17400, 64600, 261000, 154500]

id 22
F = [5, 28, 1, 1, 24, 37, 33, 14, 8, 28, 10, 48, 20, 6, 37, 5, 13, 13, 7, 5, 11, 24, 12, 16, 18, 2, 14, 11, 3, 10]
F2 = [12, 84, 63, 4, 38, 43, 5, 88, 33, 56, 26, 21, 86, 28, 30, 54, 43, 169, 108, 38, 15, 174, 22, 34, 24, 29, 25, 50, 28, 72]
T = [122600, 415800, 22300, 37200, 363100, 588900, 430800, 257900, 115600, 255100, 90200, 651900, 267700, 84100, 450200, 48900, 192400, 161600, 69800, 81500, 95000, 220800, 138500, 374100, 179300, 52900, 219700, 94300, 86300, 96000]
T2 = [60200, 728800, 362400, 77200, 313700, 216600, 21400, 585900, 171100, 376300, 132400, 96800, 430100, 280100, 159700, 312900, 314800, 942600, 489200, 219100, 109900, 961300, 94200, 261800, 181000, 215300, 199700, 288500, 383600, 447600]

id 23
F = [4, 6, 2, 11, 10, 9, 31, 6, 5, 14, 16, 24, 22, 8, 17, 6, 8, 19, 18, 22, 15, 7, 5, 30, 30, 39, 6, 5, 2, 1]
F2 = [33, 62, 15, 1, 114, 128, 54, 80, 89, 41, 24, 2, 188, 33, 152, 21, 22, 2, 4, 102, 18, 53, 6, 10, 54, 18, 66, 52, 6, 47]
T = [77400, 63300, 46600, 121300, 160800, 262400, 458600, 71600, 67000, 150800, 185500, 245100, 208500, 65800, 242000, 73400, 168400, 212600, 261600, 248400, 216700, 60900, 48500, 384100, 345400, 658900, 145200, 95200, 37100, 20400]
T2 = [171400, 393000, 113200, 12000, 623000, 812800, 326800, 457700, 624700, 292900, 158100, 11300, 1113100, 200900, 903600, 147500, 109500, 11100, 22700, 607600, 144800, 396200, 47100, 112200, 288900, 132500, 395700, 271900, 43700, 265100]

id 24
F = [3, 2, 5, 10, 1, 11, 2, 11, 21, 19, 17, 3, 55, 2, 35, 24, 1, 48, 1, 12, 12, 8, 2, 2, 2, 11, 8, 8, 5, 1]
F2 = [114, 29, 51, 1, 35, 29, 15, 86, 59, 20, 90, 70, 61, 25, 11, 22, 10, 30, 54, 4, 63, 118, 4, 19, 92, 25, 44, 10, 145, 21]
T = [52500, 36500, 88300, 94800, 26000, 199700, 47400, 171600, 216800, 332200, 233500, 76600, 674800, 28100, 404000, 279600, 26300, 532000, 18200, 130100, 147500, 141700, 25500, 58700, 21800, 113000, 85800, 108100, 95900, 32800]
T2 = [884300, 136700, 287400, 6900, 249600, 342500, 80000, 537900, 319700, 120800, 434000, 426800, 373900, 109900, 56900, 144000, 116600, 150200, 376600, 18400, 390700, 651300, 21500, 86100, 489100, 151900, 343200, 70100, 1300100, 242200]

id 25
F = [4, 5, 46, 19, 15, 8, 11, 9, 44, 32, 2, 26, 6, 6, 2, 2, 25, 3, 8, 15, 11, 8, 13, 8, 27, 6, 54, 19, 17, 10]
F2 = [80, 66, 33, 17, 24, 63, 199, 61, 95, 10, 27, 3, 77, 36, 184, 26, 148, 23, 95, 22, 65, 2, 23, 70, 19, 141, 17, 10, 72, 18]
T = [83400, 60800, 543800, 367300, 259300, 78600, 165700, 118900, 493100, 304400, 32600, 244900, 100600, 136200, 37700, 39200, 328100, 48700, 167800, 313300, 137400, 120100, 271500, 139300, 354900, 190500, 783500, 372300, 304900, 202200]
T2 = [454000, 483900, 261400, 86600, 133200, 477500, 1150800, 372800, 556700, 40900, 158700, 19300, 610400, 224500, 1708800, 159700, 736600, 206400, 878000, 195300, 417100, 17300, 191900, 654500, 154700, 1127000, 138300, 82000, 484500, 141300]

id 26
F = [7, 5, 8, 11, 7, 2, 2, 37, 4, 5, 10, 1, 5, 4, 8, 7, 4, 8, 21, 2, 14, 19, 1, 22, 5, 3, 14, 9, 10, 14]
F2 = [128, 9, 62, 205, 15, 8, 87, 19, 15, 18, 182, 23, 35, 37, 3, 38, 112, 93, 3, 65, 168, 60, 22, 38, 17, 24, 38, 37, 21, 39]
T = [119600, 55200, 77000, 137900, 90500, 31600, 22800, 457300, 36700, 155600, 111800, 23400, 46000, 36100, 82200, 93300, 99600, 67600, 235500, 43400, 220300, 262400, 11000, 225300, 81600, 45400, 253400, 121600, 161600, 153900]
T2 = [699300, 53200, 398200, 1438400, 133100, 37500, 448200, 123700, 80800, 89500, 1031700, 153700, 166800, 292200, 13900, 248400, 615000, 477900, 16300, 586500, 1216200, 362300, 107700, 243400, 82200, 130500, 268800, 190700, 103000, 276000]

id 27
F = [67, 3, 3, 57, 4, 13, 37, 25, 6, 6, 3, 6, 3, 5, 8, 7, 11, 21, 2, 25, 11, 2, 13, 6, 2, 5, 30, 12, 24, 4]
F2 = [54, 42, 104, 11, 48, 8, 8, 54, 24, 72, 68, 9, 89, 36, 4, 35, 14, 67, 24, 4, 110, 13, 55, 90, 29, 5, 39, 52, 35, 12]
T = [921000, 54800, 49500, 694600, 109500, 182900, 578200, 358800, 81800, 104800, 96100, 71600, 37700, 74600, 146100, 132700, 163700, 209200, 28600, 236600, 127700, 40500, 142900, 130200, 41600, 61600, 440700, 122300, 376400, 54600]
T2 = [340500, 429400, 592800, 66600, 390200, 54800, 80400, 357800, 158000, 530900, 335800, 95700, 519800, 233000, 18700, 306600, 111600, 350200, 115700, 19100, 658900, 85500, 418800, 585500, 185200, 27300, 325800, 302000, 229100, 48600]

id 28
F = [24, 12, 6, 19, 40, 3, 4, 38, 48, 8, 7, 38, 8, 24, 5, 10, 1, 37, 1, 19, 10, 16, 11, 21, 1, 30, 37, 5, 7, 9]
F2 = [4, 35, 28, 89, 46, 49, 22, 44, 21, 13, 74, 36, 48, 4, 26, 8, 1, 252, 49, 3, 3, 6, 1, 126, 7, 18, 25, 7, 59, 39]
T = [459900, 176700, 83200, 283700, 412800, 38100, 54700, 547500, 477500, 75700, 86300, 499200, 162400, 250600, 75400, 135300, 18000, 486700, 25800, 308600, 128900, 186400, 234700, 267000, 26300, 529500, 487900, 88600, 439600, 126500]
T2 = [50400, 281400, 219800, 754500, 194800, 316900, 155100, 325900, 92800, 111700, 476000, 1677600, 345200, 18500, 133300, 34600, 8400, 1905500, 281000, 15500, 15800, 31400, 7600, 699600, 86400, 94200, 139700, 39200, 688400, 232700]

id 29
F = [28, 6, 26, 3, 1, 9, 16, 3, 14, 8, 16, 1, 8, 6, 6, 5, 6, 14, 3, 4, 5, 44, 1, 16, 18, 22, 3, 7, 28, 2]
F2 = [20, 67, 49, 1, 87, 57, 28, 47, 64, 10, 5, 61, 9, 132, 61, 43, 1, 35, 66, 82, 80, 58, 12, 1, 112, 99, 26, 39, 36, 45]
T = [604500, 128700, 249900, 88100, 22900, 112900, 265900, 41000, 181800, 273800, 283500, 20000, 77900, 111900, 97600, 70400, 167100, 303000, 36800, 138600, 61200, 740700, 23100, 178000, 524000, 317900, 90000, 94100, 399400, 79800]
T2 = [101300, 545500, 475400, 11900, 541100, 433000, 206200, 316500, 311200, 62700, 32500, 359600, 58300, 760700, 425600, 287200, 7400, 241800, 353400, 619800, 637600, 615700, 63600, 7600, 757400, 718900, 190800, 172800, 295700, 210400]

id 30
F = [8, 3, 11, 7, 58, 47, 7, 27, 16, 13, 11, 16, 8, 22, 15, 1, 1, 24, 27, 17, 18, 2, 3, 12, 4, 2, 1, 5, 10, 23]
F2 = [17, 1, 23, 14, 80, 30, 39, 192, 47, 16, 54, 29, 16, 64, 107, 47, 21, 266, 38, 34, 51, 67, 115, 5, 89, 71, 105, 38, 128, 16]
T = [284700, 46600, 440500, 196200, 864300, 722800, 113400, 392200, 155100, 280500, 162200, 243000, 117900, 192700, 230700, 16900, 34200, 343800, 311500, 267600, 331600, 32100, 113700, 111600, 55600, 40300, 20000, 72700, 146700, 356300]
T2 = [203200, 10400, 182300, 111400, 876900, 253400, 240200, 1372600, 451100, 158300, 379200, 250300, 109200, 359600, 662600, 354800, 261600, 1535300, 219400, 150100, 308300, 304200, 926400, 24100, 558900, 416600, 642300, 225900, 1005400, 141500]

id 31
F = [4, 1, 7, 3, 4, 23, 2, 1, 34, 9, 6, 15, 7, 17, 14, 28, 1, 4, 2, 7, 1, 4, 2, 2, 5, 2, 14, 16, 20, 1]
F2 = [66, 29, 20, 22, 23, 28, 21, 1, 49, 20, 63, 27, 41, 36, 68, 11, 35, 15, 156, 16, 130, 38, 52, 18, 7, 31, 49, 4, 97, 70]
T = [219800, 33000, 123400, 54100, 88300, 298500, 33700, 16700, 422000, 84400, 97800, 214800, 65900, 208600, 169500, 449500, 19200, 37500, 33300, 56200, 23600, 42400, 27500, 41000, 50300, 50100, 164700, 132000, 287300, 30500]
T2 = [469400, 305600, 115400, 231000, 214200, 155700, 98500, 7900, 337100, 159200, 368400, 139500, 203000, 237900, 468000, 70300, 200800, 89100, 974000, 75500, 903500, 306400, 261200, 116400, 42400, 180400, 324800, 19400, 617800, 430200]

id 32
F = [12, 20, 15, 1, 11, 12, 4, 40, 24, 5, 3, 39, 7, 15, 2, 9, 3, 6, 14, 17, 1, 1, 1, 4, 7, 21, 4, 17, 49, 13]
F2 = [2, 7, 51, 145, 25, 67, 56, 60, 100, 52, 55, 12, 96, 12, 29, 26, 47, 9, 116, 36, 69, 8, 20, 25, 56, 20, 2, 52, 157, 103]
T = [168100, 273700, 338000, 25900, 132900, 156200, 49100, 452400, 288200, 44500, 35300, 322100, 75600, 175800, 22400, 167100, 37200, 100500, 182300, 171800, 23600, 22600, 42100, 53600, 113700, 269600, 44900, 307200, 611800, 253400]
T2 = [13600, 59200, 302300, 986000, 166900, 331400, 313400, 289800, 612800, 333500, 2089500, 67800, 495800, 53400, 146900, 178600, 314600, 50700, 1033300, 221600, 472900, 74400, 148300, 195700, 383900, 174400, 14300, 336600, 891600, 775600]

id 33
F = [4, 17, 9, 38, 23, 14, 3, 5, 32, 19, 3, 8, 1, 2, 12, 25, 2, 12, 3, 25, 35, 7, 33, 15, 15, 1, 8, 7, 10, 13]
F2 = [26, 9, 51, 59, 10, 170, 13, 98, 5, 14, 15, 7, 10, 24, 64, 47, 51, 16, 94, 10, 41, 108, 55, 113, 10, 34, 31, 15, 33, 38]
T = [52400, 273900, 80500, 575100, 259000, 189800, 53300, 60900, 422400, 289400, 43300, 65500, 11300, 64000, 289100, 236900, 54100, 116100, 56200, 244000, 366900, 66000, 450300, 138800, 209100, 29700, 145000, 69600, 139700, 142100]
T2 = [127900, 67900, 268900, 413500, 58100, 1038600, 67200, 570100, 23000, 89100, 94300, 29900, 48300, 229600, 402600, 258400, 263500, 82700, 516700, 68800, 215100, 659800, 263800, 760900, 74500, 239900, 280500, 72800, 344500, 263900]

id 34
F = [9, 1, 4, 1, 1, 21, 15, 11, 32, 12, 22, 12, 8, 5, 1, 1, 6, 11, 41, 1, 7, 7, 41, 9, 6, 1, 12, 1, 10, 5]
F2 = [111, 28, 112, 94, 75, 160, 9, 2, 4, 31, 102, 20, 4, 97, 63, 272, 133, 48, 25, 99, 31, 13, 50, 34, 45, 7, 11, 27, 17, 19]
T = [130100, 19000, 44100, 34500, 22700, 207000, 187700, 110900, 432700, 186100, 250300, 182300, 114200, 56700, 21800, 22100, 65200, 130100, 486800, 13600, 51600, 110800, 522300, 73700, 67900, 19200, 192300, 17900, 124300, 123300]
T2 = [650500, 195300, 651800, 604700, 410400, 1124900, 47500, 18700, 23300, 183000, 465900, 97400, 21100, 558400, 482800, 1533300, 913000, 370400, 114900, 496000, 201200, 85300, 270300, 154600, 244100, 36800, 64200, 166500, 140900, 134000]

id 35
F = [1, 5, 13, 32, 6, 1, 6, 9, 8, 12, 14, 8, 32, 8, 21, 1, 38, 16, 1, 3, 8, 12, 15, 13, 1, 13, 15, 12, 32, 12]
F2 = [116, 87, 56, 9, 92, 144, 54, 59, 205, 81, 69, 42, 78, 29, 3, 24, 18, 79, 2, 59, 15, 23, 128, 5, 25, 30, 86, 8, 38, 2]
T = [21700, 155600, 124800, 447800, 93300, 22200, 60800, 78700, 91300, 121100, 172200, 93600, 373200, 159300, 301700, 19400, 848000, 212100, 26500, 42500, 128400, 317000, 248400, 216300, 26000, 224600, 273000, 306500, 445800, 910300]
T2 = [535200, 623300, 328700, 37100, 634700, 897400, 352000, 326000, 1669100, 445700, 368800, 362900, 410800, 201900, 15100, 131600, 121600, 586000, 26700, 288300, 163300, 153000, 791000, 29900, 137700, 222500, 612800, 65800, 339800, 22700]

id 36
F = [3, 19, 25, 3, 11, 1, 10, 3, 1, 15, 1, 14, 2, 9, 2, 5, 13, 28, 2, 20, 9, 2, 3, 4, 30, 33, 9, 5, 1, 13]
F2 = [58, 38, 13, 37, 1, 27, 33, 15, 8, 156, 12, 70, 9, 123, 81, 38, 55, 16, 48, 4, 29, 2, 10, 103, 9, 80, 146, 14, 6, 166]
T = [41300, 256800, 318300, 33300, 158300, 27300, 96700, 66700, 17100, 181700, 24400, 191100, 43500, 88500, 28800, 108400, 138200, 277800, 56300, 274900, 97900, 54100, 121600, 48400, 353800, 522300, 128400, 46200, 16900, 171200]
T2 = [348500, 246500, 83000, 177400, 9500, 264700, 190000, 82000, 48400, 835500, 97200, 414300, 41700, 636900, 493400, 231800, 384400, 100600, 554600, 34000, 363400, 39700, 89200, 589900, 40500, 502200, 798600, 76700, 34300, 1669000]

id 37
F = [9, 14, 17, 9, 30, 5, 34, 10, 9, 8, 59, 25, 27, 8, 10, 25, 2, 42, 10, 5, 5, 56, 5, 9, 4, 17, 17, 1, 14, 5]
F2 = [29, 55, 86, 35, 47, 5, 43, 84, 13, 3, 8, 67, 32, 20, 62, 16, 9, 41, 18, 99, 65, 1, 139, 63, 8, 109, 76, 46, 15, 69]
T = [116300, 205600, 217200, 133500, 398500, 52700, 459000, 154400, 140900, 100100, 999000, 424100, 335100, 125400, 144200, 492100, 54400, 2116100, 89800, 42300, 111300, 1606300, 81300, 208100, 56200, 214000, 339900, 30400, 135000, 87300]
T2 = [216700, 506000, 784000, 227100, 266300, 23100, 440200, 398000, 98800, 15800, 55400, 449800, 226900, 145700, 417300, 79100, 85600, 225300, 102600, 658400, 525900, 12600, 1031600, 681500, 61400, 1262200, 529300, 314200, 82800, 579300]

id 38
F = [1, 50, 3, 43, 4, 5, 3, 14, 1, 8, 5, 6, 11, 1, 1, 18, 17, 4, 7, 24, 51, 1, 27, 4, 1, 3, 8, 1, 9, 7]
F2 = [4, 5, 18, 43, 40, 193, 34, 9, 82, 10, 2, 67, 18, 38, 34, 90, 39, 7, 73, 15, 49, 78, 54, 28, 34, 82, 132, 19, 6, 32]
T = [25800, 669900, 103200, 576400, 58500, 105200, 44300, 237600, 19100, 101300, 51400, 144300, 219800, 45100, 20300, 194700, 237100, 77700, 55800, 303700, 546400, 20000, 345500, 63500, 25700, 57600, 131000, 29200, 128300, 76800]
T2 = [65500, 39900, 78400, 233700, 401100, 1539500, 177000, 49500, 534100, 50300, 11200, 359600, 134300, 345000, 205500, 582900, 294800, 52800, 553200, 83800, 283700, 503200, 288500, 307700, 285100, 620900, 962400, 135900, 41000, 260600]

id 39
F = [6, 15, 4, 8, 5, 45, 5, 5, 4, 34, 2, 3, 4, 2, 3, 4, 3, 3, 15, 2, 4, 5, 39, 22, 2, 1, 7, 8, 8, 29]
F2 = [4, 49, 53, 23, 131, 72, 20, 3, 4, 72, 67, 7, 27, 15, 63, 73, 76, 2, 33, 164, 2, 112, 9, 35, 55, 21, 40, 117, 14, 14]
T = [109900, 186000, 70100, 198100, 65900, 450300, 87200, 57200, 84500, 495200, 27200, 46500, 55800, 31000, 36600, 46300, 32900, 40300, 266800, 30800, 68300, 86300, 534000, 259100, 32700, 45500, 96500, 138800, 138100, 483600]
T2 = [27700, 371200, 382800, 185300, 824700, 406900, 145800, 15000, 22100, 425700, 520600, 32100, 134400, 73500, 422700, 475700, 388900, 12500, 234300, 880900, 11300, 656100, 56400, 253800, 331300, 132300, 210500, 808200, 107900, 71500]

id 40
F = [1, 43, 20, 16, 26, 50, 8, 14, 4, 15, 16, 7, 15, 23, 10, 1, 21, 52, 1, 3, 17, 6, 3, 12, 29, 21, 39, 10, 3, 9]
F2 = [4, 37, 33, 99, 42, 60, 4, 153, 12, 173, 144, 88, 260, 12, 24, 67, 5, 33, 27, 41, 27, 4, 55, 12, 13, 35, 13, 95, 39, 63]
T = [21100, 619100, 222100, 391900, 272400, 540000, 93900, 233700, 61400, 161900, 243000, 65100, 155600, 429900, 160800, 20100, 214300, 567100, 20500, 101400, 152900, 69800, 36200, 221600, 555500, 307400, 846900, 104600, 52900, 121000]
T2 = [27000, 222100, 179200, 537000, 244300, 362400, 31200, 920500, 63100, 976200, 790200, 537600, 1914700, 126400, 111300, 516500, 21600, 148900, 158800, 309400, 164200, 19300, 270900, 101100, 83200, 207400, 55700, 703100, 209000, 551600]

id 41
F = [4, 7, 34, 2, 13, 14, 20, 7, 6, 10, 53, 2, 2, 13, 11, 8, 11, 4, 13, 23, 3, 4, 9, 5, 6, 8, 11, 1, 5, 3]
F2 = [1, 65, 19, 5, 9, 35, 44, 120, 11, 42, 9, 36, 56, 7, 10, 157, 134, 60, 46, 6, 40, 71, 88, 72, 90, 56, 5, 80, 4, 59]
T = [70600, 87200, 398600, 41200, 238800, 280900, 231800, 83000, 86000, 236300, 602900, 25300, 52700, 169300, 103000, 108500, 118300, 59500, 178100, 434600, 38400, 43400, 108100, 56800, 97800, 77300, 168600, 21300, 120600, 99000]
T2 = [7600, 324400, 105400, 34000, 48500, 187300, 215500, 648700, 71000, 317000, 37300, 156100, 462700, 38900, 67900, 830900, 735500, 309700, 262300, 52000, 225300, 358600, 519000, 381900, 554900, 453100, 27200, 424200, 27800, 562500]

id 42
F = [5, 3, 24, 21, 11, 11, 3, 2, 1, 8, 3, 12, 5, 7, 9, 10, 1, 20, 11, 1, 4, 15, 11, 19, 11, 4, 4, 11, 1, 4]
F2 = [34, 81, 204, 3, 10, 9, 28, 90, 21, 153, 27, 82, 105, 18, 10, 134, 8, 36, 31, 126, 33, 3, 39, 81, 19, 62, 77, 19, 22, 126]
T = [64700, 48900, 598100, 462000, 157900, 184500, 45200, 48300, 21200, 77400, 34900, 140000, 90000, 112200, 138500, 257400, 32700, 311000, 141000, 22900, 114200, 237700, 245500, 314900, 145100, 58900, 48500, 243900, 25900, 76900]
T2 = [256200, 634900, 1507600, 21700, 63000, 147600, 137700, 452600, 233400, 1268300, 125400, 522300, 1421100, 89600, 86000, 1346800, 91300, 335100, 147200, 4214000, 208700, 25200, 239900, 580900, 148800, 699400, 431900, 106700, 162500, 832300]

id 43
F = [15, 9, 2, 2, 25, 1, 55, 27, 6, 44, 2, 4, 20, 12, 3, 9, 41, 14, 10, 16, 18, 7, 14, 1, 48, 4, 13, 4, 7, 34]
F2 = [51, 12, 46, 9, 117, 2, 19, 234, 45, 89, 225, 55, 68, 30, 3, 11, 31, 155, 47, 5, 56, 2, 30, 141, 29, 7, 75, 10, 7, 306]
T = [256000, 148500, 23100, 27300, 490300, 25000, 611400, 408900, 73600, 624000, 33600, 53400, 371500, 198700, 69000, 135500, 430500, 295800, 100000, 168400, 284700, 142200, 218400, 19000, 539400, 115800, 298300, 70900, 71100, 318900]
T2 = [267400, 55300, 199900, 55400, 890000, 17500, 136800, 1711600, 387100, 1368800, 1166300, 351500, 607300, 239200, 21700, 49300, 132900, 1028700, 285300, 21200, 652100, 10900, 211400, 877400, 186900, 34700, 581500, 55800, 54800, 2411100]

id 44
F = [4, 1, 7, 10, 15, 6, 17, 2, 2, 26, 21, 2, 19, 19, 16, 22, 27, 43, 15, 3, 19, 4, 17, 30, 5, 25, 13, 2, 1, 3]
F2 = [51, 37, 143, 28, 71, 101, 31, 30, 1, 2, 4, 10, 31, 15, 76, 53, 31, 19, 11, 8, 28, 20, 124, 101, 40, 4, 160, 57, 140, 88]
T = [117100, 15700, 124300, 140200, 340400, 82100, 273700, 62100, 24700, 376100, 245200, 26600, 311000, 251000, 206500, 170800, 362700, 622000, 145400, 45600, 180300, 68900, 181400, 298700, 42000, 374300, 103600, 32200, 20800, 36600]
T2 = [381600, 205900, 862300, 171400, 604100, 551900, 155500, 181500, 7100, 11800, 23000, 43400, 153100, 70100, 435700, 301100, 275800, 91000, 74600, 37700, 207900, 111300, 795700, 673000, 202200, 19100, 978800, 353300, 742100, 536100]

id 45
F = [1, 5, 1, 12, 7, 6, 44, 7, 5, 4, 23, 9, 9, 24, 17, 14, 13, 4, 21, 8, 24, 6, 1, 6, 7, 20, 3, 5, 2, 11]
F2 = [17, 14, 37, 96, 43, 232, 12, 30, 51, 86, 104, 17, 78, 64, 216, 19, 55, 72, 3, 30, 28, 67, 153, 4, 59, 11, 55, 60, 23, 20]
T = [20300, 62000, 19700, 133400, 84200, 149400, 475100, 145200, 111400, 86000, 314700, 157100, 139200, 329900, 270400, 106600, 519900, 51900, 231900, 108500, 217500, 49500, 23700, 153400, 70700, 280500, 74000, 113400, 49200, 246000]
T2 = [93300, 77800, 232800, 654100, 204300, 1388200, 48100, 147500, 376500, 598900, 572700, 98900, 483600, 511100, 1252900, 128100, 340800, 428900, 15400, 121500, 139800, 368200, 1056200, 20100, 259900, 55400, 360300, 365400, 193700, 122600]

id 46
F = [6, 14, 10, 13, 13, 25, 22, 5, 1, 5, 1, 1, 7, 7, 3, 1, 34, 7, 12, 35, 9, 9, 5, 6, 21, 2, 24, 21, 6, 5]
F2 = [51, 46, 30, 13, 76, 14, 136, 35, 65, 22, 112, 17, 8, 60, 42, 50, 14, 26, 39, 6, 221, 136, 53, 23, 73, 12, 69, 91, 106, 19]
T = [125800, 192500, 100400, 126600, 202500, 352100, 265300, 85000, 51500, 54400, 19900, 18800, 110200, 69600, 42600, 19900, 425700, 172500, 117800, 487600, 82700, 117000, 84000, 218300, 496400, 50700, 314700, 380700, 138400, 88900]
T2 = [521500, 329700, 176800, 118400, 485600, 93100, 820600, 221200, 513400, 138300, 779800, 70300, 51000, 325700, 348100, 260800, 57300, 155600, 227300, 86300, 1416300, 1155700, 331400, 294000, 644700, 112000, 434600, 754700, 968200, 230100]

id 47
F = [4, 1, 15, 6, 15, 32, 31, 7, 16, 29, 1, 14, 6, 20, 19, 10, 3, 10, 6, 1, 12, 52, 6, 23, 16, 4, 4, 10, 11, 13]
F2 = [172, 55, 5, 36, 164, 36, 42, 8, 80, 18, 185, 10, 127, 67, 74, 14, 55, 31, 32, 25, 11, 179, 33, 12, 58, 58, 72, 28, 6, 134]
T = [56900, 23600, 196700, 63300, 321500, 452200, 291200, 99600, 136300, 349700, 20300, 141100, 67300, 304500, 205800, 133200, 60200, 120500, 90100, 24600, 109300, 623700, 71800, 291800, 170800, 56800, 124100, 126100, 188700, 210500]
T2 = [1298200, 331000, 21700, 200300, 1178200, 311500, 268900, 40400, 499000, 80500, 1184800, 50800, 847600, 409400, 566700, 83700, 285900, 155400, 219400, 150400, 50000, 1019900, 274600, 162700, 344100, 387000, 346000, 205800, 41700, 761800]

id 48
F = [2, 2, 19, 6, 13, 8, 15, 15, 4, 1, 4, 3, 2, 16, 6, 43, 4, 8, 21, 3, 1, 2, 9, 16, 3, 16, 2, 11, 7, 5]
F2 = [126, 23, 414, 8, 7, 13, 34, 117, 28, 47, 12, 7, 3, 6, 13, 2, 19, 208, 52, 27, 12, 65, 48, 86, 1, 21, 10, 255, 67, 25]
T = [31500, 83800, 243400, 144800, 187100, 93100, 283400, 149200, 56100, 17700, 42900, 47200, 32900, 352100, 87700, 469900, 81700, 188400, 375800, 130300, 24100, 58900, 190500, 307200, 57700, 174300, 65100, 203100, 133800, 163800]
T2 = [685600, 195900, 3299500, 53400, 40400, 71100, 189800, 719600, 172000, 316100, 131100, 47800, 15300, 131900, 59100, 11000, 159400, 1584100, 484900, 597100, 107200, 382400, 373300, 760100, 10000, 432700, 78500, 2067700, 578000, 177500]

id 49
F = [51, 7, 17, 13, 38, 7, 10, 16, 4, 14, 19, 3, 12, 3, 34, 2, 1, 10, 3, 5, 9, 13, 12, 31, 16, 4, 6, 16, 4, 11]
F2 = [249, 42, 25, 117, 7, 30, 11, 226, 37, 7, 45, 77, 42, 100, 65, 8, 9, 25, 14, 22, 80, 10, 92, 28, 105, 10, 31, 36, 20, 105]
T = [780600, 141100, 187100, 250800, 524700, 74200, 94300, 262400, 82300, 219300, 275500, 35800, 257800, 89400, 511200, 39600, 22600, 125400, 131900, 74300, 162700, 160000, 263700, 400600, 199900, 79100, 101800, 220800, 43600, 149900]
T2 = [1842000, 323200, 120300, 1317900, 46700, 202900, 51500, 1351700, 241200, 33700, 316900, 472600, 236000, 892700, 301600, 69800, 43200, 106800, 166100, 137800, 546600, 45200, 743800, 214700, 607300, 67300, 305000, 233900, 108000, 599000]

id 0
F = [5, 29, 15, 13, 8, 34, 7, 10, 5, 24, 1, 7, 1, 2, 24, 22, 3, 1, 7, 1, 21, 8, 6, 7, 12, 12, 14, 47, 25, 10]
F2 = [3, 6, 114, 29, 82, 3, 93, 11, 186, 34, 86, 76, 211, 5, 25, 81, 29, 155, 1, 172, 18, 3, 3, 27, 21, 8, 62, 22, 44, 3]
T = [21585700, 14917600, 3790500, 4043300, 1638300, 3316100, 628400, 626300, 280300, 1431600, 49200, 394500, 64700, 165800, 1530200, 948000, 408500, 102000, 530100, 57400, 1202500, 467200, 353500, 360700, 940700, 385400, 810200, 1976200, 947000, 383200]
T2 = [1049900, 1109100, 15720100, 3943400, 3892300, 172100, 3230700, 380200, 2995100, 1025500, 1233200, 1599100, 4240300, 107200, 500300, 1841300, 613200, 4141700, 46500, 2878200, 543900, 61300, 63800, 584700, 757700, 118300, 1086600, 313600, 637200, 66900]

id 1
F = [7, 20, 9, 10, 7, 6, 5, 8, 19, 10, 14, 6, 16, 6, 3, 16, 7, 9, 1, 13, 5, 16, 15, 27, 11, 22, 26, 2, 10, 38]
F2 = [280, 14, 11, 71, 39, 28, 40, 7, 2, 59, 59, 47, 10, 115, 15, 61, 57, 122, 33, 139, 11, 26, 27, 44, 57, 28, 38, 41, 77, 15]
T = [329500, 437800, 174400, 263300, 201600, 123900, 274900, 210000, 240400, 126400, 188400, 71500, 176000, 73100, 58500, 135700, 138100, 131200, 32300, 110400, 58300, 259700, 136400, 387100, 76600, 149300, 290700, 25200, 98400, 188200]
T2 = [7755100, 325700, 88000, 788500, 262500, 447300, 788500, 150600, 16000, 358600, 258600, 186200, 38500, 628500, 82000, 231700, 175100, 479600, 97500, 487300, 39900, 122700, 103100, 304000, 201500, 136600, 166900, 140200, 317700, 37300]

id 2
F = [13, 3, 12, 28, 31, 1, 14, 20, 37, 16, 6, 3, 3, 39, 3, 10, 13, 2, 10, 8, 2, 24, 15, 12, 9, 1, 6, 1, 24, 29]
F2 = [132, 40, 57, 29, 4, 23, 20, 146, 24, 5, 5, 23, 29, 86, 21, 22, 60, 27, 43, 8, 72, 15, 49, 137, 14, 288, 83, 153, 22, 3]
T = [276200, 91600, 180000, 756800, 426200, 42600, 309700, 369000, 633000, 197000, 84000, 194100, 99800, 549400, 51900, 284400, 425400, 57400, 139700, 156300, 35400, 258800, 127800, 86300, 268500, 24000, 159400, 49900, 141800, 764000]
T2 = [2203800, 361200, 310200, 451800, 23700, 143000, 154200, 1089600, 177500, 26300, 32600, 183400, 183300, 611500, 71100, 209900, 518600, 138400, 276700, 71400, 379700, 84100, 211500, 1877400, 103800, 2042800, 647100, 1889000, 47400, 66000]

id 3
F = [5, 5, 6, 13, 7, 14, 12, 2, 18, 4, 5, 52, 23, 21, 37, 7, 3, 5, 10, 2, 14, 15, 13, 4, 2, 1, 20, 18, 1, 24]
F2 = [260, 55, 89, 14, 58, 55, 48, 21, 13, 21, 36, 116, 40, 19, 7, 27, 18, 14, 213, 52, 15, 9, 62, 62, 5, 49, 58, 109, 28, 50]
T = [107100, 92600, 98400, 232800, 289600, 184400, 198400, 40200, 262600, 75500, 52200, 546400, 287600, 438900, 955300, 127000, 79100, 80700, 251400, 49300, 133100, 314200, 129000, 270300, 50500, 31900, 152300, 154700, 17500, 132800]
T2 = [2879800, 356400, 565900, 170300, 518900, 370900, 457100, 158400, 104700, 148800, 101200, 317200, 179100, 155300, 45100, 236100, 133400, 275000, 2175800, 732200, 62800, 39400, 289600, 400000, 14900, 138800, 166900, 380000, 83500, 126800]

id 4
F = [15, 1, 2, 5, 4, 12, 20, 3, 8, 5, 13, 1, 11, 7, 5, 52, 6, 9, 5, 4, 12, 10, 11, 8, 15, 11, 4, 4, 6, 5]
F2 = [36, 60, 30, 31, 23, 30, 4, 20, 20, 65, 16, 8, 14, 1, 96, 9, 56, 17, 13, 109, 10, 11, 30, 98, 26, 48, 30, 28, 111, 9]
T = [140800, 20900, 44000, 69100, 42700, 138100, 171100, 86300, 133300, 49700, 225600, 35800, 125100, 66100, 84300, 615400, 79300, 92800, 48400, 41400, 78200, 84300, 97100, 62300, 103500, 133000, 33600, 46500, 99600, 48900]
T2 = [136700, 188500, 102600, 93900, 101700, 101500, 13500, 93500, 100400, 226300, 108600, 54600, 47600, 4600, 427200, 45500, 220000, 62700, 57300, 269500, 26800, 33800, 106200, 473700, 75100, 184700, 78000, 76800, 401300, 18900]

id 5
F = [8, 17, 14, 7, 11, 8, 2, 3, 22, 4, 15, 2, 9, 18, 3, 14, 21, 13, 16, 7, 24, 4, 12, 13, 10, 4, 22, 19, 1, 8]
F2 = [36, 21, 10, 8, 101, 82, 23, 21, 8, 6, 14, 4, 25, 12, 3, 14, 30, 163, 76, 42, 35, 17, 89, 7, 154, 95, 22, 16, 28, 71]
T = [94400, 121400, 155100, 120200, 108800, 53400, 26900, 71800, 164700, 45100, 88500, 30700, 59600, 103500, 28000, 129500, 109200, 52100, 92400, 66600, 105800, 41500, 66900, 79400, 82700, 27000, 151500, 85800, 13300, 38500]
T2 = [206800, 55400, 93700, 29400, 431600, 239900, 87900, 111400, 23400, 12300, 31800, 19600, 54900, 37000, 10100, 50400, 58500, 372200, 200400, 146500, 74000, 41800, 170100, 18600, 342300, 179800, 59200, 40400, 60300, 150900]

id 6
F = [33, 1, 9, 5, 11, 1, 26, 3, 16, 7, 15, 6, 12, 33, 13, 39, 15, 28, 11, 14, 3, 27, 11, 3, 8, 3, 18, 4, 3, 2]
F2 = [1, 31, 32, 13, 24, 26, 44, 62, 87, 44, 59, 16, 93, 43, 3, 18, 34, 253, 4, 9, 16, 223, 176, 13, 18, 1, 115, 4, 26, 10]
T = [288300, 52300, 68900, 55200, 105800, 21000, 164400, 36900, 73200, 50500, 140100, 52000, 60600, 327400, 72600, 219900, 72700, 180900, 83300, 99300, 34500, 131200, 82900, 25800, 41600, 57100, 126800, 67100, 25000, 25000]
T2 = [5900, 100900, 73300, 26100, 70800, 69500, 148300, 166700, 211800, 97500, 246100, 37100, 194800, 284100, 6100, 37300, 73300, 998400, 9100, 22400, 45500, 1065900, 427200, 26600, 39400, 3800, 364200, 10700, 53900, 33500]

id 7
F = [38, 8, 9, 1, 8, 19, 3, 7, 3, 13, 16, 1, 5, 7, 4, 3, 30, 1, 17, 1, 7, 8, 8, 15, 12, 3, 7, 6, 11, 53]
F2 = [23, 104, 16, 89, 5, 69, 22, 36, 19, 8, 24, 10, 23, 10, 215, 11, 11, 100, 101, 18, 22, 57, 3, 61, 67, 42, 13, 1, 68, 9]
T = [467700, 90700, 52100, 19800, 48900, 79200, 84800, 66900, 33300, 80600, 83600, 21400, 78300, 56500, 39100, 32300, 139800, 16600, 103000, 15000, 35700, 96000, 124000, 109400, 101900, 81400, 115100, 65000, 68000, 229600]
T2 = [166800, 303100, 31100, 210400, 10100, 207600, 83300, 81400, 47100, 15100, 53000, 68900, 80100, 18900, 478000, 27800, 23100, 240200, 280200, 32500, 84900, 135600, 18400, 170800, 260700, 170700, 28200, 3000, 185300, 15500]

id 8
F = [21, 12, 11, 15, 10, 12, 1, 29, 13, 59, 2, 29, 16, 3, 23, 42, 10, 6, 11, 6, 34, 1, 8, 5, 8, 15, 3, 7, 1, 6]
F2 = [65, 17, 6, 57, 101, 1, 103, 75, 177, 21, 9, 198, 104, 138, 121, 15, 61, 35, 25, 115, 24, 113, 15, 16, 60, 8, 39, 53, 57, 1]
T = [124800, 81800, 68900, 190500, 219800, 149900, 21400, 255400, 92600, 495000, 38400, 156600, 302800, 58400, 312100, 1066000, 151100, 76800, 165000, 94100, 429200, 35400, 245100, 76800, 203600, 226600, 43900, 55400, 16800, 82500]
T2 = [140300, 41100, 14700, 406300, 609000, 4100, 638100, 258900, 604800, 60300, 21100, 999000, 728500, 936300, 1157200, 163000, 430600, 178600, 201200, 891200, 160500, 648000, 68400, 107900, 395300, 50100, 195100, 127800, 141600, 5500]

id 9
F = [17, 1, 6, 6, 3, 15, 4, 18, 15, 17, 1, 18, 2, 2, 11, 2, 2, 8, 18, 1, 3, 11, 12, 5, 1, 24, 34, 36, 5, 7]
F2 = [2, 40, 58, 42, 6, 25, 5, 65, 109, 28, 12, 166, 22, 174, 28, 89, 47, 204, 54, 121, 4, 161, 18, 5, 39, 58, 88, 33, 25, 47]
T = [350700, 29700, 99000, 90900, 78400, 198900, 50800, 243700, 213400, 238400, 25000, 213400, 39200, 65400, 468900, 119000, 46600, 224100, 533900, 32600, 110600, 217900, 299600, 110900, 29800, 411700, 576800, 862800, 101000, 142100]
T2 = [12400, 408300, 494000, 351000, 77700, 164200, 23700, 328700, 834900, 152700, 63800, 967100, 120100, 2304200, 476600, 835700, 357900, 1563500, 447800, 1220300, 43000, 1185400, 114300, 49300, 325600, 510500, 857600, 295400, 223400, 297300]

id 10
F = [1, 6, 5, 26, 10, 12, 6, 14, 21, 3, 17, 21, 7, 6, 22, 8, 1, 13, 10, 17, 1, 2, 17, 12, 9, 5, 4, 14, 3, 30]
F2 = [50, 16, 94, 15, 63, 25, 34, 11, 4, 70, 97, 12, 48, 30, 132, 20, 45, 24, 139, 26, 7, 33, 45, 100, 37, 3, 39, 47, 45, 107]
T = [89600, 221600, 101200, 390700, 126400, 349900, 121200, 276300, 310600, 68600, 355800, 536400, 232000, 119200, 309800, 96200, 31400, 143400, 144600, 283000, 91200, 30900, 199100, 173700, 180300, 100900, 92700, 266700, 50100, 506600]
T2 = [777500, 264800, 703400, 90500, 536200, 225800, 451000, 160800, 22200, 521500, 742700, 166800, 485100, 255200, 765800, 188900, 327100, 164200, 1077000, 190500, 70000, 272000, 217800, 622300, 318000, 24000, 614300, 508700, 269000, 882100]

id 11
F = [7, 3, 7, 17, 4, 27, 19, 5, 8, 1, 11, 6, 18, 25, 8, 10, 11, 40, 5, 30, 7, 10, 4, 5, 22, 27, 2, 3, 8, 12]
F2 = [37, 1, 1, 24, 50, 148, 2, 44, 99, 48, 7, 54, 32, 101, 83, 78, 10, 112, 33, 71, 34, 39, 102, 6, 6, 3, 24, 90, 8, 63]
T = [162500, 33100, 70900, 259300, 104500, 570700, 192700, 52800, 159700, 18800, 207000, 85800, 274200, 328800, 133800, 118600, 279400, 766300, 96100, 647800, 167500, 150400, 75200, 92800, 396100, 500700, 36700, 68600, 118200, 173100]
T2 = [159900, 6000, 6700, 119700, 308000, 1500400, 9900, 267400, 430300, 241200, 62600, 388100, 254600, 481100, 911100, 669400, 85000, 903300, 197800, 534100, 375700, 300500, 674100, 39600, 38000, 17600, 133800, 546600, 47100, 399400]

id 12
F = [15, 6, 14, 6, 2, 3, 1, 1, 6, 11, 3, 22, 5, 4, 4, 3, 12, 8, 3, 14, 6, 12, 14, 2, 7, 6, 18, 22, 2, 5]
F2 = [4, 20, 7, 10, 23, 27, 27, 44, 42, 25, 49, 22, 18, 24, 20, 2, 86, 22, 10, 18, 7, 1, 10, 15, 45, 9, 39, 26, 25, 16]
T = [169800, 75300, 195000, 315000, 171900, 128900, 19100, 17900, 111800, 107200, 34100, 234900, 77100, 126600, 54900, 55000, 213300, 101300, 67900, 245800, 91900, 114600, 190500, 32300, 126800, 168200, 236900, 241500, 95800, 49000]
T2 = [34600, 107100, 68000, 85400, 121300, 349300, 233200, 336400, 300000, 132800, 289500, 98100, 88300, 135800, 182500, 13200, 470400, 119000, 57900, 100400, 30200, 7300, 70500, 67000, 291600, 56800, 256000, 134500, 181200, 82600]

id 13
F = [30, 2, 12, 26, 42, 4, 13, 13, 13, 14, 12, 12, 21, 6, 15, 21, 2, 21, 16, 4, 11, 19, 4, 1, 20, 4, 15, 8, 1, 22]
F2 = [128, 98, 69, 34, 45, 21, 24, 71, 4, 48, 115, 6, 47, 91, 2, 4, 11, 28, 72, 21, 65, 74, 41, 9, 10, 63, 93, 20, 285, 120]
T = [423200, 23400, 228500, 310800, 584100, 87000, 200200, 128800, 132500, 159700, 183600, 308800, 363800, 106000, 208400, 221100, 24600, 181000, 204200, 72900, 157400, 260900, 44500, 22100, 280900, 55300, 194500, 197600, 17800, 248500]
T2 = [818400, 507700, 515000, 233700, 416000, 262400, 231700, 451600, 28600, 364300, 837300, 69100, 382400, 772100, 14100, 32800, 61600, 138200, 359400, 234000, 355600, 393800, 248600, 136800, 65900, 507900, 656500, 205400, 1771800, 746400]

id 14
F = [26, 4, 9, 21, 14, 1, 10, 33, 19, 1, 77, 11, 7, 31, 21, 14, 1, 2, 2, 1, 2, 8, 8, 20, 19, 1, 4, 17, 47, 10]
F2 = [28, 35, 17, 55, 46, 379, 52, 44, 43, 46, 55, 52, 36, 5, 15, 32, 64, 14, 144, 5, 82, 9, 146, 85, 178, 13, 61, 23, 104, 8]
T = [652300, 40100, 206000, 218700, 149100, 44700, 89000, 453300, 232700, 14400, 1133800, 112500, 64300, 344800, 369400, 183700, 20400, 30200, 23200, 16900, 29700, 76000, 111400, 429500, 239900, 21800, 59000, 212500, 478300, 316500]
T2 = [228900, 267000, 278400, 321200, 297100, 2438300, 294700, 305300, 227800, 332600, 338100, 242400, 168000, 21800, 98900, 399600, 383600, 67900, 830100, 54300, 507600, 84100, 1129600, 756700, 1370700, 137000, 437600, 127500, 606900, 71300]

id 15
F = [8, 8, 12, 7, 11, 32, 3, 3, 10, 16, 5, 9, 14, 6, 1, 26, 13, 14, 17, 2, 48, 8, 14, 5, 1, 1, 6, 9, 7, 11]
F2 = [28, 108, 143, 32, 65, 8, 111, 28, 63, 8, 57, 48, 38, 60, 31, 2, 39, 64, 1, 27, 83, 42, 15, 42, 29, 21, 110, 34, 5, 57]
T = [214800, 111500, 176000, 133700, 365600, 498500, 63500, 46800, 169600, 299500, 62600, 96800, 164700, 156700, 16200, 247800, 149600, 128900, 1432700, 29900, 582500, 103500, 183600, 57600, 50300, 22900, 119900, 84000, 138100, 163500]
T2 = [162700, 1188600, 831500, 209600, 538600, 52000, 1004300, 232400, 445200, 35600, 366400, 326900, 256900, 389500, 174000, 10800, 221300, 362700, 8300, 186700, 439100, 322400, 132200, 301700, 285800, 174200, 904600, 187200, 43100, 402700]

id 16
F = [12, 2, 11, 35, 14, 13, 4, 3, 9, 22, 1, 33, 1, 27, 12, 1, 1, 16, 6, 1, 19, 38, 3, 28, 8, 1, 10, 4, 3, 4]
F2 = [47, 100, 42, 65, 67, 8, 66, 181, 77, 39, 180, 26, 237, 3, 16, 17, 61, 97, 11, 48, 11, 29, 91, 38, 67, 150, 43, 53, 84, 79]
T = [171000, 112800, 110400, 484200, 150600, 289700, 67100, 56300, 122800, 396900, 18600, 347200, 11700, 191100, 94800, 12200, 16700, 369200, 71600, 17300, 339000, 610000, 41200, 300700, 79600, 16900, 234700, 68000, 46400, 83900]
T2 = [428100, 872900, 299000, 513900, 382900, 120600, 590100, 1785800, 563000, 250600, 955500, 109400, 1026000, 11200, 81400, 57400, 567900, 725400, 97000, 532900, 52400, 217400, 506300, 185500, 416200, 1020400, 332800, 445000, 745900, 560700]

id 17
F = [18, 28, 10, 10, 4, 8, 6, 17, 3, 4, 11, 1, 8, 2, 2, 25, 1, 4, 34, 6, 2, 13, 32, 1, 21, 3, 7, 16, 2, 16]
F2 = [11, 15, 89, 75, 8, 64, 46, 50, 2, 12, 14, 5, 23, 114, 39, 43, 24, 78, 24, 99, 288, 57, 28, 127, 6, 12, 2, 21, 1, 1]
T = [486600, 419600, 152500, 334100, 46400, 101400, 92600, 164900, 49400, 85900, 124000, 15500, 107000, 30800, 20600, 278800, 21800, 50600, 436800, 80900, 20200, 111600, 464900, 27600, 374300, 41100, 116100, 167300, 32200, 149500]
T2 = [59500, 95300, 491800, 460500, 38200, 322600, 277100, 277700, 12100, 80400, 72100, 30200, 104000, 579500, 283600, 247000, 138200, 597500, 103200, 696800, 1672500, 320900, 198500, 860100, 27100, 72500, 13200, 108700, 13000, 7400]

id 18
F = [6, 8, 4, 11, 6, 8, 2, 2, 1, 6, 5, 13, 2, 1, 1, 12, 3, 49, 10, 3, 14, 19, 10, 11, 20, 15, 27, 2, 4, 11]
F2 = [156, 41, 13, 62, 60, 6, 56, 64, 49, 70, 57, 23, 59, 38, 2, 89, 35, 14, 7, 57, 79, 62, 102, 12, 3, 21, 22, 52, 32, 13]
T = [63100, 146800, 54800, 188400, 354400, 112700, 36900, 32600, 35500, 126400, 65900, 266800, 40900, 21400, 21500, 112000, 130900, 585800, 191600, 50000, 161700, 295100, 745200, 113200, 274700, 196500, 384900, 54300, 49200, 118400]
T2 = [976100, 295900, 96000, 339600, 646700, 33900, 458900, 356100, 436600, 594000, 366100, 233300, 399000, 199800, 49600, 673500, 173500, 106200, 117300, 373700, 394700, 841800, 752900, 58900, 24100, 180100, 109700, 330000, 220600, 73600]

id 19
F = [41, 6, 17, 1, 10, 36, 13, 2, 24, 6, 25, 14, 23, 21, 12, 7, 5, 19, 4, 1, 11, 2, 16, 12, 6, 5, 9, 11, 20, 1]
F2 = [90, 83, 58, 61, 56, 10, 20, 93, 19, 31, 50, 59, 42, 105, 2, 10, 5, 51, 65, 46, 65, 11, 22, 25, 157, 2, 15, 19, 20, 7]
T = [561800, 124700, 175000, 47800, 117800, 375200, 291000, 52900, 1113500, 118900, 267600, 179900, 353000, 270600, 191200, 91600, 93000, 252900, 40700, 24700, 88900, 48100, 192200, 184900, 93100, 52000, 159300, 239400, 201200, 18300]
T2 = [613100, 438700, 435500, 577400, 356300, 85800, 183600, 594000, 192800, 157300, 323100, 408600, 267500, 703500, 10600, 61500, 66700, 252700, 396700, 218600, 394800, 92300, 125600, 175700, 1112800, 12500, 121700, 169900, 113900, 36100]

id 20
F = [1, 1, 2, 21, 4, 42, 19, 32, 10, 1, 18, 6, 8, 16, 6, 5, 18, 4, 18, 2, 6, 11, 3, 2, 3, 2, 1, 9, 7, 7]
F2 = [13, 176, 143, 36, 63, 34, 39, 129, 32, 93, 86, 108, 30, 46, 20, 86, 11, 87, 9, 8, 43, 4, 63, 164, 8, 31, 21, 11, 10, 103]
T = [27800, 20000, 43800, 302300, 37000, 690600, 344500, 440000, 121200, 26300, 233500, 187700, 112200, 154800, 63700, 81100, 213400, 120600, 286100, 110600, 86000, 213800, 34700, 235700, 61600, 30400, 37200, 155100, 123300, 99100]
T2 = [121300, 1114800, 1490900, 357500, 368000, 242400, 227500, 980500, 287200, 554300, 571500, 921000, 148700, 311700, 88900, 473800, 47000, 611000, 79000, 67100, 257100, 15800, 313300, 1163400, 59600, 392600, 182200, 76800, 86500, 1049300]

id 21
F = [13, 4, 22, 6, 23, 19, 4, 10, 11, 9, 15, 10, 16, 4, 5, 7, 1, 1, 7, 1, 14, 18, 32, 15, 6, 4, 2, 15, 44, 14]
F2 = [16, 4, 93, 16, 39, 13, 6, 10, 20, 9, 6, 16, 19, 68, 44, 107, 99, 4, 5, 59, 4, 9, 39, 21, 82, 2, 83, 29, 46, 97]
T = [124300, 42300, 256500, 101100, 220600, 239100, 68900, 194600, 135000, 93200, 172800, 199900, 162000, 48500, 53900, 107100, 31800, 11200, 124000, 12100, 169700, 233100, 374900, 228700, 173800, 51300, 44900, 248300, 630900, 186500]
T2 = [74400, 18300, 538400, 70600, 335600, 66300, 38900, 78100, 90400, 65300, 33800, 107200, 80600, 458000, 271600, 621500, 593200, 20700, 37000, 364500, 19400, 63000, 197200, 104000, 579300, 13000, 507600, 223800, 331700, 547500]

id 22
F = [19, 1, 3, 8, 56, 4, 11, 26, 7, 19, 4, 1, 3, 11, 7, 3, 2, 18, 12, 6, 26, 15, 10, 10, 23, 12, 3, 15, 11, 6]
F2 = [47, 37, 2, 15, 126, 2, 58, 69, 7, 48, 47, 7, 63, 1, 195, 10, 26, 119, 18, 80, 12, 29, 15, 184, 60, 7, 19, 33, 276, 9]
T = [323800, 28300, 27700, 78900, 720300, 45700, 295500, 232600, 70300, 235600, 85400, 23700, 29500, 99100, 130200, 30400, 50600, 209200, 113500, 73900, 439400, 216900, 149100, 109200, 270800, 111600, 51100, 192400, 136700, 64700]
T2 = [277800, 262100, 12500, 106500, 785800, 33200, 523800, 349000, 30500, 255300, 316200, 54400, 518400, 6800, 1228300, 44800, 110000, 579200, 115300, 543600, 50000, 293900, 169600, 1208700, 399600, 62100, 133400, 277100, 1913700, 55500]

id 23
F = [22, 13, 32, 4, 11, 7, 14, 30, 44, 9, 14, 1, 2, 1, 1, 28, 1, 6, 35, 1, 9, 14, 19, 7, 25, 19, 6, 10, 13, 18]
F2 = [29, 22, 40, 71, 12, 30, 148, 15, 36, 114, 10, 29, 46, 20, 74, 76, 64, 40, 5, 150, 70, 34, 26, 5, 22, 275, 36, 86, 6, 95]
T = [313800, 152400, 323000, 57100, 158400, 172600, 181600, 358500, 566900, 174500, 445500, 35900, 35200, 23600, 22100, 310600, 25600, 103200, 374300, 20100, 118800, 203100, 202500, 89400, 255900, 277900, 89000, 92200, 214200, 300800]
T2 = [207600, 98300, 253400, 604800, 64300, 212000, 979200, 169700, 257400, 776700, 128000, 154300, 238200, 96700, 472500, 361400, 365700, 206500, 36200, 873400, 401300, 170500, 140800, 31200, 105700, 1816800, 312700, 583000, 49600, 671200]

id 24
F = [20, 4, 6, 9, 12, 5, 15, 6, 17, 12, 22, 1, 1, 3, 1, 18, 21, 21, 7, 18, 5, 17, 11, 5, 15, 1, 45, 30, 9, 3]
F2 = [11, 4, 101, 47, 104, 11, 86, 26, 14, 28, 28, 4, 38, 34, 27, 18, 108, 50, 28, 50, 5, 187, 17, 23, 89, 181, 48, 47, 26, 25]
T = [320400, 58000, 76600, 87900, 120600, 82400, 163200, 107400, 215700, 293300, 239700, 13500, 23200, 35900, 28300, 202400, 249200, 295800, 110500, 288400, 60700, 204100, 129200, 89500, 186000, 21600, 585300, 614800, 84800, 55000]
T2 = [77800, 19600, 605400, 293200, 583100, 76300, 560100, 139500, 127300, 299500, 130000, 21500, 279700, 177100, 211400, 125700, 618100, 315100, 183000, 231500, 25100, 1100200, 136500, 185800, 736400, 1100200, 297200, 275800, 128400, 175700]

id 25
F = [12, 26, 16, 25, 15, 15, 3, 4, 12, 22, 18, 33, 12, 18, 10, 4, 10, 4, 16, 2, 3, 35, 28, 7, 23, 34, 1, 1, 5, 3]
F2 = [18, 54, 20, 11, 16, 6, 3, 221, 12, 55, 36, 34, 79, 102, 5, 40, 59, 38, 13, 126, 44, 4, 59, 65, 62, 15, 127, 34, 20, 39]
T = [176100, 300500, 150700, 223700, 252400, 135800, 31400, 82300, 131600, 216800, 298900, 442300, 254800, 242600, 85000, 39600, 220400, 45100, 333800, 67500, 40700, 383200, 509100, 84200, 303300, 633900, 49900, 25100, 87000, 76600]
T2 = [131900, 396800, 105600, 61300, 66400, 44400, 16500, 1276700, 59600, 360500, 275600, 223000, 423800, 552200, 27800, 230500, 354200, 275300, 60300, 728600, 296500, 35400, 672700, 499500, 319700, 128700, 803100, 229000, 188000, 188600]

id 26
F = [9, 8, 14, 4, 8, 1, 10, 8, 19, 4, 14, 2, 8, 7, 21, 10, 23, 1, 9, 17, 2, 3, 6, 12, 2, 20, 19, 8, 3, 11]
F2 = [6, 10, 13, 14, 21, 4, 23, 112, 101, 56, 47, 5, 25, 4, 40, 59, 64, 7, 31, 19, 134, 548, 79, 16, 12, 20, 25, 20, 26, 9]
T = [126800, 142500, 132400, 69600, 82400, 27900, 212600, 148600, 412600, 107700, 303100, 29000, 138000, 97400, 495700, 156500, 307200, 24400, 160500, 215500, 45300, 39100, 77900, 152100, 57700, 318300, 233800, 79500, 37600, 150500]
T2 = [31900, 60100, 63800, 95700, 150600, 29900, 179900, 2781800, 877300, 363600, 347900, 35700, 172400, 31700, 225700, 294600, 574100, 36800, 153700, 113000, 1059200, 2823400, 507300, 162600, 63500, 99800, 228700, 153100, 202900, 76500]

id 27
F = [23, 2, 6, 16, 33, 1, 12, 1, 2, 9, 29, 14, 2, 1, 45, 1, 15, 1, 1, 2, 25, 1, 27, 6, 5, 3, 11, 20, 13, 7]
F2 = [157, 47, 35, 5, 39, 188, 54, 53, 67, 3, 149, 17, 5, 4, 23, 48, 58, 14, 63, 1, 31, 38, 21, 51, 30, 15, 62, 7, 21, 78]
T = [248400, 35800, 123600, 316000, 644100, 26600, 134500, 25700, 22400, 156900, 294300, 158100, 27700, 23400, 520100, 20500, 171300, 10500, 10100, 69300, 261200, 14400, 285300, 66200, 71000, 71600, 143600, 176300, 122800, 137100]
T2 = [813900, 262800, 197500, 45200, 252900, 1330300, 214900, 308700, 410700, 18800, 1123200, 152100, 25500, 24500, 162500, 336300, 286000, 74300, 364800, 7000, 156700, 216500, 188800, 296200, 145900, 108900, 324200, 36900, 103000, 493500]

id 28
F = [11, 8, 21, 21, 6, 42, 3, 2, 26, 13, 3, 13, 2, 21, 14, 5, 4, 4, 33, 7, 15, 2, 6, 7, 23, 1, 5, 14, 19, 26]
F2 = [21, 107, 17, 33, 193, 50, 120, 40, 21, 44, 77, 102, 26, 31, 3, 7, 98, 24, 48, 56, 82, 1, 60, 3, 33, 37, 97, 2, 3, 63]
T = [197400, 104300, 430900, 370100, 66600, 478900, 93300, 36700, 524100, 208700, 39200, 175000, 37600, 197000, 331600, 64000, 38000, 63100, 413800, 63500, 251800, 28000, 86600, 70100, 456700, 25800, 98500, 193900, 328200, 303500]
T2 = [190700, 878900, 130400, 179300, 1205300, 265000, 758000, 234600, 168000, 255500, 441300, 604200, 204800, 176100, 54000, 36700, 633600, 232500, 380200, 339300, 552000, 8100, 365700, 15500, 284500, 290400, 772600, 15100, 206700, 462600]

id 29
F = [11, 3, 22, 6, 3, 2, 8, 6, 5, 19, 19, 2, 4, 7, 9, 9, 8, 3, 9, 15, 11, 23, 4, 1, 5, 31, 4, 34, 7, 5]
F2 = [36, 42, 7, 11, 3, 79, 3, 94, 162, 44, 38, 82, 237, 69, 49, 5, 4, 23, 230, 22, 105, 43, 26, 26, 9, 13, 18, 9, 19, 11]
T = [208800, 49300, 266700, 120700, 35800, 104100, 110900, 52600, 55400, 193000, 197000, 28100, 63400, 94900, 176700, 71200, 118500, 35900, 119200, 142200, 114400, 296200, 59700, 36000, 74600, 368900, 61900, 380600, 114400, 53200]
T2 = [344500, 197900, 31900, 55300, 15800, 514100, 18300, 465100, 1073200, 228800, 210900, 548900, 1197200, 426700, 329600, 24300, 21100, 154400, 1293500, 95000, 523200, 299900, 213100, 142500, 91600, 54900, 145500, 49100, 112500, 47700]

id 30
F = [2, 39, 7, 6, 6, 2, 11, 28, 2, 32, 1, 42, 14, 11, 1, 1, 33, 16, 12, 9, 10, 21, 11, 20, 1, 37, 27, 16, 1, 3]
F2 = [104, 86, 24, 78, 14, 21, 82, 39, 97, 184, 24, 150, 6, 27, 38, 22, 60, 27, 244, 1, 63, 50, 8, 91, 1, 15, 81, 138, 24, 17]
T = [38100, 554700, 98000, 129500, 78200, 26900, 130400, 398900, 26400, 405100, 34000, 631300, 168200, 263700, 18300, 24900, 392700, 231500, 191700, 78200, 186400, 240100, 116600, 303500, 20700, 423200, 613900, 519500, 18100, 39400]
T2 = [725900, 464300, 146200, 509200, 85300, 163000, 465000, 300800, 561400, 2829800, 248900, 889700, 31600, 241600, 181300, 184800, 386300, 271800, 1523800, 7500, 657200, 265500, 35400, 755800, 19400, 86500, 497100, 831300, 170300, 100700]

id 31
F = [5, 2, 2, 1, 14, 5, 3, 3, 7, 8, 28, 18, 5, 13, 3, 5, 2, 20, 4, 6, 11, 1, 57, 1, 2, 8, 9, 12, 5, 1]
F2 = [78, 61, 16, 13, 11, 61, 6, 15, 69, 40, 3, 28, 60, 251, 40, 53, 11, 2, 12, 132, 58, 132, 10, 61, 9, 31, 73, 16, 58, 8]
T = [128500, 31100, 35400, 21600, 208700, 97000, 44200, 51700, 302100, 132900, 238600, 311100, 52400, 149900, 34600, 74900, 19000, 300000, 53100, 78900, 199700, 19000, 694300, 22400, 38400, 98800, 112800, 123600, 50500, 41500]
T2 = [585700, 440100, 85900, 74800, 81800, 353800, 27100, 92300, 416900, 223000, 16900, 192200, 315600, 1399100, 306400, 306700, 98900, 13200, 67300, 1074200, 1922400, 765500, 99400, 292100, 62800, 200100, 453300, 136000, 515600, 45900]

id 32
F = [3, 3, 22, 8, 12, 45, 27, 12, 4, 12, 6, 68, 4, 10, 14, 1, 12, 17, 40, 1, 7, 12, 11, 6, 2, 10, 11, 7, 5, 6]
F2 = [96, 7, 45, 12, 28, 177, 36, 3, 37, 21, 88, 4, 4, 23, 1, 49, 128, 128, 10, 10, 90, 83, 72, 38, 53, 74, 19, 62, 16, 45]
T = [66100, 41300, 235900, 131200, 284300, 821000, 347100, 151300, 77600, 194800, 105100, 720800, 42000, 142200, 150500, 13800, 94100, 196000, 557100, 27600, 72900, 174700, 148000, 67400, 61300, 131500, 102800, 83100, 67800, 83200]
T2 = [852200, 75000, 238600, 66500, 248800, 1236100, 253900, 15300, 200500, 151400, 488500, 23300, 37000, 133500, 7200, 306000, 766500, 859900, 45700, 60300, 571800, 575900, 425000, 238700, 363500, 508300, 153500, 395000, 131200, 220200]

id 33
F = [4, 2, 23, 6, 29, 14, 16, 2, 4, 41, 29, 3, 3, 12, 1, 1, 29, 7, 2, 3, 4, 12, 5, 13, 6, 17, 48, 17, 13, 6]
F2 = [18, 23, 1, 12, 18, 41, 48, 2, 40, 12, 14, 4, 6, 4, 29, 35, 178, 8, 14, 120, 8, 2, 5, 8, 124, 32, 288, 92, 26, 96]
T = [45700, 63400, 248400, 103500, 291600, 154400, 214800, 31700, 49100, 530600, 385600, 36200, 39500, 134100, 44400, 25000, 385000, 128800, 31200, 29700, 44000, 118600, 56100, 227100, 108600, 328400, 774000, 217400, 242600, 134400]
T2 = [120600, 151600, 7400, 79000, 90400, 275900, 252900, 12700, 315700, 50300, 75800, 19800, 27300, 18200, 159900, 232800, 956900, 81200, 60900, 652400, 50800, 11600, 36000, 44200, 734900, 200300, 2162200, 517000, 185700, 504600]

id 34
F = [16, 1, 40, 42, 1, 6, 1, 24, 11, 67, 9, 3, 1, 4, 1, 24, 16, 6, 16, 1, 4, 11, 5, 79, 3, 2, 5, 2, 12, 11]
F2 = [30, 76, 5, 16, 21, 35, 34, 21, 45, 91, 87, 7, 23, 26, 44, 25, 9, 109, 58, 130, 27, 272, 121, 1, 83, 79, 19, 20, 35, 27]
T = [305500, 31200, 858900, 525700, 17200, 47900, 17000, 331600, 124500, 798600, 109400, 49500, 12400, 75900, 24300, 457000, 183200, 76100, 179000, 10200, 63800, 149400, 63200, 848800, 47600, 40400, 62700, 38000, 117100, 272600]
T2 = [172900, 668800, 24500, 100600, 145100, 255600, 280200, 122100, 183300, 503700, 487200, 33400, 116900, 194400, 280900, 103800, 38900, 655200, 443000, 664900, 128200, 2030800, 676900, 7800, 451200, 770700, 133200, 147800, 234300, 141200]

id 35
F = [31, 9, 5, 9, 6, 5, 5, 5, 2, 6, 48, 19, 22, 1, 31, 3, 18, 2, 2, 7, 28, 5, 37, 4, 7, 1, 7, 2, 10, 4]
F2 = [6, 119, 49, 22, 72, 32, 132, 11, 16, 41, 87, 148, 104, 25, 39, 23, 71, 14, 23, 26, 51, 39, 22, 255, 17, 29, 9, 50, 10, 48]
T = [331500, 121500, 68400, 121800, 64500, 106300, 49500, 124800, 36500, 98600, 600600, 163800, 266600, 20600, 405200, 35300, 245300, 41200, 28300, 164300, 302700, 99700, 599900, 92000, 83300, 21700, 91900, 40700, 95000, 64400]
T2 = [26600, 745900, 452500, 145200, 481000, 145200, 869700, 66900, 84200, 305300, 554900, 943800, 724100, 193900, 338600, 182500, 379400, 99700, 138300, 162700, 294500, 231000, 138000, 1912900, 250500, 155100, 43200, 445300, 55600, 316500]

id 36
F = [10, 21, 19, 1, 17, 11, 11, 5, 7, 16, 5, 31, 12, 8, 39, 1, 34, 1, 2, 6, 20, 37, 15, 4, 19, 7, 16, 8, 15, 2]
F2 = [8, 3, 94, 39, 67, 9, 88, 1, 43, 40, 46, 21, 5, 58, 35, 95, 23, 52, 13, 120, 45, 54, 97, 4, 24, 6, 134, 76, 85, 51]
T = [133700, 298100, 215600, 25100, 182300, 111200, 113800, 65100, 61300, 217600, 80300, 371000, 285300, 78500, 541600, 21400, 343200, 26600, 38500, 69600, 241900, 528100, 300700, 36000, 243500, 147300, 143100, 73600, 162200, 33800]
T2 = [67300, 32600, 802900, 206400, 360700, 54100, 740600, 7000, 226200, 325300, 285600, 103500, 36700, 412900, 284000, 585000, 117100, 273300, 135900, 607200, 555000, 291500, 767600, 18100, 113800, 57800, 736000, 480700, 595100, 305200]

id 37
F = [3, 10, 7, 6, 68, 7, 38, 32, 2, 7, 1, 12, 11, 17, 1, 8, 5, 40, 10, 10, 2, 6, 3, 10, 2, 15, 6, 7, 23, 12]
F2 = [40, 4, 9, 53, 18, 34, 14, 90, 22, 14, 3, 46, 6, 127, 20, 3, 31, 8, 117, 85, 110, 52, 91, 60, 35, 14, 25, 8, 28, 6]
T = [65600, 118200, 98500, 73800, 836500, 162100, 502200, 354900, 27800, 103800, 24400, 272200, 117300, 187100, 46200, 86400, 54400, 416300, 97200, 140400, 35100, 167800, 88100, 131900, 29500, 248500, 80300, 135600, 297500, 131100]
T2 = [296900, 19700, 74300, 257800, 139300, 168600, 90000, 678600, 183200, 92800, 25700, 405500, 27300, 801700, 155500, 24000, 183600, 35100, 720800, 401700, 687400, 336900, 616100, 318600, 346900, 64100, 204000, 75900, 136700, 27100]

id 38
F = [2, 5, 2, 9, 1, 7, 7, 1, 28, 21, 5, 8, 44, 21, 16, 59, 12, 1, 13, 3, 2, 31, 18, 9, 1, 29, 4, 5, 1, 20]
F2 = [82, 66, 23, 15, 24, 46, 61, 23, 1, 18, 16, 24, 55, 57, 35, 32, 44, 8, 26, 47, 65, 70, 22, 79, 14, 51, 36, 67, 26, 18]
T = [31700, 61300, 71000, 136300, 24800, 65700, 83700, 20400, 321900, 250500, 81400, 123000, 583000, 266500, 236200, 815800, 162300, 22100, 307800, 34300, 29000, 358700, 208900, 96700, 29800, 315000, 62400, 131500, 20100, 263100]
T2 = [425700, 611900, 225700, 67400, 183700, 313900, 431500, 168500, 9300, 101400, 122800, 148000, 302700, 407500, 294700, 204900, 258900, 50000, 164600, 280000, 348900, 425700, 178600, 448100, 100100, 345500, 245900, 363600, 155000, 87100]

id 39
F = [5, 5, 11, 10, 3, 32, 3, 15, 10, 35, 10, 11, 9, 21, 25, 4, 10, 16, 2, 5, 1, 31, 28, 27, 16, 16, 3, 22, 12, 5]
F2 = [27, 183, 75, 16, 112, 4, 5, 17, 115, 56, 9, 42, 24, 8, 21, 184, 1, 4, 14, 16, 120, 59, 15, 143, 29, 12, 48, 38, 2, 12]
T = [61800, 118600, 139500, 135500, 70200, 444100, 29600, 186200, 129200, 2935100, 206500, 98800, 153300, 385300, 224500, 47100, 153200, 231300, 18900, 90900, 19300, 349400, 348900, 683800, 220700, 143900, 39700, 223000, 169800, 65700]
T2 = [145800, 1027100, 599100, 69300, 628400, 23700, 30800, 175300, 756600, 242600, 107700, 226300, 167400, 56300, 150500, 1033400, 7600, 18400, 102600, 100300, 637800, 367500, 135200, 914200, 224100, 52000, 274300, 284500, 19800, 93400]

id 40
F = [5, 23, 4, 2, 4, 36, 13, 1, 3, 29, 6, 15, 1, 9, 32, 16, 12, 10, 3, 9, 5, 9, 15, 33, 3, 7, 2, 35, 3, 2]
F2 = [6, 87, 40, 90, 31, 11, 3, 5, 119, 16, 35, 120, 21, 86, 9, 34, 5, 166, 21, 134, 63, 92, 4, 30, 4, 22, 54, 30, 31, 50]
T = [67400, 296200, 73800, 40800, 48500, 588900, 128400, 23200, 44000, 355300, 109300, 204700, 17300, 186000, 286400, 133700, 185000, 92300, 47800, 126000, 55800, 111000, 228400, 546700, 104000, 142600, 74900, 454300, 38300, 56100]
T2 = [51900, 789500, 257800, 438800, 240300, 47200, 15100, 33100, 755600, 86900, 309400, 686500, 109300, 502900, 33100, 198300, 24000, 901000, 157300, 676800, 426500, 507600, 19800, 232300, 43100, 166700, 426700, 215600, 225100, 402800]

id 41
F = [1, 5, 19, 5, 2, 1, 9, 18, 9, 22, 1, 4, 9, 5, 3, 2, 4, 23, 30, 4, 5, 5, 3, 11, 6, 35, 1, 26, 9, 22]
F2 = [170, 85, 30, 58, 69, 16, 11, 28, 38, 77, 98, 128, 53, 16, 30, 136, 34, 13, 11, 15, 71, 4, 101, 32, 25, 117, 47, 38, 107, 102]
T = [22200, 62300, 352600, 69500, 30200, 20400, 94000, 273200, 151700, 376900, 21600, 53300, 169200, 39100, 60200, 25200, 71300, 251700, 362700, 53900, 46300, 64000, 117200, 123500, 75400, 405900, 24500, 288700, 155300, 341900]
T2 = [1182700, 564700, 179600, 485400, 433400, 101300, 53700, 209900, 456600, 439800, 682000, 982300, 295500, 99000, 200200, 908600, 173300, 70300, 98900, 79700, 507000, 28000, 713000, 159400, 133800, 799100, 396800, 318200, 555500, 951100]

id 42
F = [2, 2, 21, 17, 7, 7, 24, 9, 4, 7, 4, 6, 3, 1, 2, 2, 1, 11, 1, 6, 15, 13, 12, 7, 23, 11, 7, 1, 22, 6]
F2 = [4, 20, 75, 170, 6, 74, 9, 143, 68, 40, 1, 5, 8, 54, 2, 25, 18, 30, 145, 27, 35, 206, 184, 109, 46, 12, 4, 43, 28, 3]
T = [34200, 175400, 286500, 246100, 64900, 84500, 271600, 125600, 76000, 85100, 108500, 89500, 76800, 18700, 34900, 38200, 28400, 149200, 25900, 85000, 246500, 191600, 158100, 224600, 460500, 127500, 159100, 33600, 292500, 311500]
T2 = [18900, 151000, 486500, 1270700, 49800, 418800, 51100, 689700, 420100, 185500, 9700, 36000, 72000, 335500, 15500, 174000, 195800, 220800, 969400, 186200, 266900, 2317600, 1425500, 1001700, 870500, 93400, 93200, 523100, 132200, 19000]

id 43
F = [2, 19, 10, 5, 4, 1, 20, 4, 4, 10, 12, 1, 18, 8, 8, 1, 1, 51, 1, 11, 12, 3, 1, 7, 1, 34, 6, 9, 6, 13]
F2 = [22, 50, 43, 23, 9, 94, 24, 21, 63, 12, 56, 17, 74, 10, 188, 69, 2, 26, 14, 5, 109, 51, 69, 2, 26, 14, 56, 4, 3, 126]
T = [53400, 222300, 178300, 75600, 260000, 23500, 259600, 60500, 49100, 114200, 165000, 19000, 152500, 141900, 129700, 18500, 21000, 622800, 20400, 117200, 138100, 43200, 18900, 68900, 17500, 382500, 80700, 259100, 99300, 168200]
T2 = [136700, 296900, 356200, 176200, 83200, 556300, 136800, 128700, 366800, 61500, 396100, 132400, 422100, 47900, 1148200, 536200, 16000, 148700, 98500, 36400, 692600, 330400, 435400, 11100, 179300, 64300, 378000, 20500, 16100, 1087000]

id 44
F = [20, 2, 4, 6, 15, 20, 10, 1, 23, 9, 60, 2, 9, 21, 4, 15, 2, 26, 34, 6, 19, 3, 4, 28, 3, 6, 16, 2, 11, 34]
F2 = [44, 49, 37, 30, 12, 18, 17, 32, 5, 7, 30, 19, 59, 5, 4, 28, 104, 2, 16, 14, 155, 35, 24, 66, 23, 10, 27, 62, 12, 161]
T = [415000, 31100, 42000, 59900, 251300, 154400, 134400, 19200, 322800, 129000, 977100, 27000, 100500, 417700, 54400, 176900, 33400, 246400, 547500, 124400, 256000, 38700, 43200, 441800, 95800, 112500, 337600, 65400, 192900, 364400]
T2 = [377300, 276900, 252700, 161100, 50000, 78200, 120600, 1714600, 43500, 33900, 234000, 177200, 327700, 32900, 30600, 140100, 664700, 33900, 67200, 69200, 921900, 198300, 202200, 324700, 157800, 43900, 172400, 377800, 65100, 826800]

id 45
F = [8, 6, 16, 15, 1, 22, 16, 10, 67, 2, 2, 24, 26, 33, 19, 8, 3, 11, 5, 15, 3, 1, 8, 9, 9, 7, 19, 1, 26, 4]
F2 = [309, 12, 185, 61, 9, 80, 23, 5, 86, 21, 40, 39, 53, 8, 21, 37, 10, 23, 68, 4, 11, 33, 34, 73, 76, 20, 24, 144, 30, 2]
T = [109800, 67400, 283200, 174800, 44500, 274200, 171800, 101600, 921100, 30000, 45500, 252000, 461300, 328200, 371800, 128700, 45400, 137100, 45800, 235600, 55600, 21500, 61600, 194400, 215200, 82700, 250800, 31000, 315700, 118200]
T2 = [1708600, 49800, 1108000, 403400, 71600, 592300, 185300, 48800, 464500, 125500, 363200, 217900, 358900, 72100, 117300, 266900, 71500, 133400, 452300, 23100, 63200, 171600, 259300, 544400, 506400, 112700, 171600, 906600, 236200, 17800]

id 46
F = [3, 6, 30, 6, 2, 10, 3, 5, 1, 14, 2, 23, 3, 33, 7, 19, 25, 16, 5, 10, 8, 9, 35, 7, 4, 9, 26, 5, 2, 14]
F2 = [48, 2, 22, 13, 18, 69, 74, 8, 47, 7, 17, 70, 66, 72, 101, 24, 47, 214, 86, 7, 64, 125, 4, 41, 9, 21, 8, 2, 8, 27]
T = [43500, 100100, 298900, 74300, 30600, 147000, 47800, 91100, 13700, 169500, 32100, 257300, 73300, 445700, 55700, 253100, 430900, 198800, 83500, 130300, 163000, 144400, 454400, 93400, 84900, 112900, 225300, 117300, 34500, 269800]
T2 = [326200, 15900, 122000, 58100, 130800, 590400, 442600, 47200, 344300, 42800, 92300, 487400, 786800, 470900, 755000, 102000, 247100, 1277600, 531800, 68300, 540500, 833700, 18600, 214200, 61500, 137500, 34500, 14000, 50700, 139900]

id 47
F = [16, 13, 100, 2, 3, 4, 5, 8, 23, 12, 19, 17, 1, 8, 3, 8, 10, 25, 21, 2, 21, 23, 24, 1, 6, 1, 2, 3, 10, 1]
F2 = [28, 37, 17, 51, 72, 6, 53, 16, 79, 104, 109, 64, 300, 5, 82, 14, 43, 2, 7, 16, 20, 34, 109, 36, 42, 47, 22, 235, 66, 54]
T = [441200, 183500, 1269500, 43300, 123600, 61900, 74900, 118300, 282900, 113200, 191100, 177100, 23500, 82300, 45600, 66200, 159800, 258300, 268700, 25400, 291500, 373400, 231400, 29600, 69400, 26000, 36700, 40500, 109900, 38300]
T2 = [135500, 196900, 108400, 502300, 630800, 64100, 371500, 91400, 463000, 621800, 572300, 376500, 2241500, 22600, 569500, 85600, 291800, 11800, 30900, 89200, 106700, 197100, 535200, 200700, 265500, 250500, 111700, 1610300, 371100, 339200]

id 48
F = [10, 7, 13, 6, 120, 35, 19, 4, 1, 31, 5, 6, 14, 37, 9, 8, 10, 10, 9, 14, 11, 15, 3, 4, 23, 7, 5, 38, 15, 1]
F2 = [13, 30, 83, 34, 19, 33, 25, 7, 7, 148, 18, 76, 29, 82, 23, 42, 131, 93, 125, 88, 45, 102, 24, 38, 20, 15, 54, 10, 5, 29]
T = [183600, 88800, 164400, 88200, 1460700, 560000, 230200, 46800, 20700, 491500, 71600, 132700, 132200, 435200, 111300, 121800, 108200, 152200, 105700, 234500, 142200, 174200, 41200, 59800, 291400, 89300, 83200, 601000, 273900, 25100]
T2 = [88500, 170500, 557700, 153200, 139800, 162500, 139400, 36700, 62900, 1249500, 83200, 513700, 130500, 414500, 150600, 297500, 797300, 488500, 661800, 553200, 280700, 498100, 180900, 223400, 115700, 96200, 338100, 95400, 43800, 148900]

id 49
F = [5, 33, 8, 16, 5, 1, 3, 8, 10, 37, 5, 13, 8, 11, 4, 2, 70, 23, 7, 1, 4, 5, 4, 2, 7, 4, 6, 5, 11, 11]
F2 = [73, 18, 10, 18, 26, 77, 29, 13, 48, 32, 15, 53, 5, 18, 8, 208, 61, 39, 48, 94, 13, 28, 5, 74, 24, 250, 11, 76, 15, 58]
T = [60500, 383500, 77300, 190000, 176200, 35100, 190900, 101100, 104500, 472900, 159000, 254100, 140100, 141700, 118700, 39900, 747100, 317300, 107500, 19800, 57600, 98300, 37000, 62900, 90300, 48800, 56300, 77700, 148600, 139800]
T2 = [454800, 108100, 63700, 169500, 176600, 392600, 189500, 61700, 275700, 188400, 152700, 303200, 34100, 138800, 38100, 1197900, 333500, 278500, 255500, 533500, 66700, 168800, 22400, 409400, 132900, 1507100, 68300, 416100, 151800, 408300]

