id 0
F = [10, 6, 5, 1, 30, 7, 25, 16, 4, 5, 2, 38, 33, 6, 4, 9, 1, 18, 24, 6, 5, 4, 3, 1, 7, 1, 11, 26, 14, 23]
F2 = [2, 12, 23, 17, 6, 36, 43, 42, 161, 24, 108, 25, 35, 117, 67, 38, 18, 5, 8, 11, 124, 73, 33, 8, 14, 97, 31, 34, 33, 46]
T = [1510800, 1919200, 924600, 124400, 3221000, 565900, 2526700, 1101700, 233200, 300700, 54300, 1090300, 688400, 152900, 127000, 200300, 60200, 703700, 450600, 123500, 379600, 1063200, 283500, 50100, 221200, 28900, 197100, 441300, 285200, 545400]
T2 = [1443900, 797400, 1762000, 1071500, 302900, 2062700, 1916400, 1003900, 2757500, 401300, 1650500, 414100, 316700, 1172200, 523700, 216000, 162500, 42500, 100000, 91900, 1564200, 1218000, 451300, 263900, 127800, 664800, 232700, 242600, 378000, 423800]

id 1
F = [19, 1, 1, 5, 34, 38, 19, 9, 5, 2, 57, 2, 7, 35, 56, 9, 34, 3, 26, 11, 12, 8, 4, 1, 17, 25, 2, 18, 10, 5]
F2 = [71, 30, 32, 31, 17, 69, 75, 32, 38, 84, 140, 88, 110, 29, 1, 209, 116, 46, 29, 8, 48, 9, 97, 28, 53, 15, 1, 47, 60, 7]
T = [579500, 72500, 53000, 171100, 688600, 784700, 514500, 383900, 205700, 78100, 1105300, 160800, 113900, 880300, 702500, 143000, 551600, 93200, 1228700, 106400, 106500, 157800, 80400, 25100, 245400, 658400, 38600, 245200, 185900, 93300]
T2 = [560400, 367100, 374700, 332700, 246000, 918500, 966700, 317600, 360400, 2235500, 1946300, 787800, 841600, 265600, 9400, 1212100, 975000, 348000, 207900, 30300, 188000, 70800, 421400, 100300, 239500, 142500, 4400, 195600, 178400, 39100]

id 2
F = [33, 12, 3, 8, 2, 3, 59, 1, 12, 30, 3, 29, 4, 27, 2, 12, 14, 27, 39, 10, 14, 6, 1, 4, 1, 11, 15, 2, 4, 16]
F2 = [22, 6, 128, 54, 14, 28, 111, 30, 63, 135, 190, 120, 43, 2, 33, 1, 96, 131, 3, 40, 144, 23, 25, 22, 60, 2, 70, 10, 49, 29]
T = [305700, 115800, 52800, 85300, 37100, 56400, 470700, 25700, 195500, 282000, 50000, 296300, 149300, 953200, 40100, 142900, 134300, 215100, 388300, 72800, 113100, 150900, 26500, 39500, 17000, 372900, 80500, 36300, 67400, 113000]
T2 = [111000, 19000, 506800, 223800, 54400, 219600, 483000, 112200, 260400, 581700, 874700, 441200, 378700, 11000, 106900, 4800, 326100, 540100, 15200, 117700, 601400, 64000, 154900, 98200, 169800, 7300, 175300, 32000, 253300, 93900]

id 3
F = [1, 10, 22, 4, 17, 7, 3, 11, 29, 6, 6, 33, 12, 14, 3, 1, 16, 15, 21, 11, 9, 2, 29, 13, 1, 17, 17, 19, 3, 4]
F2 = [51, 96, 71, 70, 2, 31, 82, 106, 22, 36, 44, 9, 84, 44, 177, 6, 69, 10, 28, 65, 49, 101, 16, 3, 19, 177, 65, 15, 15, 19]
T = [26800, 201700, 280300, 58300, 114600, 63100, 56400, 68900, 136800, 44000, 73000, 315600, 111500, 108300, 29500, 29200, 96900, 167900, 119800, 107600, 98200, 23500, 207200, 140400, 33600, 116100, 94300, 155900, 39400, 38400]
T2 = [149000, 343500, 657000, 324300, 13400, 106200, 264400, 240900, 60300, 122300, 2047200, 24900, 271500, 145100, 450700, 21300, 164400, 58000, 84200, 132600, 270400, 364100, 45300, 8100, 72400, 575800, 193800, 56000, 44500, 75900]

id 4
F = [20, 2, 1, 4, 2, 14, 2, 2, 11, 12, 1, 10, 8, 7, 33, 7, 10, 7, 1, 14, 16, 7, 1, 8, 29, 19, 14, 3, 24, 29]
F2 = [22, 24, 24, 174, 184, 207, 49, 70, 3, 76, 36, 66, 157, 50, 1, 37, 24, 111, 45, 56, 6, 43, 10, 55, 24, 45, 9, 134, 23, 22]
T = [146800, 51700, 87100, 41300, 30600, 162200, 53700, 36000, 148600, 87700, 23400, 83600, 118200, 65700, 337500, 84800, 71500, 73500, 25600, 94400, 144300, 62100, 24600, 57400, 246900, 110000, 94000, 32600, 160100, 259600]
T2 = [53200, 81000, 108700, 722700, 765300, 808200, 186800, 232100, 11600, 289600, 192000, 242200, 481300, 234800, 5800, 169000, 90600, 451900, 211300, 255100, 33600, 153600, 42900, 164100, 99900, 96800, 54400, 528800, 47000, 96600]

id 5
F = [5, 7, 3, 2, 8, 8, 1, 6, 14, 11, 30, 2, 10, 13, 9, 5, 1, 11, 5, 2, 12, 31, 7, 4, 1, 6, 21, 11, 6, 8]
F2 = [57, 8, 78, 32, 43, 235, 55, 18, 31, 12, 62, 3, 26, 22, 3, 16, 65, 114, 33, 7, 54, 9, 7, 57, 37, 13, 115, 43, 65, 11]
T = [44900, 95800, 27000, 81600, 89200, 49100, 22600, 91700, 109000, 81500, 153300, 37900, 78000, 87100, 44700, 34100, 14900, 57400, 33800, 27200, 104200, 227100, 34600, 78800, 24300, 90000, 204900, 312400, 103000, 88100]
T2 = [192300, 24100, 1976600, 129500, 118200, 468600, 231000, 43900, 121300, 120500, 161000, 8300, 66400, 63000, 6600, 28400, 159700, 257900, 76100, 63100, 109800, 28500, 19500, 374100, 107800, 44800, 2484300, 185400, 264700, 39000]

id 6
F = [29, 6, 4, 3, 37, 27, 2, 5, 2, 13, 2, 17, 4, 15, 1, 9, 6, 17, 24, 4, 2, 23, 6, 6, 15, 1, 10, 8, 50, 15]
F2 = [31, 6, 28, 61, 22, 177, 171, 21, 30, 166, 40, 38, 51, 96, 4, 95, 10, 39, 22, 49, 22, 47, 10, 46, 63, 57, 2, 9, 42, 14]
T = [304200, 88000, 52500, 41600, 279700, 152900, 35600, 59800, 23500, 143500, 28200, 115900, 35900, 62100, 21700, 45800, 135000, 193400, 234600, 57900, 19900, 133500, 94600, 79100, 89600, 21600, 100000, 46000, 334500, 112400]
T2 = [116400, 26300, 82800, 195500, 71800, 547800, 812200, 133500, 60500, 1141800, 142700, 89200, 138700, 195600, 17000, 219100, 80100, 217300, 77900, 185400, 65800, 94500, 45000, 240400, 187700, 214400, 4900, 16500, 140700, 24600]

id 7
F = [13, 5, 12, 4, 2, 19, 32, 32, 11, 7, 32, 13, 22, 6, 9, 7, 14, 4, 34, 5, 28, 19, 21, 7, 4, 10, 9, 10, 21, 2]
F2 = [16, 50, 162, 102, 14, 115, 17, 132, 21, 56, 132, 21, 7, 17, 33, 54, 35, 5, 46, 60, 5, 148, 49, 77, 9, 73, 3, 107, 7, 2]
T = [83100, 26500, 89200, 66500, 21400, 63100, 220700, 130000, 107400, 48200, 164600, 73200, 216800, 31700, 107400, 42000, 80600, 67600, 146100, 29500, 110300, 123300, 100400, 56100, 63900, 109900, 41200, 68400, 107700, 23600]
T2 = [34800, 171800, 367400, 271300, 35300, 352500, 63700, 345500, 49500, 128200, 380400, 68100, 20200, 52800, 92700, 104900, 103400, 15900, 172200, 154200, 9800, 307600, 98100, 279400, 24000, 189100, 6400, 244400, 12200, 5000]

id 8
F = [35, 2, 4, 12, 3, 9, 63, 12, 6, 11, 1, 4, 1, 52, 10, 26, 3, 2, 15, 35, 1, 46, 38, 1, 18, 14, 1, 11, 3, 9]
F2 = [20, 24, 57, 155, 28, 18, 53, 33, 11, 110, 81, 40, 4, 94, 29, 100, 40, 61, 11, 18, 45, 13, 4, 26, 44, 12, 14, 179, 117, 78]
T = [242700, 30700, 79700, 74800, 39900, 41500, 329900, 93200, 187200, 122000, 64500, 64700, 45800, 522300, 46100, 411600, 68200, 37800, 72700, 118900, 22900, 266900, 179900, 38900, 129400, 207900, 25700, 131400, 50600, 256000]
T2 = [68600, 69600, 125500, 408200, 58700, 54800, 149100, 116300, 122100, 542200, 493400, 206900, 42600, 623500, 56900, 740900, 124800, 176100, 19500, 48300, 109600, 47700, 7600, 74300, 105000, 50100, 174700, 1199800, 823500, 771600]

id 9
F = [11, 7, 1, 13, 1, 8, 24, 1, 1, 28, 36, 12, 7, 7, 26, 4, 24, 25, 7, 12, 17, 2, 19, 15, 7, 8, 7, 1, 15, 2]
F2 = [166, 27, 129, 55, 41, 26, 6, 33, 78, 60, 40, 4, 8, 15, 9, 5, 2, 3, 130, 47, 81, 57, 31, 78, 47, 48, 32, 44, 56, 86]
T = [151200, 108000, 26700, 205800, 30400, 175600, 455500, 60100, 26500, 249600, 472600, 244600, 116900, 131300, 998400, 99400, 450200, 630100, 83500, 281400, 356700, 38300, 411400, 281100, 115100, 200200, 226300, 26100, 214900, 31700]
T2 = [1379500, 186500, 880400, 445700, 283300, 203700, 54700, 200300, 518400, 441100, 248200, 21500, 61100, 99400, 140700, 44900, 11900, 24600, 793100, 252800, 690500, 359000, 184200, 487900, 316100, 313600, 870700, 302800, 699600, 695400]

id 10
F = [9, 7, 8, 9, 28, 34, 4, 3, 7, 14, 10, 24, 4, 14, 2, 1, 24, 2, 6, 3, 1, 1, 2, 8, 3, 31, 6, 15, 32, 1]
F2 = [22, 19, 15, 13, 99, 60, 29, 31, 47, 178, 78, 31, 16, 67, 18, 58, 3, 60, 16, 9, 91, 82, 48, 15, 67, 88, 89, 3, 53, 38]
T = [128100, 90400, 128600, 159000, 276200, 574300, 63000, 64100, 105700, 205600, 204800, 487700, 94100, 182700, 43400, 25400, 282200, 33300, 82600, 74100, 37100, 26000, 75400, 179400, 73400, 537300, 124700, 242400, 417300, 30200]
T2 = [192300, 154000, 150100, 123100, 541600, 502400, 176600, 208800, 273300, 1092400, 616900, 306500, 106500, 448700, 114100, 326800, 15800, 472700, 108900, 50900, 537300, 467500, 335300, 101100, 427800, 478000, 599500, 16700, 264600, 293300]

id 11
F = [31, 3, 7, 12, 4, 15, 8, 4, 6, 2, 8, 3, 18, 4, 10, 5, 13, 43, 2, 23, 23, 2, 5, 1, 10, 2, 7, 9, 3, 66]
F2 = [37, 19, 19, 24, 81, 82, 49, 8, 58, 75, 151, 45, 19, 16, 1, 131, 23, 73, 27, 29, 67, 20, 3, 82, 21, 29, 16, 34, 5, 30]
T = [290500, 35700, 119800, 155300, 72000, 221500, 122800, 62500, 86200, 44400, 110400, 111500, 423800, 98200, 118200, 100200, 711300, 630300, 43400, 320800, 996900, 63500, 84300, 13200, 125600, 45700, 66800, 106300, 33500, 1871800]
T2 = [275100, 97600, 177900, 94300, 477000, 617300, 678600, 74600, 337600, 564600, 835100, 279100, 180600, 136100, 6500, 849000, 344500, 491200, 177200, 160100, 606400, 284800, 15400, 499500, 89200, 316500, 138500, 230300, 29400, 277500]

id 12
F = [20, 5, 5, 18, 4, 10, 7, 4, 7, 1, 11, 17, 15, 1, 10, 6, 33, 17, 13, 9, 8, 2, 11, 45, 8, 27, 4, 25, 1, 19]
F2 = [31, 7, 124, 68, 5, 338, 18, 16, 95, 23, 91, 75, 91, 9, 54, 42, 71, 8, 3, 18, 27, 62, 51, 15, 33, 3, 39, 10, 27, 98]
T = [373700, 61300, 84200, 331300, 75300, 184300, 82400, 91500, 120700, 19100, 165900, 329500, 258900, 17300, 261800, 196100, 525700, 424900, 123500, 130800, 93000, 37900, 319500, 897300, 98900, 669900, 104100, 284400, 36000, 229300]
T2 = [198300, 91300, 694900, 491100, 24100, 1870400, 74500, 82900, 843500, 192200, 738000, 474900, 943200, 57000, 738800, 619000, 576200, 79600, 12000, 107100, 196900, 574600, 4229500, 70700, 136100, 25300, 269200, 53400, 314100, 638000]

id 13
F = [29, 1, 9, 6, 23, 18, 17, 6, 7, 35, 7, 8, 6, 55, 8, 2, 7, 8, 13, 19, 74, 44, 29, 16, 13, 4, 1, 6, 17, 34]
F2 = [32, 115, 49, 2, 12, 28, 75, 85, 14, 75, 93, 19, 80, 9, 111, 54, 12, 24, 18, 198, 41, 27, 26, 9, 13, 52, 11, 32, 28, 51]
T = [283700, 10800, 95200, 85000, 343400, 534800, 297500, 59200, 74300, 4243600, 77800, 80700, 60100, 596800, 78800, 18300, 71900, 92100, 166600, 283600, 785600, 630400, 340300, 217800, 188900, 47200, 16000, 73800, 154000, 519200]
T2 = [194700, 507700, 191200, 9300, 140200, 173600, 466000, 740000, 82100, 587700, 720700, 174400, 525600, 35300, 613700, 281700, 71800, 105200, 67000, 1453600, 271300, 201300, 121600, 45300, 69400, 313000, 54200, 377700, 179300, 290600]

id 14
F = [4, 13, 9, 29, 7, 14, 3, 24, 35, 4, 1, 7, 4, 4, 1, 1, 14, 1, 21, 15, 5, 3, 20, 3, 14, 8, 11, 78, 3, 3]
F2 = [42, 101, 13, 5, 60, 18, 4, 27, 133, 9, 63, 81, 88, 2, 20, 165, 5, 41, 31, 6, 69, 30, 11, 35, 62, 8, 23, 37, 10, 17]
T = [44400, 134800, 157000, 428200, 122400, 236700, 42700, 367100, 445200, 86100, 41400, 126400, 41200, 53700, 14600, 29300, 173400, 48400, 245500, 140500, 105500, 24400, 237400, 72100, 321800, 134900, 126100, 1861000, 46000, 26500]
T2 = [235800, 513600, 65400, 34400, 296800, 119600, 20200, 137300, 651300, 37100, 448800, 865000, 439700, 10100, 90100, 1020100, 20400, 280300, 143900, 27700, 355400, 184700, 47500, 271200, 828200, 31900, 94300, 479800, 43300, 147700]

id 15
F = [14, 9, 7, 1, 1, 13, 2, 7, 15, 11, 20, 13, 81, 5, 17, 5, 31, 5, 20, 15, 9, 7, 9, 38, 37, 10, 6, 2, 32, 5]
F2 = [5, 34, 62, 188, 79, 78, 54, 28, 3, 135, 66, 57, 73, 10, 80, 38, 61, 83, 1, 82, 177, 19, 9, 76, 33, 8, 16, 38, 16, 41]
T = [269300, 159200, 105100, 20500, 21100, 220400, 32800, 72000, 228700, 348700, 249900, 178100, 1304900, 56500, 208300, 80100, 550100, 60800, 323000, 179800, 112900, 160800, 201400, 542200, 471000, 176400, 130800, 27100, 348400, 61500]
T2 = [29800, 259100, 538000, 1189000, 473900, 558600, 407500, 202700, 17500, 1650300, 471000, 401700, 471600, 69400, 799000, 365400, 390100, 673000, 16200, 536200, 1400800, 146800, 87800, 526000, 546500, 103700, 123900, 246800, 96100, 343500]

id 16
F = [3, 2, 6, 13, 8, 5, 23, 8, 30, 29, 11, 4, 22, 15, 1, 11, 12, 14, 4, 20, 36, 19, 13, 1, 1, 18, 25, 3, 3, 8]
F2 = [25, 71, 33, 215, 41, 24, 7, 51, 44, 81, 7, 10, 82, 176, 35, 64, 43, 59, 45, 59, 26, 195, 105, 49, 22, 37, 85, 31, 18, 35]
T = [50100, 34400, 76500, 114500, 112200, 52700, 270000, 124400, 315800, 254000, 125500, 40000, 257200, 149700, 20400, 126500, 158200, 133300, 73200, 292700, 550500, 257300, 142600, 16200, 17300, 226500, 279200, 60900, 30300, 107000]
T2 = [134200, 525900, 131600, 1060700, 346900, 160800, 28900, 338400, 257500, 474500, 41500, 46700, 380800, 1222700, 237800, 287000, 230600, 226400, 333100, 410800, 162000, 1358900, 585200, 295300, 121200, 219600, 489800, 275100, 84100, 289000]

id 17
F = [3, 8, 9, 4, 23, 8, 4, 36, 8, 1, 37, 5, 18, 2, 35, 18, 9, 2, 6, 2, 28, 9, 2, 12, 20, 22, 2, 8, 38, 21]
F2 = [17, 41, 7, 103, 79, 57, 131, 4, 18, 1, 13, 46, 32, 41, 20, 78, 98, 71, 1, 59, 14, 39, 12, 3, 85, 288, 55, 24, 34, 48]
T = [144900, 136600, 143800, 37100, 232300, 183900, 56700, 375800, 70100, 23100, 448100, 91200, 284500, 24600, 337000, 199200, 84900, 23200, 49600, 25300, 512000, 183000, 20100, 160500, 277200, 324300, 26300, 123300, 402200, 422200]
T2 = [151900, 391900, 45200, 544700, 390000, 670500, 1020600, 17400, 85400, 11000, 65200, 290600, 180300, 219100, 190300, 383600, 613100, 368200, 7000, 291100, 93300, 231600, 57200, 15500, 509300, 2000800, 275200, 119200, 218400, 400500]

id 18
F = [9, 14, 4, 1, 1, 12, 10, 22, 11, 48, 12, 1, 6, 2, 10, 21, 1, 7, 3, 27, 2, 1, 8, 10, 1, 22, 3, 16, 1, 3]
F2 = [28, 10, 77, 22, 8, 21, 129, 52, 59, 105, 75, 42, 42, 24, 11, 81, 34, 27, 21, 15, 134, 28, 34, 18, 81, 30, 10, 6, 74, 166]
T = [92300, 186000, 54700, 15600, 13300, 148200, 178100, 218500, 115300, 687800, 162200, 8800, 51900, 27700, 109300, 280400, 16500, 94300, 69800, 212900, 20200, 14900, 160100, 193100, 28300, 233600, 36000, 195500, 21900, 77700]
T2 = [226000, 56800, 1007800, 99800, 56500, 85900, 869600, 387100, 569200, 1161600, 361700, 291600, 301500, 109700, 81500, 592600, 180200, 111100, 124400, 66900, 764100, 213100, 247400, 88900, 464900, 224700, 109500, 42200, 655300, 915200]

id 19
F = [41, 10, 4, 4, 2, 26, 3, 7, 8, 12, 15, 3, 7, 6, 1, 12, 3, 39, 14, 10, 12, 42, 31, 15, 6, 5, 6, 5, 44, 21]
F2 = [40, 68, 21, 8, 43, 7, 59, 43, 60, 15, 39, 23, 4, 27, 44, 30, 127, 78, 70, 9, 38, 30, 1, 93, 79, 4, 1, 5, 10, 23]
T = [458800, 358700, 97400, 97200, 22800, 494500, 24800, 199200, 100600, 126800, 230700, 33600, 76800, 56000, 28100, 152400, 28000, 631400, 260200, 174500, 134600, 727400, 379000, 247600, 175600, 160100, 103400, 65300, 505300, 171700]
T2 = [199900, 579100, 100600, 49800, 297900, 42100, 392200, 294800, 339800, 108500, 345600, 185800, 24200, 231000, 281700, 180600, 735900, 508500, 559700, 57400, 273600, 127300, 9500, 860300, 562600, 21400, 11000, 31900, 65500, 105600]

id 20
F = [19, 18, 1, 7, 12, 4, 10, 3, 30, 11, 6, 32, 1, 2, 3, 14, 5, 20, 7, 6, 1, 5, 1, 35, 3, 20, 5, 8, 21, 29]
F2 = [53, 56, 24, 4, 53, 90, 46, 223, 47, 10, 6, 39, 19, 2, 42, 11, 38, 1, 2, 63, 7, 106, 42, 262, 17, 30, 27, 6, 17, 71]
T = [244100, 188700, 12500, 104200, 153400, 56100, 209400, 50500, 236800, 166400, 70600, 459600, 18900, 24200, 52400, 120700, 52100, 217200, 139900, 51000, 17800, 42000, 16100, 510700, 100000, 331000, 119900, 132800, 343800, 377000]
T2 = [260600, 327100, 184000, 17900, 344500, 432300, 289000, 1219800, 327200, 39700, 24400, 176300, 116600, 11500, 247200, 71400, 185700, 7000, 10400, 347500, 31900, 571800, 286900, 1753800, 181000, 442400, 206900, 54900, 82500, 468100]

id 21
F = [13, 7, 10, 2, 26, 6, 10, 9, 2, 10, 5, 15, 47, 1, 2, 22, 20, 20, 4, 5, 9, 9, 17, 61, 6, 19, 1, 11, 1, 40]
F2 = [6, 5, 8, 94, 261, 23, 4, 24, 71, 102, 57, 117, 52, 133, 1, 3, 9, 12, 5, 8, 118, 11, 6, 32, 23, 16, 30, 12, 78, 10]
T = [168800, 120700, 178100, 25600, 305000, 47100, 196200, 89500, 52000, 90300, 108400, 189300, 466200, 24900, 30800, 162900, 240100, 184700, 36000, 69900, 97900, 139000, 250000, 754500, 79500, 232900, 17000, 130500, 22400, 446000]
T2 = [27200, 41500, 70600, 475700, 1412300, 293800, 17500, 110400, 469500, 608200, 270700, 1010600, 250000, 711900, 7000, 24400, 55200, 52100, 28900, 46900, 1200500, 43400, 26300, 180300, 106600, 155600, 182700, 64200, 406800, 64300]

id 22
F = [2, 7, 12, 16, 10, 17, 8, 1, 19, 20, 17, 5, 22, 10, 6, 11, 3, 1, 41, 18, 11, 4, 2, 41, 1, 7, 4, 16, 4, 5]
F2 = [13, 3, 8, 14, 106, 88, 23, 151, 2, 42, 22, 165, 130, 6, 46, 55, 40, 26, 33, 92, 9, 96, 58, 13, 27, 61, 37, 29, 55, 16]
T = [25000, 85500, 139900, 217600, 184400, 368400, 134900, 22400, 266000, 146300, 155900, 150000, 243500, 110800, 85100, 215400, 30700, 15900, 515500, 219600, 121200, 112400, 36600, 383000, 15100, 72100, 45200, 191700, 66600, 93500]
T2 = [83200, 13900, 33700, 91900, 2289700, 511100, 90300, 1025100, 10500, 669000, 166400, 928600, 732100, 37100, 275800, 283200, 217400, 162000, 204700, 564400, 40000, 537900, 445300, 57300, 110500, 319300, 177100, 133500, 324700, 128800]

id 23
F = [5, 7, 13, 3, 1, 23, 12, 2, 1, 21, 3, 3, 7, 4, 28, 3, 10, 3, 14, 2, 14, 9, 12, 1, 15, 4, 3, 12, 31, 1]
F2 = [75, 33, 108, 140, 16, 43, 12, 77, 24, 78, 7, 50, 21, 63, 289, 10, 134, 11, 83, 47, 24, 114, 20, 80, 13, 107, 81, 254, 37, 20]
T = [47800, 105800, 188500, 62300, 16800, 296800, 282700, 27000, 16100, 255900, 33000, 30700, 152200, 53700, 375600, 70500, 112300, 62900, 259200, 27000, 271000, 125600, 144400, 11800, 177400, 39600, 83000, 96400, 316200, 13300]
T2 = [433100, 230500, 523800, 762000, 80100, 249000, 178900, 464800, 184800, 424800, 36300, 257700, 131200, 400300, 2033100, 52000, 784000, 79500, 459600, 196100, 97400, 727000, 125000, 480900, 50600, 689600, 555800, 1681400, 224900, 137900]

id 24
F = [27, 15, 36, 9, 2, 14, 18, 1, 3, 6, 7, 5, 2, 2, 2, 2, 4, 7, 10, 25, 16, 19, 32, 6, 33, 21, 8, 1, 9, 4]
F2 = [39, 25, 4, 1, 22, 7, 90, 222, 201, 11, 52, 35, 9, 68, 104, 9, 130, 47, 166, 5, 14, 29, 1, 106, 1, 60, 46, 89, 15, 6]
T = [366600, 219600, 466400, 126900, 16800, 233300, 171300, 15000, 58800, 57400, 126100, 69600, 67400, 31700, 28100, 53400, 38400, 312700, 107500, 415300, 298900, 349200, 509200, 191700, 559000, 331700, 102500, 17200, 131800, 54700]
T2 = [182100, 133900, 18800, 7100, 166000, 28600, 605400, 1324600, 1116600, 50400, 477800, 260100, 36400, 764500, 514700, 44800, 667800, 420800, 887500, 25600, 145900, 220400, 10700, 1147100, 9500, 462800, 265600, 486600, 90700, 29000]

id 25
F = [23, 1, 31, 5, 15, 1, 10, 27, 3, 1, 17, 6, 41, 7, 9, 1, 27, 5, 11, 5, 40, 4, 10, 1, 20, 13, 3, 4, 14, 7]
F2 = [79, 71, 8, 174, 86, 7, 6, 49, 41, 211, 10, 7, 1, 12, 61, 50, 6, 2, 6, 38, 12, 153, 1, 14, 31, 98, 23, 2, 26, 22]
T = [2518600, 17200, 487500, 82000, 216500, 18100, 92700, 382400, 59300, 20800, 183700, 131100, 629500, 161500, 255300, 18800, 501200, 73500, 135700, 76100, 405800, 75500, 165300, 14000, 187800, 210400, 47400, 49700, 219500, 88100]
T2 = [818900, 705900, 48900, 1202000, 517500, 38700, 25400, 272900, 450400, 1262900, 45700, 63100, 18300, 121200, 452800, 498100, 44900, 15600, 27100, 291500, 60000, 878500, 26800, 102400, 137700, 496100, 137200, 13800, 170500, 175100]

id 26
F = [5, 10, 14, 27, 19, 44, 13, 13, 14, 35, 4, 21, 14, 3, 10, 17, 1, 2, 2, 2, 1, 14, 2, 9, 7, 1, 14, 3, 14, 10]
F2 = [83, 11, 10, 9, 8, 14, 68, 60, 21, 14, 38, 12, 140, 3, 46, 25, 1, 34, 5, 65, 12, 60, 35, 10, 5, 8, 2, 71, 173, 86]
T = [52300, 141800, 278400, 495500, 312700, 820100, 274300, 220700, 203600, 519200, 47800, 418000, 173000, 33500, 161000, 248800, 14500, 26400, 26300, 23900, 17500, 117300, 26300, 107700, 60000, 16200, 274000, 31400, 183000, 184200]
T2 = [588800, 66800, 158400, 52000, 43700, 97200, 600800, 494400, 146900, 75900, 251400, 79600, 655800, 22300, 840900, 172700, 10100, 182400, 97400, 385300, 100500, 346900, 228300, 48200, 26700, 51300, 11300, 492200, 1080000, 665900]

id 27
F = [12, 3, 38, 56, 31, 33, 3, 22, 4, 28, 4, 12, 10, 6, 11, 10, 9, 8, 2, 3, 2, 20, 3, 1, 8, 9, 2, 6, 23, 6]
F2 = [88, 17, 1, 171, 13, 7, 9, 53, 3, 73, 18, 21, 207, 62, 39, 49, 8, 88, 30, 19, 75, 64, 66, 64, 87, 52, 13, 26, 27, 3]
T = [112000, 51700, 499400, 1129300, 485800, 638000, 86700, 336200, 117400, 459900, 54900, 117600, 122500, 106300, 164200, 167500, 106100, 91200, 29700, 62900, 31900, 276400, 102500, 15900, 207700, 128400, 52900, 61000, 286100, 106300]
T2 = [546300, 118900, 7200, 1532500, 176000, 134400, 96500, 495400, 20900, 716600, 118400, 112200, 1574200, 384600, 617200, 433100, 62100, 526200, 184900, 133800, 521700, 465800, 851500, 408300, 545900, 484400, 68500, 183600, 196900, 21500]

id 28
F = [1, 12, 11, 3, 14, 29, 3, 25, 7, 24, 2, 5, 6, 24, 3, 3, 4, 14, 9, 24, 5, 32, 6, 35, 1, 1, 19, 10, 10, 6]
F2 = [68, 44, 3, 126, 5, 41, 36, 14, 136, 61, 38, 48, 25, 25, 7, 87, 14, 57, 76, 12, 51, 3, 55, 17, 5, 15, 4, 120, 16, 143]
T = [38000, 147600, 157000, 32900, 168300, 570000, 66000, 321100, 68800, 389200, 36600, 72200, 81500, 455300, 48600, 48800, 32200, 125900, 179500, 305100, 46900, 339300, 69500, 299800, 23300, 14000, 140800, 138000, 129700, 82700]
T2 = [539800, 263100, 18000, 769600, 46700, 585500, 274500, 67900, 943500, 369100, 182400, 363500, 130200, 137800, 40500, 682400, 51300, 346600, 463400, 78400, 310300, 12100, 241200, 98600, 52300, 88700, 16100, 465800, 77200, 883200]

id 29
F = [9, 11, 20, 6, 2, 13, 6, 1, 19, 2, 15, 2, 4, 35, 4, 1, 15, 17, 13, 7, 1, 25, 1, 26, 3, 36, 52, 12, 57, 6]
F2 = [19, 38, 24, 236, 9, 56, 32, 178, 41, 6, 41, 70, 10, 102, 46, 33, 55, 46, 78, 90, 4, 41, 3, 51, 57, 78, 21, 5, 51, 21]
T = [91000, 193000, 340200, 45700, 26100, 211100, 81000, 16500, 154000, 15400, 157900, 35000, 42600, 533300, 77100, 21100, 155500, 361900, 230800, 80200, 18100, 462400, 20200, 569700, 36200, 512900, 912100, 242000, 1244700, 151800]
T2 = [199800, 329900, 258900, 992200, 47300, 395400, 300000, 834100, 232000, 21700, 289200, 517900, 49300, 596200, 284100, 261300, 380100, 381600, 838900, 559000, 52100, 378500, 28200, 343700, 470500, 556400, 121600, 36500, 419900, 183700]

id 30
F = [5, 16, 15, 4, 6, 38, 10, 10, 4, 8, 4, 23, 7, 14, 1, 5, 5, 6, 1, 3, 2, 12, 9, 14, 23, 11, 3, 14, 28, 27]
F2 = [82, 65, 210, 20, 86, 53, 52, 43, 4, 18, 46, 33, 275, 86, 23, 19, 42, 14, 16, 219, 29, 119, 37, 65, 69, 7, 57, 13, 22, 58]
T = [187400, 284800, 206300, 69500, 107500, 464300, 101500, 102800, 75200, 95500, 67500, 231400, 97100, 132100, 14500, 81900, 52000, 81100, 18500, 56800, 26200, 164300, 143300, 191800, 363600, 181600, 26400, 275000, 247600, 298600]
T2 = [658000, 520000, 1749900, 201300, 603700, 382200, 252300, 215200, 21300, 76200, 294100, 197300, 1354900, 468800, 115100, 99500, 201900, 111500, 149500, 1584100, 134800, 840300, 209700, 478400, 552400, 43000, 1543600, 195100, 144800, 362600]

id 31
F = [2, 6, 11, 1, 3, 3, 1, 19, 4, 6, 11, 1, 24, 12, 11, 6, 13, 9, 2, 2, 14, 7, 4, 9, 11, 7, 1, 27, 3, 9]
F2 = [9, 27, 54, 21, 1, 33, 40, 1, 28, 11, 19, 26, 6, 29, 21, 5, 34, 51, 71, 7, 92, 7, 101, 17, 62, 35, 17, 32, 7, 49]
T = [30500, 125000, 159600, 15200, 61500, 22600, 18600, 404600, 31200, 118400, 206700, 15200, 179200, 102400, 100400, 46700, 119900, 171400, 22700, 20800, 92400, 67700, 27700, 146600, 130500, 39500, 13300, 242800, 22200, 60700]
T2 = [89600, 401400, 373200, 149800, 5900, 108300, 267300, 12200, 87300, 55100, 184500, 73200, 18000, 112200, 78800, 15800, 116000, 169200, 157100, 31500, 435500, 53100, 280600, 68600, 227500, 87700, 37400, 131900, 27800, 155400]

id 32
F = [11, 7, 36, 14, 3, 11, 5, 10, 8, 33, 29, 1, 4, 5, 17, 16, 3, 35, 21, 11, 14, 18, 8, 1, 9, 14, 4, 4, 2, 32]
F2 = [10, 72, 40, 6, 73, 6, 12, 1, 22, 65, 18, 42, 64, 9, 1, 18, 27, 91, 4, 58, 94, 27, 18, 147, 5, 125, 11, 54, 70, 52]
T = [73000, 101400, 281000, 143500, 19800, 94000, 29200, 74400, 34700, 161200, 122000, 9800, 26500, 66600, 118100, 82400, 19100, 176700, 108500, 45700, 50800, 64800, 50900, 3900, 48300, 104100, 61000, 51100, 16900, 146500]
T2 = [38400, 228800, 192400, 24600, 194400, 11700, 39600, 3700, 50700, 130700, 44500, 84200, 144300, 48800, 4700, 47400, 71900, 196800, 7000, 134400, 269200, 51200, 30700, 297400, 9600, 362700, 47500, 182300, 255100, 121200]

id 33
F = [5, 3, 5, 7, 17, 21, 20, 8, 4, 1, 6, 1, 36, 6, 28, 15, 6, 18, 16, 27, 1, 1, 6, 9, 2, 3, 1, 11, 18, 1]
F2 = [62, 130, 231, 27, 9, 76, 65, 104, 103, 71, 27, 35, 13, 19, 3, 108, 11, 8, 9, 20, 172, 29, 5, 23, 12, 36, 15, 8, 115, 23]
T = [49800, 24800, 27400, 65400, 181700, 118600, 107500, 45700, 23600, 13400, 89400, 13400, 225800, 32600, 254700, 82900, 42600, 74000, 88200, 111600, 7100, 21400, 194000, 72700, 22600, 23000, 15300, 52300, 112000, 11100]
T2 = [210600, 405500, 642200, 96900, 30500, 203600, 160100, 429500, 342000, 190400, 86700, 116100, 30800, 61100, 7900, 322000, 24600, 21400, 44300, 49200, 343700, 122900, 18900, 95600, 67400, 95400, 63300, 17400, 290200, 74600]

id 34
F = [2, 7, 26, 10, 26, 26, 2, 3, 1, 14, 51, 2, 13, 3, 12, 13, 6, 2, 16, 14, 2, 17, 19, 5, 19, 8, 15, 11, 2, 6]
F2 = [12, 47, 72, 16, 17, 30, 63, 30, 13, 117, 15, 79, 35, 94, 12, 18, 20, 18, 57, 49, 12, 7, 6, 120, 123, 40, 34, 32, 150, 7]
T = [13100, 81200, 178800, 61000, 158400, 129300, 19000, 16900, 10300, 75800, 222400, 24900, 112900, 27700, 82800, 95600, 72900, 19300, 61800, 44500, 11700, 124200, 109100, 25900, 100400, 96500, 118300, 50700, 11900, 36400]
T2 = [21100, 115600, 234400, 27400, 47300, 56000, 144500, 61100, 42900, 362900, 24600, 267600, 120600, 447000, 46100, 66100, 51100, 61600, 125300, 89200, 34600, 19700, 12400, 267100, 348900, 112900, 150600, 68000, 307800, 40200]

id 35
F = [26, 7, 2, 22, 2, 7, 14, 24, 6, 25, 2, 26, 5, 7, 83, 8, 7, 3, 51, 3, 14, 11, 9, 30, 6, 2, 6, 10, 22, 1]
F2 = [168, 4, 52, 161, 71, 100, 8, 47, 11, 26, 88, 63, 6, 37, 132, 7, 23, 25, 54, 9, 43, 38, 40, 19, 1, 32, 69, 101, 36, 49]
T = [150500, 65000, 18500, 152400, 23900, 78400, 133700, 236400, 42300, 87100, 13700, 118100, 48500, 71900, 613100, 81300, 39000, 44400, 310800, 48700, 52700, 64200, 38100, 174200, 32800, 20400, 34700, 79800, 228300, 13000]
T2 = [367900, 30600, 139800, 468000, 211600, 405800, 24500, 182600, 22300, 49100, 202800, 140800, 21400, 115000, 563900, 16100, 102100, 79400, 148200, 35100, 98200, 99400, 93600, 53300, 3800, 97500, 215300, 383700, 161900, 174200]

id 36
F = [10, 16, 3, 4, 9, 16, 7, 4, 18, 1, 21, 7, 6, 23, 2, 5, 13, 33, 23, 24, 15, 4, 14, 23, 9, 2, 15, 4, 14, 38]
F2 = [5, 142, 5, 62, 1, 20, 6, 66, 23, 26, 7, 46, 26, 204, 74, 9, 2, 19, 2, 130, 35, 20, 86, 44, 56, 36, 19, 47, 28, 15]
T = [49300, 74500, 44300, 31300, 133200, 136300, 28000, 24500, 80500, 6200, 112200, 61900, 57000, 192600, 23600, 40300, 140000, 160700, 110200, 188400, 130400, 44200, 82300, 147700, 56900, 11200, 144700, 37100, 206900, 425700]
T2 = [15700, 394600, 16900, 142000, 5000, 42000, 16900, 164300, 46500, 57200, 19500, 162900, 87200, 775100, 186500, 23900, 6200, 64600, 5300, 448200, 179600, 55200, 349100, 94500, 104200, 75800, 130200, 164600, 138400, 85200]

id 37
F = [5, 5, 10, 4, 2, 5, 8, 10, 2, 14, 21, 11, 18, 13, 7, 2, 26, 12, 3, 11, 24, 3, 2, 16, 3, 29, 4, 13, 14, 2]
F2 = [111, 61, 41, 109, 1, 34, 78, 9, 31, 71, 15, 226, 5, 12, 5, 51, 58, 41, 107, 43, 46, 22, 129, 3, 143, 67, 54, 28, 19, 3]
T = [81700, 49100, 159800, 48200, 22900, 45300, 49000, 95000, 16300, 115700, 190400, 49400, 79100, 72400, 59100, 20400, 155300, 132000, 54900, 76000, 133500, 31800, 7800, 122100, 31100, 218700, 17600, 128800, 114000, 24700]
T2 = [546000, 382700, 203600, 552000, 2200, 168300, 232600, 49800, 93300, 241800, 59100, 559500, 9800, 32100, 23600, 213800, 225000, 132800, 363000, 222500, 121900, 45000, 253300, 6300, 510500, 177800, 134100, 88300, 64800, 11100]

id 38
F = [7, 30, 2, 16, 28, 17, 7, 15, 14, 8, 15, 2, 4, 7, 1, 3, 2, 14, 3, 43, 13, 11, 11, 9, 43, 45, 10, 34, 2, 54]
F2 = [68, 86, 2, 194, 7, 27, 17, 31, 68, 6, 92, 166, 115, 62, 36, 3, 34, 11, 54, 22, 44, 61, 44, 60, 41, 79, 34, 20, 87, 147]
T = [32100, 434300, 13900, 71400, 130400, 96900, 30400, 74800, 139100, 123500, 131500, 14900, 53800, 35000, 25800, 17300, 27400, 74500, 27600, 224300, 59400, 109300, 148300, 44500, 352400, 189000, 81100, 203700, 21900, 265400]
T2 = [222600, 531600, 4600, 549400, 18600, 51300, 33500, 95000, 249000, 25700, 404900, 448900, 406500, 128700, 113800, 7400, 102700, 18700, 155800, 46000, 154200, 177300, 176900, 221300, 133800, 173300, 134700, 79900, 208200, 337000]

id 39
F = [2, 23, 15, 3, 11, 22, 5, 5, 15, 22, 6, 3, 42, 6, 23, 9, 7, 19, 53, 2, 20, 2, 1, 11, 65, 2, 34, 6, 15, 7]
F2 = [3, 34, 37, 9, 151, 2, 59, 78, 70, 40, 62, 87, 12, 64, 42, 92, 39, 4, 53, 34, 119, 27, 106, 6, 123, 27, 2, 55, 22, 11]
T = [37100, 125100, 86500, 10300, 57500, 110400, 29200, 25500, 72700, 65400, 18700, 14500, 200600, 61400, 193200, 66600, 43700, 168100, 470700, 16400, 103600, 25200, 15700, 114600, 366000, 10500, 167100, 44200, 96800, 29300]
T2 = [8400, 158900, 147200, 15200, 430000, 6700, 163300, 176600, 203600, 85400, 137500, 194300, 28400, 185700, 108700, 320000, 127600, 22800, 226600, 87400, 377200, 87300, 267300, 17400, 383100, 96500, 5500, 163300, 59300, 24900]

id 40
F = [4, 17, 20, 14, 2, 3, 5, 24, 2, 26, 44, 2, 26, 17, 2, 8, 41, 12, 2, 4, 21, 14, 16, 17, 7, 13, 3, 14, 10, 30]
F2 = [36, 31, 38, 17, 75, 10, 41, 66, 10, 68, 65, 132, 36, 17, 94, 29, 8, 44, 10, 106, 17, 87, 61, 44, 5, 38, 4, 15, 34, 75]
T = [53900, 88100, 133000, 59900, 9700, 18800, 16200, 131000, 8100, 149400, 278300, 15700, 177600, 86700, 10000, 95200, 190900, 78700, 12100, 18300, 103000, 104100, 79400, 231100, 59000, 168500, 40400, 66500, 35400, 386700]
T2 = [170800, 202700, 59000, 40700, 168700, 21500, 76100, 156200, 28500, 140500, 174800, 337400, 112300, 42400, 222400, 177500, 21500, 91600, 20000, 317000, 58000, 277200, 149800, 256100, 19900, 200200, 22600, 37500, 84900, 461000]

id 41
F = [12, 7, 4, 25, 12, 17, 12, 18, 8, 11, 11, 10, 10, 3, 10, 10, 8, 9, 4, 1, 34, 6, 35, 10, 5, 1, 9, 19, 3, 4]
F2 = [29, 60, 77, 11, 283, 19, 67, 15, 27, 8, 14, 23, 115, 38, 48, 43, 6, 33, 14, 33, 1, 81, 17, 13, 9, 3, 87, 120, 48, 32]
T = [164700, 177400, 34400, 183600, 41800, 112100, 47400, 82700, 42900, 60400, 175900, 123900, 92600, 29400, 45600, 50800, 171700, 146900, 96900, 20800, 134300, 113900, 134800, 56400, 32000, 33800, 53100, 158300, 31400, 34000]
T2 = [218700, 390300, 618500, 36900, 612600, 43700, 144400, 29600, 47800, 27500, 114200, 136400, 523500, 170800, 114000, 73300, 85900, 146100, 79500, 174200, 2800, 295500, 41200, 28200, 22800, 32500, 231500, 411000, 146100, 106100]

id 42
F = [9, 11, 12, 32, 1, 32, 14, 6, 3, 9, 23, 3, 6, 12, 26, 1, 6, 6, 26, 20, 34, 5, 25, 9, 3, 3, 6, 7, 42, 38]
F2 = [20, 23, 1, 2, 66, 26, 45, 53, 75, 42, 114, 80, 24, 75, 15, 4, 215, 76, 52, 19, 131, 8, 20, 47, 6, 40, 162, 70, 76, 150]
T = [81400, 131200, 104600, 199100, 22000, 359700, 193600, 101300, 29000, 177300, 117300, 15500, 53200, 78900, 189200, 16800, 34100, 57100, 311000, 121400, 197100, 33500, 97400, 170500, 40600, 28900, 65400, 127100, 458800, 458600]
T2 = [73500, 108400, 3700, 6300, 163200, 195700, 315700, 450700, 519600, 312600, 301600, 246800, 82400, 245800, 38300, 12700, 616700, 266700, 187200, 49700, 350400, 14400, 36900, 645600, 46500, 105700, 455900, 420800, 437300, 701700]

id 43
F = [4, 18, 5, 24, 3, 1, 21, 12, 2, 8, 16, 8, 20, 56, 21, 4, 5, 11, 41, 9, 12, 11, 3, 15, 8, 2, 7, 6, 1, 3]
F2 = [31, 11, 75, 10, 73, 52, 16, 10, 13, 9, 28, 15, 16, 17, 35, 3, 9, 55, 33, 34, 31, 87, 30, 32, 41, 23, 22, 90, 80, 148]
T = [184300, 131000, 48300, 219300, 32000, 13700, 1328100, 1076900, 51400, 88700, 240800, 78300, 185300, 1393000, 216400, 36800, 34300, 95500, 233000, 83900, 98700, 56200, 23500, 198600, 63800, 18400, 80800, 50000, 10400, 26300]
T2 = [231200, 54100, 544200, 32100, 229300, 344700, 1048800, 72200, 98100, 60000, 153300, 89300, 45800, 113300, 226300, 11100, 16600, 332300, 97800, 120800, 104600, 240500, 104500, 253000, 168400, 68500, 76000, 337200, 258900, 1154400]

id 44
F = [21, 10, 13, 2, 19, 6, 5, 10, 12, 4, 1, 3, 12, 7, 10, 18, 9, 1, 33, 6, 2, 2, 13, 40, 1, 35, 12, 10, 6, 4]
F2 = [4, 75, 59, 53, 4, 20, 58, 28, 110, 135, 14, 52, 35, 119, 22, 95, 26, 45, 7, 2, 2, 84, 99, 3, 53, 103, 12, 80, 27, 31]
T = [155400, 54300, 110800, 16100, 107000, 42600, 35300, 80400, 74300, 28500, 14100, 78600, 120500, 33700, 58000, 106700, 69700, 21700, 234900, 34000, 16800, 12200, 73400, 292600, 23800, 208600, 78300, 44300, 91600, 32000]
T2 = [9500, 262100, 151300, 190300, 11100, 99500, 133400, 122100, 356200, 544000, 34200, 366900, 243700, 284700, 43000, 839500, 74600, 302300, 16200, 5900, 12600, 175200, 264000, 9700, 186900, 374700, 24500, 220600, 72700, 119700]

id 45
F = [11, 23, 29, 31, 20, 22, 24, 16, 21, 1, 1, 10, 25, 13, 4, 2, 35, 5, 20, 6, 25, 13, 3, 13, 11, 6, 2, 18, 6, 16]
F2 = [46, 25, 34, 9, 1, 18, 45, 7, 13, 17, 122, 19, 100, 15, 36, 60, 25, 43, 11, 107, 173, 11, 30, 1, 16, 8, 30, 22, 101, 2]
T = [110300, 192600, 291100, 153200, 192700, 233400, 320000, 97000, 152100, 9500, 7800, 105500, 149800, 176600, 29100, 44200, 232500, 58500, 187500, 30600, 207600, 70300, 19700, 92800, 68100, 47100, 17200, 94300, 96700, 124100]
T2 = [122000, 77600, 116400, 19200, 7400, 92100, 276400, 11100, 43200, 40100, 461400, 84200, 409400, 59600, 85500, 319900, 49900, 139300, 62700, 212300, 547900, 39400, 80000, 4500, 45300, 37300, 111700, 64100, 421100, 7700]

id 46
F = [6, 30, 4, 6, 12, 9, 25, 1, 2, 21, 6, 4, 4, 21, 11, 28, 9, 27, 8, 6, 5, 8, 6, 8, 20, 2, 48, 4, 14, 2]
F2 = [16, 89, 88, 64, 15, 85, 14, 32, 104, 108, 47, 101, 23, 19, 19, 22, 123, 1, 67, 72, 68, 230, 6, 22, 160, 12, 12, 9, 16, 104]
T = [72400, 203300, 24300, 33300, 135400, 89600, 256600, 22500, 22500, 249800, 54300, 23300, 44400, 138900, 136400, 310700, 85200, 225500, 309600, 50300, 41200, 71300, 53100, 80100, 173600, 18500, 458900, 24200, 81300, 27300]
T2 = [105100, 247900, 272500, 192200, 66900, 369800, 45900, 93500, 432900, 457600, 154200, 379200, 151700, 70100, 93500, 159800, 596700, 7000, 211600, 309100, 266200, 1123300, 26600, 73300, 581000, 59500, 41600, 20400, 78500, 404600]

id 47
F = [4, 8, 7, 1, 6, 58, 41, 19, 4, 10, 30, 4, 25, 14, 5, 35, 1, 12, 16, 5, 9, 2, 29, 14, 7, 8, 10, 3, 12, 5]
F2 = [27, 38, 130, 13, 21, 15, 25, 60, 33, 2, 19, 62, 12, 46, 41, 9, 12, 79, 29, 10, 26, 14, 45, 87, 90, 3, 9, 38, 36, 12]
T = [33100, 107600, 101800, 14400, 41800, 416100, 268100, 90400, 37200, 58400, 312600, 39700, 298500, 196600, 75000, 189500, 12200, 105700, 116400, 44800, 46700, 15200, 178000, 110000, 120900, 91800, 99900, 41900, 174300, 36200]
T2 = [68600, 127600, 608800, 34200, 89900, 61700, 61300, 155800, 184000, 5700, 98800, 179600, 61200, 199800, 149500, 22400, 58100, 473700, 101700, 49000, 83400, 37000, 227900, 266300, 496800, 14700, 25700, 217900, 288100, 147900]

id 48
F = [17, 6, 6, 7, 10, 1, 4, 5, 3, 13, 5, 14, 28, 2, 2, 8, 13, 5, 23, 29, 5, 11, 13, 15, 3, 20, 15, 1, 3, 18]
F2 = [16, 96, 81, 35, 109, 3, 124, 4, 19, 83, 42, 64, 82, 152, 60, 14, 118, 59, 10, 13, 7, 79, 56, 39, 8, 17, 19, 22, 113, 174]
T = [118900, 35100, 37300, 55900, 96900, 11600, 23300, 70900, 29800, 167000, 61400, 263500, 263700, 24900, 27100, 60400, 83900, 46100, 139800, 177300, 60100, 185000, 231300, 79000, 37400, 138700, 85800, 12100, 17700, 112800]
T2 = [54500, 333600, 328900, 106900, 467200, 9500, 613900, 21300, 121700, 556600, 128900, 482400, 310000, 865800, 207200, 31300, 333100, 156000, 22700, 37000, 19600, 474500, 227500, 103700, 23800, 39600, 53200, 65400, 309900, 668800]

id 49
F = [22, 4, 12, 12, 10, 11, 4, 5, 37, 11, 1, 18, 4, 31, 7, 7, 1, 32, 9, 24, 1, 3, 5, 24, 16, 10, 13, 1, 8, 25]
F2 = [36, 44, 60, 87, 7, 28, 24, 2, 32, 7, 8, 30, 13, 33, 97, 8, 38, 26, 147, 8, 64, 49, 5, 2, 54, 25, 31, 27, 3, 43]
T = [200000, 31800, 116800, 171100, 114000, 75300, 48200, 43500, 281400, 118200, 11400, 106400, 35600, 320900, 40500, 57000, 18700, 201700, 54600, 160900, 13800, 35300, 35600, 301000, 100900, 90500, 164100, 19700, 54200, 315200]
T2 = [122500, 175200, 321400, 1041600, 27500, 209500, 113200, 10000, 106500, 43700, 25000, 135100, 125900, 148000, 322900, 24500, 189000, 69600, 556700, 25100, 226200, 202700, 14500, 6600, 204800, 173700, 132100, 82000, 9700, 223700]

